data/derived/r_cv_scd_1000.asc
NCOLS 186 
NROWS 74 
XLLCORNER 443300.206538099 
YLLCORNER 4085841.77455235 
CELLSIZE 500 
NODATA_value -9999 
[rows 21 to 41 of 74, columns 0 to 47 of 186]
-9999 -9999 -9999 -9999 -9999 -9999 -9999 -9999 -9999 -9999 -9999 -9999 -9999 -9999 -9999 -9999 -9999 -9999 -9999 -9999 -9999 -9999 -9999 -9999 -9999 -9999 -9999 -9999 -9999 -9999 -9999 -9999 -9999 -9999 -9999 -9999 -9999 -9999 -9999 -9999 -9999 -9999 -9999 -9999 -9999 -9999 -9999 -9999
-9999 -9999 -9999 -9999 -9999 -9999 -9999 -9999 -9999 -9999 -9999 -9999 -9999 -9999 -9999 -9999 -9999 -9999 -9999 -9999 -9999 -9999 -9999 -9999 -9999 -9999 -9999 -9999 -9999 -9999 -9999 -9999 -9999 -9999 -9999 -9999 -9999 -9999 -9999 -9999 -9999 -9999 -9999 -9999 -9999 -9999 -9999 -9999
-9999 -9999 -9999 -9999 -9999 -9999 -9999 -9999 -9999 -9999 -9999 -9999 -9999 -9999 -9999 -9999 -9999 -9999 -9999 -9999 -9999 -9999 -9999 -9999 -9999 -9999 -9999 85.5749783702977 80.2909269583012 58.693500710438 -9999 23.1030725732183 -9999 -9999 -9999 -9999 -9999 -9999 -9999 -9999 -9999 -9999 -9999 -9999 -9999 -9999 -9999 -9999
-9999 -9999 -9999 -9999 -9999 -9999 -9999 -9999 -9999 -9999 -9999 -9999 -9999 -9999 -9999 -9999 -9999 -9999 -9999 -9999 -9999 -9999 -9999 -9999 -9999 -9999 70.0443366933149 66.3091612846796 66.3091612846796 64.3048650163599 45.5866280505795 40.3890667062475 38.3103331221698 -9999 -9999 -9999 -9999 36.973900177585 50.4296477422183 -9999 -9999 -9999 -9999 -9999 -9999 -9999 -9999 -9999
-9999 -9999 -9999 -9999 -9999 -9999 -9999 -9999 -9999 -9999 -9999 -9999 -9999 -9999 -9999 -9999 -1 -9999 -9999 -9999 -9999 -9999 -9999 -9999 -9999 -9999 58.8505277409185 58.0119351115321 60.4967418067351 77.3492468153762 60.4345554551465 47.9669212924743 46.0687666226667 48.9702623601044 47.7627821882734 53.5133632276079 50.7804002719479 35.146921526259 38.8139299801038 50.8971425692057 -9999 -9999 -9999 -9999 59.6141439076848 68.137618411088 57.4679397800556 -9999
-9999 -9999 -9999 -9999 -9999 -9999 -9999 -9999 -9999 -9999 -9999 -9999 -9999 -9999 -1 -9999 -1 -9999 -9999 -9999 -9999 113.086080215301 113.086080215301 113.086080215301 101.678225488359 93.0765698940816 51.709205496712 53.7801793629186 59.6141439076848 76.4601454756257 71.778976837636 78.0202320962943 61.0030123958442 53.4451292944597 44.2989070112702 27.5851965570844 23.0511000443174 28.2417448796308 31.2006198044426 37.0379029556542 -9999 -9999 -9999 -9999 -9999 70.2559423529244 62.702662875064 68.137618411088
-9999 -9999 -9999 -9999 -9999 -9999 -9999 -9999 -9999 -9999 -9999 -9999 -1 -9999 -1 -9999 -1 -9999 -9999 -9999 130.088727117598 103.774904332554 130.088727117598 130.088727117598 85.5749783702977 75.6383093819121 64.1131123368019 65.7383985872015 65.6330123313894 70.7106781186548 73.3799385705343 81.2037251960281 65.8497768216389 53.9370805699217 37.0130677142777 29.8371649165334 17.4901010652721 22.7878605212765 36.3048875103547 39.3311603050326 41.7826910242838 43.6809317679972 -9999 -9999 -9999 56.7640189394113 48.3629002520352 41.5553195630528
-9999 -9999 -9999 -9999 -9999 -9999 -9999 -9999 -9999 -9999 -9999 -1 -1 -1 -1 -1 177.330634257462 -9999 -9999 101.678225488359 110.940039245046 92.376427252579 88.5677961277189 113.086080215301 98.5170190319235 93.0765698940816 77.3492468153762 68.4366223331416 62.0345442419755 72.7952285465558 69.3260628329719 76.9739948078977 61.9804851222701 40.1115782476044 35.7809169990767 30.6809670137836 28.8690512148937 31.3184934090042 31.8282738365928 24.7668483599808 22.4412449241224 24.1716396298051 29.5621207024776 30.8364118496242 -9999 50.946083894054 51.2757908838979 53.1193622708005
-9999 -9999 -9999 -9999 -9999 -9999 -9999 -9999 -9999 -9999 -9999 -1 -1 -1 -1 139.228644267677 139.228644267677 130.088727117598 -9999 112.725094953194 61.4564914143725 31.7547400316029 21.8148210689254 26.8529468917994 19.7487438677556 38.735963055127 53.6657507836424 65.8497768216389 76.2586691162691 76.2586691162691 73.8877642739426 67.3718579354165 51.5641216441393 41.1222109873823 40.2241567214953 41.3576874779285 42.4669345486342 34.4277701195369 24.2012980833386 28.1319415682012 25.5708437429153 18.8299577188136 18.3388967969165 22.9536133155241 -9999 45.5148203110848 54.3368664543624 47.4651243987418
-9999 -9999 -9999 -9999 -9999 -9999 -9999 -9999 -9999 -9999 -1 -1 -1 -1 -1 132.28756555323 127.942294684873 115.558842819778 -9999 91.98662110078 47.5416546501654 25.5476154010634 18.8089295930918 18.9012185690632 17.0162192664277 17.6831318077706 25.2476375328676 31.5886224303185 51.1141234745425 65.1828050709931 67.9366220486757 61.2531114052079 57.2183006118932 48.5567768968725 53.8884026983549 55.021629177948 52.6714085886595 43.807244627137 30.8802827493981 26.5990031436407 26.2895086849458 19.999203099772 20.67050187209 23.1849904202487 20.8445872448101 37.414599742966 45.9674396209447 43.8461517693184
-9999 -9999 -9999 -9999 -9999 -9999 -9999 -9999 -9999 -1 -1 -1 -1 -1 100.851079175883 122.891872719553 115.404337564981 115.558842819778 113.601393220507 -9999 63.8849680090252 25.6730015331072 20.7822541777071 22.8127033664039 20.9470684262799 16.7691292330464 11.5305449258394 40.2538242949707 36.1571059283829 50.6369683541833 58.6315446858824 60.2558647002035 60.4666877122188 59.1044439012397 55.695076066209 52.2976360368491 48.0765778807126 50.1412187909324 43.1986550055687 32.9404041192556 28.3128444135261 22.7044303395263 21.2582391306441 20.1833496395126 20.4813909927677 20.922739601155 32.9935017999535 40.4632806724666
-9999 -9999 -9999 -9999 -9999 -9999 -9999 -9999 -9999 -9999 -9999 -1 -1 132.28756555323 102.045201457471 115.404337564981 123.061898121355 136.641556211618 133.751199411178 -9999 69.2931394788941 39.5435495080084 35.2712565478115 28.0849073210287 28.432973644207 35.3498976835261 38.83988237381 44.3468897964151 49.0651655374933 52.0673052260656 54.3449192349023 61.8595235781845 47.1404520791032 54.4491439351269 53.3859541092397 48.1173400132735 44.8925145520252 46.5299264659418 45.9235708430253 44.7497811350382 41.7228820152207 25.6992582181052 26.3116027936333 18.9886722084226 20.9728554387595 21.7319304186731 27.0934615729642 31.7594014111195
-9999 -9999 -9999 -9999 -9999 -9999 -9999 -9999 -9999 -9999 -9999 -1 130.088727117598 113.086080215301 108.802022138625 113.343736717904 125.121474716062 96.50201625723 110.458818796437 -9999 97.9010489454295 53.1227653509958 54.8284213249275 47.308311786797 45.2344320861205 38.9811994053179 48.5550430235039 47.3934009948082 46.7379216285997 42.8020294690065 53.1673186156271 51.307685900639 52.954475098761 41.3262964024696 56.6881708402259 48.8533590672014 46.8853681989483 49.4605274908903 52.2642723103038 51.9114665558589 50.3469558890767 33.0464416797377 31.2975378717428 26.2489568902139 19.5776539844199 19.2480299303836 20.8991248635021 26.3168579443423
-9999 -9999 -9999 -9999 -9999 -9999 -9999 -9999 -9999 -9999 -9999 -9999 -9999 -9999 102.045201457471 96.0768922830523 81.0507912930575 61.3691869924382 89.5807884794885 -9999 -9999 68.2216833096981 56.357615089511 57.3052517832209 58.7080929685368 53.431275945921 51.3266238621371 47.7057289405394 47.5505073887423 43.6885612067481 36.4621446439618 31.4750118569355 34.8147138848593 25.9554161328838 51.0617196332523 55.4498623659201 49.8354366915493 49.8193853218419 53.9510408966222 52.5144896389325 52.9663087656049 42.8163338600475 41.4350382229589 37.4046647809374 26.867787460455 18.158891991771 17.5653668066791 20.5467049424915
-9999 -9999 -9999 -9999 -9999 -9999 -9999 -9999 -9999 -9999 -9999 -9999 -9999 -9999 102.045201457471 85.5749783702977 83.1479419283098 89.8717034272917 73.8877642739426 -9999 -9999 -9999 67.8661174597168 70.2890518304058 61.1249845502127 67.9366220486757 61.4517970139608 54.4931543307245 56.2346043810953 45.8952989968998 38.8552977246485 35.2156910574618 31.599268213633 32.3497555481307 44.6054277387543 45.1817896232765 42.9575167236398 37.6502016573983 37.1479114680703 32.5914130544293 31.0417188359828 31.8717601434436 30.4175459218037 26.8760905717429 23.7281895371602 18.82371900229 16.389683592676 18.3712524962063
-9999 -9999 -9999 -9999 -9999 -9999 -9999 -9999 -9999 -9999 -9999 -9999 -9999 -9999 103.774904332554 81.0507912930575 83.1479419283098 79.7128877314576 93.6745898038992 89.8717034272917 -9999 51.709205496712 54.8438622472568 58.3465761615666 49.8033810708776 52.7609059852071 37.4465430947049 30.38218101251 33.690808104749 50.7354416235615 44.610342350492 45.3276617870029 31.7115974173363 24.6105038951501 26.3115715691449 34.0404798301556 33.0791041886668 28.1563252204812 24.2802126519264 20.4813909927677 19.452855261435 19.9917726339818 21.5956184593312 20.7936465219484 19.1833741762036 17.8661439503915 16.3704099614181 15.6898582664616
-9999 -9999 -9999 -9999 -9999 -9999 -9999 -9999 -9999 -9999 -9999 -9999 -9999 -9999 -9999 77.3492468153762 83.1479419283098 96.2019110636982 107.396042185479 85.5749783702977 68.4366223331416 73.4386190585769 41.8497000172737 57.2410527576825 58.0119351115321 53.8136657335866 36.5681033923149 27.2982107049584 32.9125078515285 39.1039276962887 30.0317298048102 33.1665378043264 32.4621767729349 23.5590314409436 24.7849191376345 30.0816403714968 25.1846883535715 20.5155597557402 21.1971909024795 19.3791020032116 19.5797754054851 19.776393986641 20.0124143325782 18.8649610912194 18.9301699448465 18.8649610912194 17.1310412409894 16.6698711726086
-9999 -9999 -9999 -9999 -9999 -9999 -9999 -9999 -9999 -9999 -9999 -9999 -9999 -9999 -9999 86.5448937366448 83.0604506461316 98.7403596580358 113.086080215301 89.8717034272917 103.774904332554 47.5416546501654 61.3691869924382 57.2824648191004 64.7970271787149 59.1291863952201 51.3004119732234 51.8333832262451 41.8455872184871 32.1847048836527 27.4998057491197 32.2695588848513 40.9112491876494 44.8022860212467 43.698873031076 37.3948060125295 29.5335098160576 22.9132277644501 21.1149206584184 21.3755894489707 18.7892928987946 19.7510793901866 20.0346764423057 19.5358517271148 18.3115117805175 17.9962872461975 18.4589690750559 17.4540475329338
-9999 -9999 -9999 -9999 -9999 -9999 -9999 -9999 -9999 -9999 -9999 -9999 -9999 -9999 -9999 119.828937903056 101.678225488359 85.5749783702977 93.0765698940816 56.4879030490882 115.880542348432 67.9366220486757 56.5346010578127 53.9535598918375 55.415823205457 55.4700196225229 36.6850388318033 49.4290919251198 48.5681317212827 44.918186320366 35.7766503991581 41.113202694955 49.129743769153 48.0823569789772 47.0529609365877 50.6384735924635 47.2600056995498 40.9131291952939 37.2736496838387 33.4987642017975 27.2997341701328 20.6882598830534 17.6176585462814 17.8200379208343 16.6698711726086 16.69968340276 16.9693782208436 19.0439112867771
-9999 -9999 -1 -9999 -9999 -9999 -9999 -9999 -9999 -9999 -9999 -9999 -9999 -9999 -9999 139.228644267677 119.828937903056 103.774904332554 45.0854698116251 40.0082311114015 37.1682077478852 59.6663748467176 40.3101717879217 51.5768176094025 58.8403829024947 56.8727399287967 50.609744175681 50.1727783993242 46.1235419876961 46.2523603452374 48.5681317212827 50.1459237402693 54.7545039251101 40.6469570683206 39.0530899064083 35.9736222302127 34.5331040506861 31.4968000299699 22.6972116703572 26.3518109547082 30.0061733335511 24.7393800059121 19.9384281574473 17.7267282254705 17.4952165570516 17.7377738388358 18.300993408789 19.104531693579
-9999 -9999 -9999 -9999 -9999 -1 -1 -9999 -9999 -9999 -9999 -9999 98.5170190319235 -1 113.086080215301 119.828937903056 101.678225488359 83.1479419283098 62.6958469977815 35.7168588059859 28.1950442124837 35.4271184510876 35.3448213321694 28.7819798982611 38.0004838585184 49.8814214033777 53.2049737408941 47.2881900477392 45.5938302256606 49.2719757314744 53.5494785644912 50.1843726119012 40.7622857796789 31.1876119342601 29.6000108679548 24.5719966895263 21.1245138220786 21.5444613273525 21.4153757452248 22.099575551558 23.8308340988341 25.7673756798161 22.1495136782615 20.6621169516358 19.7371367871996 19.2621293473126 19.7018404450373 19.3930388269099
