data/derived/r_cv_pre.asc
NCOLS 191 
NROWS 93 
XLLCORNER 442474.332677425 
YLLCORNER 4080120.41147431 
CELLSIZE 500 
NODATA_value -9999 
[rows 21 to 41 of 93, columns 94 to 140 of 191]
-9999 -9999 -9999 -9999 -9999 -9999 -9999 -9999 -9999 -9999 -9999 -9999 -9999 -9999 -9999 -9999 -9999 -9999 -9999 -9999 -9999 -9999 -9999 -9999 -9999 -9999 -9999 -9999 -9999 -9999 -9999 -9999 -9999 -9999 -9999 -9999 -9999 -9999 -9999 -9999 -9999 -9999 -9999 -9999 -9999 -9999 -9999
-9999 -9999 -9999 -9999 -9999 -9999 -9999 -9999 -9999 -9999 -9999 -9999 -9999 -9999 -9999 -9999 -9999 -9999 -9999 -9999 -9999 -9999 -9999 -9999 -9999 -9999 -9999 -9999 -9999 -9999 -9999 -9999 -9999 -9999 -9999 -9999 -9999 -9999 -9999 -9999 -9999 -9999 -9999 -9999 -9999 -9999 -9999
-9999 -9999 -9999 -9999 -9999 -9999 -9999 -9999 -9999 -9999 -9999 -9999 -9999 -9999 -9999 -9999 -9999 -9999 -9999 -9999 -9999 -9999 -9999 -9999 -9999 -9999 -9999 -9999 -9999 -9999 -9999 -9999 -9999 -9999 -9999 -9999 -9999 -9999 -9999 -9999 -9999 -9999 -9999 -9999 -9999 -9999 -9999
-9999 -9999 -9999 -9999 -9999 -9999 -9999 -9999 -9999 -9999 -9999 -9999 32.8109789715003 -9999 -9999 -9999 -9999 -9999 -9999 -9999 -9999 -9999 -9999 -9999 -9999 -9999 -9999 -9999 -9999 -9999 -9999 -9999 -9999 -9999 -9999 -9999 -9999 -9999 -9999 -9999 -9999 -9999 -9999 -9999 -9999 -9999 -9999
-9999 -9999 -9999 -9999 -9999 32.7893455150311 32.8797349714138 -9999 -9999 32.9711145671543 32.9830135491201 32.9460968741124 32.9886379497521 32.8652566392257 -9999 32.8475017023823 32.9426552802208 -9999 -9999 32.7845026599653 32.7897790098272 -9999 -9999 -9999 -9999 -9999 -9999 -9999 -9999 -9999 -9999 -9999 -9999 -9999 -9999 -9999 -9999 -9999 -9999 -9999 -9999 33.7000948287655 33.6332903142316 33.5501857117386 33.4847396601197 33.44388371885 33.4480110371543
32.5579785454837 32.8887058562706 -9999 -9999 -9999 32.9867820095135 -9999 -9999 -9999 33.1069275959523 33.1833174486414 33.158027759651 33.224346410182 33.1065054839757 -9999 -9999 -9999 33.1298216765305 33.1234930211255 33.1729867750449 32.9264289392805 -9999 -9999 -9999 -9999 -9999 34.5285324238743 -9999 -9999 -9999 -9999 -9999 -9999 -9999 -9999 -9999 -9999 -9999 34.0754311439731 33.9296082513404 33.797345972939 33.7282439945505 33.6197034811107 33.5931173569351 33.5326128512786 33.5493538594843 33.4594983442642
32.9582617783328 33.1293082227524 33.6286762752098 -9999 33.1729091250309 33.1101909502813 -9999 33.1354101383001 -9999 33.2827776868905 33.3879252105511 33.5278093868412 33.4903854531111 33.2921603341385 33.3385637119052 -9999 33.4975827372526 33.7838099433277 33.8581208127252 33.4493384024433 -9999 32.9663235595111 33.4823753914391 34.2072213399631 34.3701604322246 34.4767858710176 -9999 -9999 -9999 -9999 -9999 -9999 -9999 -9999 34.8754373362751 34.6235197009434 34.4264816359225 34.219406287478 34.0702367705301 33.966129519778 33.9469889115434 33.8923298898524 33.7781966185129 33.6829059622425 33.8473469103588 33.6319913317005 33.5599438522089
33.6376776243253 33.7417460669834 33.6767118339698 33.4254996248071 33.3074184180472 -9999 -9999 33.3229987292809 -9999 33.3608624231109 33.5109437252624 33.7943112952417 33.7694953376891 33.6163170881677 33.4843367821228 -9999 33.5675235764769 34.0806894998567 33.9636708689756 33.9155380178423 33.7794143329368 34.1592663589215 34.4908806622296 34.4712113151083 34.6356494243002 -9999 -9999 -9999 -9999 34.6964775896801 -9999 -9999 -9999 -9999 -9999 34.6480839368748 34.4903047540929 34.3572931614956 34.1789428360179 34.1841676506338 34.1011125343087 34.1970234512946 34.0545391716665 33.9305949535787 33.8728225087121 33.8792212995637 33.8066201239378
33.5936592989026 33.961803402823 33.7337561849118 33.5236697052194 33.2792013558512 -9999 33.3452011727099 -9999 -9999 -9999 -9999 33.649939675641 33.9263307652786 33.9286202162744 33.6124734957801 33.5108962158519 33.9478033619339 34.1064212944537 34.3084925258268 34.0244388841796 34.0217790873647 34.3725368257049 34.6097991411317 34.7767743281066 34.9364504119635 -9999 -9999 -9999 34.8235474405279 34.8336484231775 34.8982498518282 34.9700153713552 35.0190477823932 -9999 35.0198150775859 34.8919264717623 34.6142406088726 34.3716688937979 34.4247727177142 34.4100299927963 34.3025034827179 34.2760164883338 34.3002610145362 34.3075658563363 34.1076206475916 34.097267419911 34.0119564225294
34.0203344595165 34.0216706694221 33.7091530383329 33.433890259569 -9999 33.4789188512042 33.4960359444868 33.3975560951487 -9999 33.4827876659224 33.6006571426337 33.8090553007327 34.0089432536581 33.9212590072246 33.5937738397019 33.5366989078267 33.7615622641209 34.2921122462575 34.3071583169545 34.1204671479986 34.0347964654565 34.5651710924694 34.8179515966282 35.0328638267085 35.1486794293216 35.0666295981456 -9999 -9999 34.9723160933115 34.9706174589195 35.0478307051947 35.1934120778538 35.3454898224268 35.3455608431701 35.2953312786469 35.1031747763243 34.7966193921792 34.6000486332748 34.5586115088713 34.6320752997065 34.5656076911401 34.5889818194761 34.9053878509755 34.5760961542331 34.3827565804498 34.2699690692363 34.2381083020845
34.3506811014187 34.2131308858632 33.8764424084351 33.4996659657665 33.6121424990963 33.7142176183832 33.6232033554974 33.6115009181425 33.2777502261157 33.5405548463399 33.8009777860719 34.010849230991 34.2108997825532 33.9791773557905 33.996614952675 33.7838739195958 33.7800382770328 34.2752160862 34.6221022138867 34.4126333809705 34.2689182664831 34.5627443499181 35.0711761202873 35.2418858949816 35.1832081630892 35.1518645414709 35.1296095260468 35.1567386843782 35.0630306649908 35.2101975073698 35.3077333770026 35.3439112132849 35.4924242637465 35.6466656703509 35.5122377924652 35.2377413009088 34.9099067549308 34.8309911501811 34.710517237734 34.8168951412652 34.9074989695393 35.2454743705407 35.018139569048 34.6548759590873 34.5813733844238 34.421705175699 34.298061811306
34.5521945168882 34.1814272960693 33.784551247075 33.7284131474062 33.9219456558401 33.9540771210044 33.7785356624249 33.707158961737 33.46234640198 33.5572521457213 33.8209613765355 34.0949384087 34.3631109776348 34.2998785223068 34.0793889758799 34.113272038704 34.0130898556552 34.2187101972445 34.6444092317166 34.5786546879275 34.4598557303765 34.774873102549 35.1906747058355 35.3217874240807 35.2857297034411 35.2231750139946 35.2614046659504 35.2245784204701 35.2547156885876 35.3177975324442 35.4855772423584 35.5769025177309 35.7082437041781 35.8032544943719 35.6294971276916 35.3574321296871 35.1180102952855 35.047778011917 35.0449872874042 34.979963867562 35.5955264909055 35.3656338925069 35.1959858876173 35.0676494790069 34.8322210590379 34.6133505368876 34.4227784685404
34.609215618773 34.2927461315144 33.9803386155152 33.9899307060838 34.0186567696187 34.1573535135308 34.0893827865541 33.8081913078006 33.511826934537 33.7975870145676 33.7681503501363 34.2479159048225 34.5940129445641 34.4547471491209 34.1643915900443 34.3148730406028 34.3943706857067 34.6122054146807 34.8015245869112 34.8579989090149 34.7513777442723 34.9019042502604 35.3594787129026 35.5409677617528 35.5125925739798 35.404051479055 35.3345204450003 35.358032465522 35.4241236351701 35.5974658825168 35.5941419112941 35.7222149511481 35.838240616355 35.831649649721 35.7805087827182 35.603187987337 35.3638846021384 35.2331132528479 35.4166977002668 35.9456786296216 35.9549365556412 35.5292702283238 35.3833167715679 35.2687784443827 35.1055049869322 34.8930182588178 34.6944244141274
34.6878583485417 34.3880615510471 34.5717464814317 34.2080625611798 34.2891214337086 34.3863554146962 34.2987939455973 34.0252158689928 33.6391902953912 33.9495162604147 34.1632005828024 34.2325483901925 34.5935522901763 34.5824515315349 34.5793995437319 34.4216784984859 34.4678307037883 34.6793054431711 34.9789259797312 35.0947497242698 34.9935922480705 34.9825272398436 35.3711850445123 35.6730225001846 35.7180922862006 35.6473288242165 35.5327947892794 35.5386642692215 35.6609669173541 35.835001408768 35.8453089685654 35.8265857558613 35.8671011934045 35.8352253009673 35.9316796563182 35.7359088703371 35.5764524964347 35.3854876311171 36.3117895096932 36.2208769883705 36.04558020172 35.791426454738 35.7153990260981 35.5284730380583 35.235590660532 34.7151928913499 34.6413843001011
34.9094683654915 34.5112954012341 34.7605588770108 34.539021273871 34.6362558453036 34.5751601945321 34.3276927151802 33.994089564869 33.8705698203527 34.1313244631335 34.4119814227006 34.5319857008471 34.7966320289585 34.9014459828175 34.8241333887542 34.7059686948578 34.7310466698861 34.8212790514406 35.030097272285 35.2870976344841 35.1165635928901 35.2849239910516 35.5086324584247 35.7447115415437 35.7799572051808 35.8032077108489 35.7566748505691 35.6497590504392 35.8720222565948 35.9570249746985 36.0978881361916 36.0715282453317 35.9866901400135 35.9439626841584 35.9985755734125 35.8534494749544 35.6516650990065 36.4873118483767 36.4133228272672 36.3650680648191 36.1976872526635 36.0061440305641 35.988920083558 35.756053337294 35.324446485278 35.1031214582719 35.1323955201521
35.1938642140118 34.895628816187 35.0119498228367 34.9500468180387 34.7950576799354 34.4823081128519 34.2992598436531 34.0615864992842 34.1040583977743 34.2618993971179 34.5167258393031 34.7379390324564 34.973038478751 35.0255205262182 34.978627766013 35.0195862446273 35.069453774339 35.009761531007 35.3461478978139 35.3999842438713 35.2741474956625 35.6028217281721 35.6104974966643 35.8481378152666 35.9129176467494 35.8905730526246 35.8650770992327 35.8639000919426 35.9787026084832 36.0415232010859 36.1907207546195 36.2358241516573 36.1477702205997 36.0657449964429 36.0401911036623 35.9855515688895 36.7736683683929 36.6591234989694 36.5308465857732 36.4521181207607 36.3916497574541 36.2594232367944 36.1792618250237 35.9059326479402 35.7111031966631 35.5413891865558 35.3280170703764
35.4051804401491 35.2306206407865 35.3131804337012 35.1112925115211 34.7180823393889 34.467418295581 34.3616704043719 34.480920082328 34.4045037879183 34.1632095045376 34.5543321556172 34.8168456311709 34.9989227675784 35.1964355096992 35.1250009036892 35.086046761802 35.2668469420965 35.2904068247186 35.5465344143571 35.5544533808239 35.5152018702575 35.7474140371679 35.8948156729569 36.0383042239525 36.013668385806 35.9436943321178 36.0143858572085 36.162538968564 36.1903821950361 36.2815787641665 36.32419667317 36.4041166295855 36.3487920644624 36.2699963611455 36.2409630075449 37.0489741894334 36.9540003996282 36.8703343195342 36.8262908981899 36.6410175220714 36.5785603061444 36.4809210240798 36.3492662947761 36.1038515244275 36.0866738164771 36.0008121527368 35.6540107598494
35.7689689513389 35.5197662705284 35.2902638048023 35.1228777192779 34.9580499846415 34.9105712707531 34.7956110836457 34.8839764333424 34.7523133864974 34.4198723830642 34.4461616696804 34.6096784898584 34.9080888808323 35.2792867599108 35.2472136717414 35.2426038264158 35.2976008413435 35.4750080589539 35.6793727992505 35.7373867078782 35.7233878039103 35.9561016781712 36.1329789337883 36.0861305414352 36.12268988641 36.1597623378683 36.2689691543935 36.3867500092931 36.4330940512219 36.4854073928919 36.5655600025548 36.5932418096916 36.5093466348865 36.4984802506216 37.2907975936028 37.2112255823897 37.116318885052 37.0713667101641 37.0352208574263 36.8914747177692 36.7937499738443 36.7323885860095 36.5436831787791 36.3717884677761 36.3756531313963 36.2202624405842 35.906287470759
36.1467022982019 36.010721176923 35.784202381571 35.6528870220234 35.5041547236432 35.3983947553565 35.3466890445733 35.3566498557154 35.0912052922053 34.9958052692156 34.9641772230015 34.9965959971371 35.0442383573941 35.3481895414015 35.5410193845617 35.4956844071768 35.3679744133757 35.5897383533197 35.8127307425619 36.0116350511496 36.1502720648248 36.2383882557168 36.3850302099297 36.4148832392599 36.4063722834367 36.477516425358 36.5347481386707 36.6242171660638 36.7009460662577 36.7506728768677 36.8278818382477 37.1941996377282 37.1431856507711 37.5163443518542 37.4957287949985 37.4416584250708 37.3738869283167 37.3363026020686 37.3076336244585 37.1982800987686 37.1451511159153 37.0425305757176 36.8571436125428 36.868245656978 36.7287715699679 36.5339405676916 36.2270452301374
36.563496014081 36.5785818203914 36.3628276763813 36.0893700040169 36.1025421865504 36.0659614551483 35.8914707022001 35.7580614834164 35.6625785317688 35.7147638503922 35.4733172683163 35.5323625925752 35.5709211454086 35.6682110737801 35.6563922556381 35.7213341995323 35.5899877258677 35.5815782680353 35.8677653152581 37.0035351665223 37.2089869738917 37.3028575007106 37.4029934334614 37.4565131401893 36.7040549787489 36.7599599530617 36.8194503246194 36.9002024256953 36.9901453979513 37.0316732482633 37.799910923127 37.7666518111681 37.7371354948271 37.6918686258606 37.6815772317309 37.6378672588992 37.5825439912721 37.593736813444 37.5460987760204 37.5021739402451 37.4115588108735 37.3120160848375 37.267272038138 37.2073971824598 37.0279305389739 36.822345104613 36.7176129165384
36.8497271447879 36.8963787163979 36.5406994977605 36.1476528904218 36.1127589149416 36.1877622762782 36.2324940970676 36.1474464495941 36.0975085127206 36.0176908179082 35.7722420668649 35.8589906170056 35.8735893689531 35.7733756200218 35.5744663305091 35.5702082215165 35.6649258070698 35.6826572592363 36.8470452469208 37.0543742011082 37.2972022166233 37.4616592706932 37.5163857655587 37.577326827709 37.6297580856545 37.6803031279554 37.6994644624481 37.7008598573443 37.0490572780354 37.8585552727158 37.8472847851044 37.8364166160225 37.8325030053907 37.8070362464499 37.7916071964256 37.7529410662735 37.7297251686364 37.7050545202216 37.6916554274212 37.6617598280552 37.6166419093594 37.5919053922266 37.5066756755452 37.370632466452 37.181898737414 37.0867715833353 37.0044988794891
