data/derived/r_cv_scmc_1250.asc
NCOLS 186 
NROWS 74 
XLLCORNER 443300.206538099 
YLLCORNER 4085841.77455235 
CELLSIZE 500 
NODATA_value -9999 
[rows 44 to 65 of 74, columns 50 to 99 of 186]
68.137618411088 67.3530424535955 55.0894601846273 47.9315751612222 44.2629198467057 51.709205496712 58.8348405414552 59.2246927891749 66.7000103386224 62.0173672946042 65.7903789167047 51.8874521662771 40.3101717879217 48.1430533934905 57.2710632053189 45.3482989699331 44.4749589996661 49.4899195468344 38.4144138306561 45.8651357246356 54.309045636328 44.6535650453682 53.0374200768173 56.5346010578127 44.7497811350382 46.4574670984691 53.4400641451753 54.5050132045292 53.9551028086559 54.1946762797135 49.1449797063656 54.8557553655755 47.6769360547397 52.6960388131996 49.224759248542 51.1141234745425 47.2847610219483 50.9373088784185 43.3253714817324 54.3449192349023 50.9372170728919 51.2401821027199 56.7610758488158 58.3579829576464 52.6960388131996 48.9897948556636 58.0119351115321 56.4879030490882 73.6207484966283 74.4626163942801
70.5533682950557 63.0289582069192 59.6424636675164 55.0894601846273 51.7329789084396 55.4700196225229 51.709205496712 51.1141234745425 54.4749609226236 61.8169875549772 47.9315751612222 43.8529009653515 51.8874521662771 65.6330123313894 65.1828050709931 47.6321475121868 42.0846899525114 46.4574670984691 38.550137882057 43.883343802038 46.4574670984691 45.948896011051 44.6535650453682 45.3445600493865 44.2989070112702 49.6971118310549 50.9373088784185 58.4705346204686 47.7724174316684 54.1946762797135 53.3092894520302 54.3449192349023 50.5629376591073 46.6659563835427 55.970980445981 46.8591666967672 46.6659563835427 51.1141234745425 42.9742896865358 41.1222109873823 54.1946762797135 49.1218329437096 47.2717186551894 52.954475098761 54.8557553655755 58.177447388274 56.691778587484 58.5111250693839 73.6660212873459 82.7080128198918
67.9366220486757 56.691778587484 55.5773912790747 52.8657078984069 48.9897948556636 58.6315446858824 60.3125761148273 59.8107208755052 55.2777486120378 54.1946762797135 58.5111250693839 48.8187801195831 46.4095480892257 55.2777486120378 52.6960388131996 45.9476587677892 43.883343802038 36.7434142797813 44.7497811350382 42.9742896865358 45.0854698116251 45.0854698116251 52.0281901818547 49.6971118310549 41.2032451221234 52.2976360368491 52.6686798886372 46.4574670984691 52.0084913542344 54.8743207740897 53.9071693375093 51.1141234745425 49.224759248542 54.3894716363497 49.1449797063656 48.5681317212827 42.0846899525114 49.6971118310549 49.1365798513921 56.4879030490882 59.6141439076848 58.3049309172174 62.3609564462324 59.0834374572238 61.9529559558183 68.137618411088 55.2777486120378 69.5538667840645 66.7000103386224 74.4626163942801
67.4037775704688 67.9366220486757 53.0179569358281 58.1876098782503 52.6686798886372 54.7460898008771 52.8657078984069 56.7220961387109 55.2777486120378 50.6580407514143 55.2777486120378 44.8580406566289 46.4095480892257 51.5768176094025 53.7801793629186 45.0854698116251 40.5137094842916 42.3659272868162 41.3449115297362 47.5416546501654 46.1567479442053 44.7497811350382 62.4355318030444 44.2989070112702 50.6369683541833 54.8907832176784 53.3676790298888 43.7450011685417 43.0979855879245 49.1903170909115 50.5629376591073 52.6960388131996 56.6339477328431 52.954475098761 52.0281901818547 49.6971118310549 63.24875170405 61.6616124752023 60.2558647002035 63.5975017312819 53.6657507836424 58.6315446858824 52.11730166252 61.3819794737107 68.137618411088 73.4386190585769 62.8159705317537 64.3048650163599 73.8877642739426 89.5807884794885
57.351856849508 55.8900117592244 55.6503853735017 51.3016524574595 54.3956495060655 50.963743360496 52.0145748479172 52.6032363691555 52.8407867215738 52.7788323315501 56.3367251451273 61.6674677147645 54.1407655519319 50.0788039463026 45.1558957476918 46.6270478040028 45.2244934339261 43.2390757620292 43.2390757620292 39.2868151164432 46.4574670984691 38.0515812176712 47.2847610219483 45.2344320861205 54.8907832176784 39.5247166829807 54.8743207740897 40.7992328103205 38.550137882057 44.1043608863282 46.6659563835427 51.1141234745425 48.8521558833955 46.8895843968479 44.7497811350382 46.6659563835427 58.5716772918437 65.7383985872015 65.6330123313894 63.0289582069192 55.0894601846273 52.6919567646933 53.9984163550579 59.0834374572238 68.8622317691577 77.7575790100237 75.7303988439108 78.6203289358708 68.4366223331416 98.7403596580358
60.3279622566911 61.8595235781845 49.0827547017973 45.1799374402964 49.1647698385373 45.3445600493865 48.1045692920835 40.2666477767652 51.4407799916938 45.8952989968998 55.415823205457 62.3609564462324 50.9446246793559 46.6659563835427 45.948896011051 47.6808313201864 48.3852986323927 47.4193260444234 50.8611675676044 50.3206943988885 45.2119275053585 44.1949595707262 54.06934975558 46.0963980640941 51.1042388321629 51.0260996150466 47.4132078360568 40.9571573573223 41.2197080283476 53.6945794044716 65.9267879391536 57.6132720404811 48.8049706129764 54.3460330645785 45.586239159191 53.5148016358347 62.1247618282927 67.3415746914023 81.6123413685282 65.8125646726813 64.4385260128409 61.0733129632261 62.4657625798581 81.6908386279457 77.4231758533591 93.1480282877249 97.5266761716756 100.863024269974 103.770692255101 119.745157795723
57.5888523208409 54.522989740626 52.3145983496483 51.1945842668509 54.0248289013729 59.1226731129831 52.2976360368491 52.0281901818547 47.2847610219483 46.000945435413 56.691778587484 48.8521558833955 49.8361427337883 47.5416546501654 48.5681317212827 51.0486577992832 43.883343802038 42.4985141495709 59.8107208755052 52.954475098761 45.0854698116251 46.4574670984691 50.9446246793559 51.103213808316 52.2067625780357 48.8187801195831 42.5850358712065 42.0846899525114 59.0890130477488 60.0325271329093 68.4743506897805 60.3125761148273 48.3357923575823 48.9897948556636 55.2777486120378 60.4967418067351 65.0443635587991 81.6496580927726 89.8717034272917 65.8497768216389 62.5678907410022 66.3091612846796 68.8622317691577 83.276299196465 103.774904332554 110.458818796437 98.7403596580358 115.404337564981 103.774904332554 112.622203333804
50.3980050136593 56.7669045921715 60.0888928109552 56.7640189394113 46.4574670984691 53.9551028086559 55.7102546990451 51.2401821027199 52.6686798886372 48.3357923575823 58.0119351115321 60.0325271329093 51.2401821027199 50.5769185632935 64.7586990961288 42.8023795594243 51.2401821027199 56.0219737108712 59.8107208755052 50.5629376591073 41.3102379244425 48.5681317212827 49.1449797063656 61.3244140671867 55.4700196225229 49.224759248542 52.6686798886372 50.6369683541833 56.3642003129919 52.954475098761 48.9897948556636 49.462387269553 44.8580406566289 48.8187801195831 60.4967418067351 62.5678907410022 58.8505277409185 67.9366220486757 78.6203289358708 70.5533682950557 64.1131123368019 66.8508690310303 79.7380326202863 89.0009535867541 108.962871902952 110.940039245046 115.404337564981 103.774904332554 103.774904332554 100.017092556317
57.4679397800557 53.3676790298888 52.0673052260656 50.5769185632935 53.9071693375093 51.0181112100595 57.7811830581785 44.7497811350382 50.5769185632935 52.9150262212918 58.4705346204686 43.3629090391994 49.8361427337883 45.3482989699331 52.954475098761 63.1639341135463 61.8595235781845 68.4366223331416 62.4008034115475 47.5416546501654 51.103213808316 55.6130944529654 52.954475098761 51.8172485728138 38.9316004765989 45.3445600493865 50.9446246793559 52.6686798886372 56.7610758488158 43.5410741607092 43.1009548350417 39.25502107204 37.1420188108797 47.6769360547397 52.8657078984069 62.0173672946042 76.2586691162691 77.3492468153762 67.9366220486757 62.5678907410022 71.2491600509961 65.6330123313894 98.9454889836307 107.549763211973 112.051535291391 119.828937903056 -1 -1 128.269214751598 100.017092556317
58.3465761615666 60.5878854920136 42.5850358712065 41.3102379244425 42.9742896865358 62.5885114869812 51.0486577992832 49.0250384990451 51.8172485728138 55.970980445981 49.1365798513921 43.7450011685417 54.6143896254469 41.1222109873823 63.5975017312819 65.1828050709931 83.5396391364725 75.5247921994665 63.8061271499006 53.7801793629186 47.5416546501654 49.6971118310549 45.028217385032 54.6668230141604 41.3449115297362 45.3445600493865 47.2847610219483 58.3579829576464 48.9897948556636 55.2777486120378 42.6573916485363 53.4929392197384 41.3102379244425 43.1009548350417 69.0120793308853 72.7257210079837 97.9010489454295 81.6496580927726 77.3492468153762 73.4386190585769 72.0148160005226 85.7346333194897 106.50628969028 106.50628969028 110.747267528175 128.269214751598 -1 -1 -1 -1
44.9210774729987 45.3482989699331 47.2847610219483 52.6960388131996 48.5681317212827 51.2401821027199 60.315936946801 48.1045692920835 51.8172485728138 51.2401821027199 36.9697394287314 45.0854698116251 54.1946762797135 60.2558647002035 55.2777486120378 75.1522670839892 85.5749783702977 77.3492468153762 68.8622317691577 49.5591319592568 51.8172485728138 43.5410741607092 47.2717186551894 56.990027617674 47.2847610219483 51.7345476338665 56.990027617674 58.6315446858824 48.9897948556636 53.0179569358281 37.7246972698195 41.3449115297362 43.5591348016699 54.3894716363497 65.1828050709931 75.7303988439108 92.376427252579 83.1479419283098 80.2909269583012 89.8717034272917 85.5749783702977 84.7905128392759 115.404337564981 122.891872719553 156.832366758453 156.558945298843 -1 -1 -1 -1
52.6960388131996 50.5629376591073 48.3357923575823 54.3894716363497 43.2390757620292 53.9551028086559 58.3946921753502 48.5681317212827 50.5769185632935 45.3482989699331 41.2032451221234 56.1574235548862 49.0827547017973 56.7610758488158 59.8107208755052 65.0443635587991 62.3609564462324 69.5914339786469 56.7220961387109 46.2121684139976 41.2032451221234 38.0515812176712 51.2401821027199 56.1574235548862 36.5916192279207 43.883343802038 52.7381228286656 68.9871660785788 58.2528637933469 55.0894601846273 45.3482989699331 41.3102379244425 46.8505658049814 69.5538667840645 75.7303988439108 84.7718885255819 113.086080215301 129.948696154389 86.5448937366448 96.2019110636982 93.0765698940816 107.396042185479 127.942294684873 -1 -1 -1 -1 -1 -9999 -9999
57.5888523208409 54.3894716363497 50.6580407514143 58.3579829576464 44.7497811350382 59.0014331558093 61.8595235781845 52.3661373970528 46.8895843968479 49.0827547017973 61.174403898262 58.4705346204686 49.1449797063656 60.3279622566911 56.0219737108712 68.8622317691577 62.8557241414887 69.5914339786469 52.954475098761 44.9210774729987 50.0846919639489 52.7381228286656 43.7450011685417 42.3659272868162 50.5769185632935 58.3579829576464 64.0190874497834 75.2601733440427 66.8508690310303 66.4258470957892 59.6663748467176 68.137618411088 58.6315446858824 64.8037698334664 105.320025124891 113.086080215301 136.187402306559 150.781440287068 136.641556211618 122.891872719553 139.228644267677 115.558842819778 -1 -1 -1 -9999 -1 -9999 -9999 -9999
50.9446246793559 61.8169875549772 57.4679397800556 54.8907832176784 51.2401821027199 59.16448957406 60.3279622566911 54.695388013674 48.1045692920835 50.6369683541833 56.1574235548862 57.7698443063386 64.2111900144899 60.3125761148273 72.0148160005226 59.2246927891749 69.5914339786469 58.2528637933469 55.2777486120378 53.7801793629186 51.2079877121275 54.8743207740897 37.1420188108797 44.2989070112702 45.0854698116251 60.4807396956758 64.0235516952905 62.8834391797787 70.0443366933149 76.2586691162691 98.7403596580358 100.017092556317 97.8610749584068 83.3327215427652 118.422682050069 118.422682050069 -1 132.28756555323 139.228644267677 115.558842819778 101.678225488359 -1 -1 -9999 -9999 -9999 -9999 -9999 -9999 -9999
48.8187801195831 64.1131123368019 49.8193853218419 49.0827547017973 52.7381228286656 57.5511169094111 54.8907832176784 50.9446246793559 44.2367539240749 49.1449797063656 64.0512615220349 61.6616124752023 61.9529559558183 58.2528637933469 83.8445855730382 76.2586691162691 67.9366220486757 65.7903789167047 49.9287241262732 47.0760378580621 45.0854698116251 47.1765996182859 53.9551028086559 48.5681317212827 48.8521558833955 58.6315446858824 68.137618411088 59.2011760391989 58.0119351115321 65.6330123313894 98.7403596580358 89.8717034272917 78.6203289358708 101.736467234266 128.269214751598 -9999 -9999 -1 151.91090506255 151.91090506255 150.781440287068 -1 -1 -9999 -9999 -9999 -9999 -9999 -9999 -9999
64.3048650163599 65.0443635587991 49.9287241262732 52.6686798886372 53.9071693375093 51.1141234745425 52.9150262212918 44.9210774729987 42.2606236012819 52.9150262212918 61.174403898262 70.6516474508081 77.3492468153762 81.4077326481412 72.7952285465558 67.9366220486757 62.8557241414887 53.6657507836424 50.6369683541833 49.1449797063656 44.2989070112702 53.8562991323956 54.8907832176784 57.5511169094111 56.4879030490882 66.8508690310303 75.7303988439108 66.4258470957892 81.0507912930575 71.079052602707 85.5749783702977 89.8717034272917 98.7403596580358 107.396042185479 124.049076327327 -9999 -9999 -9999 -1 -1 -1 -1 -9999 -9999 -9999 -9999 -9999 -9999 -9999 -9999
71.8312053052773 51.5768176094025 47.2060853671463 50.6264747151984 43.7998007174159 48.1105087822138 49.1110349501834 52.2819465411038 49.1516888120779 52.0698163776354 53.3468876576143 67.4037775704688 69.5914339786469 76.6530645681717 81.6496580927726 88.0697966361936 56.691778587484 62.702662875064 53.9551028086559 49.0250384990451 43.2390757620292 47.0344765102651 65.6330123313894 69.5538667840645 58.2528637933469 67.9366220486757 70.076880857878 61.3691869924382 80.2909269583012 75.6383093819121 -1 102.045201457471 98.7403596580358 110.747267528175 117.669168435176 -9999 -9999 -9999 -9999 -1 -9999 -9999 -9999 -9999 -9999 -9999 -9999 -9999 -9999 -9999
67.9366220486757 62.2649425995325 58.3465761615666 57.7811830581785 52.9150262212918 47.2847610219483 47.5416546501654 48.526158606197 55.7523116218278 48.219739671851 49.224759248542 58.6681506252853 67.8336562816068 74.6647332994666 82.9136878231086 80.9168237432834 79.4339334567722 58.0737886835576 60.1743796409315 65.0579643548091 55.3541449373882 60.9060488550517 83.5857429008516 70.2352764311686 70.3679620040061 82.2441599508282 72.3256369389642 81.7194344433055 92.7264985733303 80.7534523507026 -1 -1 92.9212481203762 103.508465764049 113.612490044267 140.661462661221 -9999 -9999 -9999 -9999 -9999 -9999 -9999 -9999 -9999 -9999 -9999 -9999 -9999 -9999
66.3091612846796 46.7707173346743 52.2067625780357 52.9150262212918 50.2189738473052 60.5878854920136 48.1045692920835 44.7497811350382 46.2235371279112 48.1045692920835 53.6425168989091 65.0443635587991 77.3492468153762 82.7080128198918 92.4347504439626 91.2485894405349 81.4077326481412 58.8505277409185 55.415823205457 70.5533682950557 71.8027852555511 70.7106781186548 67.9366220486757 80.4753780149993 75.6383093819121 75.6383093819121 80.2909269583012 83.0604506461316 83.0604506461316 -9999 -9999 -1 -1 -1 -9999 -9999 -9999 -9999 -9999 -9999 -9999 -9999 -9999 -9999 -9999 -9999 -9999 -9999 -9999 -9999
59.6663748467176 50.6580407514143 59.8107208755052 65.1828050709931 48.3357923575823 54.6668230141604 51.8172485728138 50.2189738473052 49.6971118310549 56.7610758488158 69.8459891814919 77.3492468153762 93.3699561847853 98.5170190319235 121.629430617488 103.132329087168 81.3403779733466 69.3260628329719 55.5650514201759 66.8508690310303 69.3260628329719 69.3260628329719 68.4366223331416 81.6720556563075 87.7058019307029 78.4464540552736 78.4464540552736 -9999 -9999 -9999 -9999 -9999 -9999 -9999 -9999 -9999 -9999 -9999 -9999 -9999 -9999 -9999 -9999 -9999 -9999 -9999 -9999 -9999 -9999 -9999
71.079052602707 61.3691869924382 66.4258470957892 67.9366220486757 51.4407799916938 68.4366223331416 62.3609564462324 73.1699812344253 67.9757898939871 61.9529559558183 77.4222423068025 106.61080645434 106.61080645434 113.086080215301 107.752387087604 -1 98.5170190319235 77.7954348820888 70.076880857878 74.0015209178383 67.9366220486757 64.1993571220989 85.5749783702977 88.4774664357608 93.0765698940816 85.5749783702977 -9999 -9999 -9999 -9999 -9999 -9999 -9999 -9999 -9999 -9999 -9999 -9999 -9999 -9999 -9999 -9999 -9999 -9999 -9999 -9999 -9999 -9999 -9999 -9999
64.1993571220989 61.3691869924382 62.5678907410022 105.91481821704 79.9783657568194 72.7257210079837 74.4626163942801 69.4808333779651 86.9104067613241 88.0697966361936 -9999 95.6010628616809 123.061898121355 89.2491309408187 86.5448937366448 -1 81.6496580927726 74.2890158329514 77.3492468153762 85.5749783702977 83.0604506461316 89.2491309408187 100.851079175883 100.851079175883 -9999 -9999 -9999 -9999 -9999 -9999 -9999 -9999 -9999 -9999 -9999 -9999 -9999 -9999 -9999 -9999 -9999 -9999 -9999 -9999 -9999 -9999 -9999 -9999 -9999 -9999
