data/derived/r_cv_scmc_1250.asc
NCOLS 186 
NROWS 74 
XLLCORNER 443300.206538099 
YLLCORNER 4085841.77455235 
CELLSIZE 500 
NODATA_value -9999 
[rows 22 to 43 of 74, columns 100 to 149 of 186]
-9999 -9999 -9999 -9999 46.4095480892257 46.4095480892257 54.726357551613 43.5089513336491 40.8562206919677 43.1009548350417 43.3253714817324 37.7246972698195 43.3629090391994 40.8562206919677 43.2390757620292 39.1826862136743 39.2868151164432 45.3482989699331 -9999 -9999 73.6825375391432 74.2890158329514 65.8497768216389 58.8505277409185 70.2559423529244 -9999 70.2559423529244 62.3609564462324 51.1141234745425 -1 -1 71.8027852555511 75.3445219377371 66.4258470957892 66.5455309717166 62.0173672946042 65.6330123313894 70.7106781186548 63.0289582069192 -1 -1 -1 -1 -1 -1 -1 -1 -1 -1 -1
-9999 58.8505277409185 59.1701609390442 58.0119351115321 61.9529559558183 57.5888523208409 52.954475098761 44.7710097980611 38.9316004765989 46.7707173346743 45.948896011051 50.9446246793559 47.2847610219483 56.990027617674 50.2189738473052 50.9373088784185 40.7992328103205 48.1045692920835 46.4095480892257 -9999 63.0289582069192 65.1828050709931 61.9529559558183 41.9531665868142 40.8562206919677 50.9446246793559 43.5089513336491 47.4601030168697 58.8505277409185 81.4077326481412 71.8027852555511 58.177447388274 49.9287241262732 53.1738637345572 69.5538667840645 47.2717186551894 52.2067625780357 57.5888523208409 55.2777486120378 60.3125761148273 -1 -1 -1 -1 -1 -1 -1 -1 -1 -1
64.1993571220989 61.6616124752023 54.8907832176784 49.1449797063656 43.2390757620292 43.2390757620292 41.3449115297362 42.1861424640342 43.1009548350417 45.3482989699331 41.3449115297362 47.0760378580621 40.8562206919677 56.3406868594814 48.5681317212827 53.3676790298888 40.8562206919677 45.2910813657838 51.1141234745425 65.1828050709931 65.3762962902147 47.5416546501654 46.4574670984691 42.0846899525114 36.9800130816819 49.0250384990451 43.3253714817324 44.9210774729987 40.7619732292055 61.8169875549772 67.9366220486757 56.5136135950629 45.2344320861205 35.2701580742174 36.6391169125466 56.0219737108712 57.5888523208409 64.1131123368019 73.3799385705343 65.0443635587991 77.3492468153762 73.6825375391432 -1 -1 -1 -1 -1 -1 -1 -1
39.3588974865587 40.8936729016889 47.7858452131878 46.9049024285346 46.8980964592076 42.2425600132908 42.9509712198068 44.977174844436 41.7507732302923 42.2498159914566 46.0197074565202 43.8360568744179 41.3132402675007 40.0875660326721 45.7584455718046 49.9483145545856 44.4830452798387 44.2799017839264 45.7241059878493 50.7327547472059 55.5218386773915 47.4324581124492 45.8412150737907 47.213830608588 46.0197074565202 44.9956639326375 44.7016138140787 39.655795205058 45.1715467557381 53.6947218223695 53.6522489288208 55.643613936276 48.8618742775179 47.1075391547921 41.4814807690662 46.9234987523075 56.7096845344442 62.5075358529398 64.05044609706 61.3691869924382 73.641335212081 71.8205202900972 82.4095399166322 115.906447398915 -1 -1 -1 -1 -1 -1
36.6829155566073 40.7921037272623 38.2304595311448 53.4111312622598 43.0399033572882 37.4465430947049 50.3980050136593 54.2881269548491 43.8807637514112 41.1222109873823 52.7381228286656 48.1495178415742 40.6712901953435 39.0132135942886 42.5026234203106 42.7425207132555 46.5466519273305 47.6124972072341 47.6769360547397 60.2257150404771 38.550137882057 40.9041314494217 31.926633211142 43.0399033572882 46.6659563835427 50.9446246793559 53.0179569358281 56.6339477328431 52.8657078984069 48.3357923575823 43.2390757620292 57.5888523208409 61.8169875549772 36.5916192279207 45.0946296222974 43.2390757620292 50.3382225707634 54.4749609226236 49.9846130170229 72.7952285465558 76.2586691162691 80.2909269583012 80.2909269583012 85.5749783702977 89.2491309408187 -1 -1 -1 -1 -1
48.5681317212827 49.0250384990451 55.6130944529654 50.2189738473052 53.4400641451753 52.0673052260656 52.6179543526345 50.3980050136593 54.8155848101767 46.2897641458748 43.0979855879245 40.7921037272623 40.6712901953435 35.0671434751087 41.151324649653 39.8048658167441 41.5553195630528 40.7921037272623 52.342070151001 48.8776224237335 56.1574235548862 54.8155848101767 42.7961838341711 44.4749589996661 50.5629376591073 50.9446246793559 48.3357923575823 61.3819794737107 58.0119351115321 58.0119351115321 48.1045692920835 48.9199590470229 47.0760378580621 39.2232270276368 43.883343802038 41.0797074995989 32.2243588701637 41.9531665868142 51.307685900639 65.0443635587991 69.3260628329719 88.5677961277189 -1 -1 -1 -1 -1 -1 -1 -1
39.7177514241657 45.3445600493865 55.6130944529654 52.6686798886372 50.6369683541833 44.3721741176365 49.224759248542 46.8591666967672 52.954475098761 56.1650815848792 42.3659272868162 40.6712901953435 47.6769360547397 45.1799374402964 46.4452203067056 38.2304595311448 42.9426667046832 53.0374200768173 42.3659272868162 43.0399033572882 61.388105485286 54.4856007119648 52.881585921673 52.6686798886372 54.8907832176784 52.6686798886372 56.0219737108712 67.9366220486757 67.4037775704688 55.0894601846273 65.1828050709931 49.9287241262732 50.9446246793559 41.1222109873823 45.0854698116251 50.1151758530697 40.1124954283034 45.948896011051 41.2032451221234 41.3449115297362 38.9657157403462 65.0443635587991 93.0765698940816 -1 -1 -1 -1 -1 -1 -1
53.4400641451753 49.0250384990451 54.9990228623614 55.6914577070709 45.3500157841641 50.3980050136593 46.5415342727915 43.0979855879245 50.2189738473052 49.1449797063656 54.462727772371 56.3642003129919 43.3629090391994 45.3445600493865 52.2976360368491 48.9199590470229 40.3655558350461 58.6129134004769 51.8874521662771 59.1226731129831 45.0854698116251 54.3449192349023 51.103213808316 44.1596330325332 52.2067625780357 54.3894716363497 54.4749609226236 69.8681217131779 51.103213808316 39.2232270276368 50.5629376591073 50.2189738473052 52.9150262212918 42.5850358712065 47.6124972072341 41.67403701096 42.7408856008001 50.7949623991219 48.1045692920835 53.0374200768173 41.151324649653 40.7921037272623 51.5768176094025 -1 -1 -1 -1 -1 -1 96.0768922830523
58.4705346204686 51.176917873949 46.5466519273305 51.176917873949 44.4749589996661 44.2989070112702 50.3980050136593 46.4574670984691 50.6369683541833 45.2910813657838 51.1438190384558 50.9446246793559 57.5888523208409 54.7460898008771 52.9150262212918 49.6971118310549 48.8776224237335 50.9524665365068 59.8665181883831 67.7875726763851 70.5533682950557 52.6960388131996 44.4749589996661 44.1856085344243 46.000945435413 45.028217385032 55.415823205457 47.6769360547397 41.2032451221234 39.2868151164432 48.3852986323927 52.0281901818547 47.2143979317381 44.4749589996661 48.3852986323927 47.2143979317381 44.9167512428323 49.3827121251362 40.1124954283034 43.883343802038 41.5553195630528 43.5360151527975 61.6616124752023 68.8622317691577 89.0009535867541 -1 -1 -1 92.376427252579 89.6311808549149
50.9446246793559 54.3449192349023 45.3500157841641 42.1280100499564 44.2989070112702 42.9742896865358 41.3449115297362 46.6659563835427 48.3357923575823 51.103213808316 44.4749589996661 47.2166337229592 48.9897948556636 52.954475098761 46.000945435413 47.0760378580621 51.103213808316 47.2717186551894 48.8521558833955 58.5716772918437 52.2067625780357 50.9373088784185 64.0512615220349 54.8743207740897 46.1229672707037 41.9531665868142 45.028217385032 45.028217385032 45.3445600493865 42.5366108505421 53.2511504573764 42.9426667046832 43.0399033572882 46.8895843968479 46.2235371279112 46.2558736669924 45.4094453487708 41.3964174260677 42.8023795594243 36.4627846285496 45.948896011051 50.7949623991219 52.0673052260656 52.0281901818547 56.4879030490882 -1 66.3091612846796 59.1701609390442 55.0894601846273 49.9308175644029
50.9446246793559 47.2717186551894 45.2344320861205 45.0854698116251 54.8907832176784 47.2847610219483 47.1404520791032 40.7619732292055 38.607654312582 48.3357923575823 54.6668230141604 51.332579268019 52.954475098761 51.4407799916938 62.2750489041924 72.697319654168 46.6659563835427 43.5410741607092 49.224759248542 50.9446246793559 43.3253714817324 45.0854698116251 54.3449192349023 49.1449797063656 47.8984968241207 39.3858672291994 43.1009548350417 44.9210774729987 41.1222109873823 49.6971118310549 46.7707173346743 47.6769360547397 48.526158606197 54.2881269548491 60.0376231800426 53.4522483824849 47.510322764961 50.6677108175356 49.3827121251362 45.3143732579718 50.3980050136593 54.1946762797135 55.4700196225229 46.8895843968479 47.6124972072341 44.9210774729987 64.0235516952905 58.3579829576464 50.5629376591073 45.3482989699331
58.3579829576464 47.1404520791032 39.1826862136743 43.6771371279335 50.3382225707634 51.1141234745425 50.9373088784185 50.9446246793559 53.7801793629186 46.000945435413 45.028217385032 52.9549933323484 49.9287241262732 45.028217385032 47.6769360547397 50.3382225707634 44.8580406566289 50.6580407514143 48.3357923575823 44.3721741176365 50.9373088784185 50.2189738473052 49.1449797063656 49.1365798513921 44.8541882876816 44.9210774729987 42.6573916485363 45.2344320861205 42.0846899525114 48.8521558833955 54.8155848101767 61.8595235781845 56.3642003129919 54.8557553655755 54.8743207740897 59.0014331558093 52.3230223226009 49.6950184084492 46.2558736669924 54.8155848101767 46.4095480892257 62.8834391797787 51.8172485728138 51.1141234745425 50.6580407514143 34.9986091869518 44.9210774729987 46.4095480892257 47.0760378580621 47.2847610219483
60.2558647002035 62.3609564462324 56.0219737108712 54.1946762797135 56.7220961387109 58.5716772918437 59.16448957406 50.9373088784185 45.028217385032 49.1365798513921 44.3721741176365 45.2910813657838 48.4044609761948 51.4407799916938 52.8657078984069 55.415823205457 49.8193853218419 43.6771371279335 45.028217385032 43.1009548350417 53.0179569358281 50.9446246793559 45.028217385032 52.2067625780357 49.9287241262732 48.7802758030622 48.3357923575823 62.2750489041924 55.4700196225229 44.3721741176365 42.3659272868162 59.9144689515278 45.3445600493865 45.2910813657838 54.6668230141604 62.3609564462324 45.3482989699331 38.9316004765989 53.0710182859546 53.9551028086559 69.7247334992287 62.2649425995325 43.883343802038 46.000945435413 40.933645051289 45.3482989699331 46.8591666967672 40.8562206919677 46.6659563835427 47.2717186551894
57.4679397800556 62.8834391797787 60.0325271329093 65.7168578051818 68.4366223331416 70.6516474508081 53.0179569358281 55.4700196225229 51.8172485728138 46.4574670984691 53.3676790298888 45.0854698116251 47.3852628378131 50.2189738473052 53.4400641451753 54.3894716363497 57.5888523208409 47.6769360547397 44.3721741176365 43.3629090391994 47.1404520791032 49.6971118310549 44.9210774729987 44.9210774729987 41.3449115297362 49.5510047973811 51.2401821027199 45.2344320861205 49.224759248542 49.6971118310549 53.0179569358281 50.9373088784185 45.948896011051 38.9316004765989 39.1826862136743 41.3102379244425 41.3449115297362 43.2390757620292 48.1750164991041 54.6143896254469 58.4705346204686 47.5416546501654 54.3449192349023 47.2717186551894 54.8907832176784 51.7345476338665 49.8033810708776 47.2143979317381 41.3102379244425 38.9657157403462
55.4215903127375 71.4681209189965 51.103213808316 48.9199590470229 53.4400641451753 53.9071693375093 50.6369683541833 52.6686798886372 49.8361427337883 48.8521558833955 46.6659563835427 53.4400641451753 43.0979855879245 42.7029153220522 46.4452203067056 45.3500157841641 48.9199590470229 50.5629376591073 54.1946762797135 46.8591666967672 47.1404520791032 44.2989070112702 35.0671434751087 39.1604195781718 45.3445600493865 45.3500157841641 47.3925473858292 48.3357923575823 51.103213808316 46.8591666967672 47.2847610219483 48.5681317212827 50.2189738473052 48.9199590470229 47.2717186551894 48.9199590470229 42.9742896865358 50.6369683541833 44.7497811350382 42.8601551416596 40.7992328103205 44.7497811350382 42.9742896865358 44.2989070112702 56.9962245434378 53.4818445110833 39.1826862136743 46.8895843968479 34.2770158286434 43.7450011685417
50.6390591412079 52.9682077709019 51.0239192438359 50.7871386163009 48.1628259571725 50.5238107083062 47.4066866526774 52.5761935953176 42.973972455203 44.9101880688343 47.1404520791032 49.714872890024 41.9507854939218 43.4041399602201 46.4458352171647 42.8236050695118 41.8867612484282 46.1785942334073 48.3554232608593 51.7465572148051 41.2740783259298 41.9303183853298 44.7919891168976 46.5739867651569 42.4004186271561 43.3006596451132 40.2872045895391 38.884486119526 43.4025583515093 41.9383960365025 44.6133901397329 40.0339914628486 43.2474728414131 50.163986528429 43.1123632085364 43.9011893141026 43.0630550159579 43.6878856591476 42.2746568432359 49.877408454667 47.5012399341953 49.5725251422881 50.0275582905468 47.7412527987571 43.0664063905206 48.6652160416346 48.0204601375088 48.5971851802501 46.7757104437603 48.3696156549849
48.1495178415742 44.8627439751548 53.0179569358281 44.9210774729987 44.3721741176365 40.3561287732397 42.5850358712065 46.1567479442053 43.2390757620292 52.7381228286656 51.8172485728138 45.0854698116251 40.7992328103205 45.8651357246356 48.1745964046592 34.8977614065299 48.1495178415742 54.6668230141604 49.6971118310549 49.1449797063656 48.9897948556636 52.7381228286656 56.0219737108712 65.1828050709931 56.691778587484 45.8952989968998 35.9486813709167 45.4610114542059 52.8657078984069 49.9287241262732 46.000945435413 45.2344320861205 44.3721741176365 43.5410741607092 47.2847610219483 45.028217385032 52.6960388131996 46.4574670984691 46.8895843968479 43.3253714817324 46.2814000104866 41.3102379244425 36.655274271091 41.484115661455 39.8048658167441 45.0854698116251 39.7177514241657 41.7512594911051 39.0132135942886 51.176917873949
43.7450011685417 48.2933481139514 64.1993571220989 45.028217385032 45.0854698116251 51.7345476338665 44.2989070112702 49.4899195468344 53.9071693375093 52.7381228286656 44.7497811350382 -9999 49.0827547017973 43.0399033572882 45.6413144032754 37.4465430947049 40.7992328103205 46.8591666967672 41.3449115297362 43.3253714817324 44.3721741176365 53.0179569358281 67.9366220486757 58.8348405414552 60.4666877122188 55.2777486120378 32.0414186006557 49.7814909096527 50.3382225707634 49.9287241262732 47.2717186551894 38.4807644254793 51.5768176094025 42.7724636613963 47.0760378580621 56.7220961387109 45.028217385032 49.1365798513921 43.1009548350417 46.8591666967672 44.5180412671628 39.1826862136743 36.213510236389 35.9486813709167 38.0515812176712 37.1420188108797 47.2717186551894 49.6971118310549 44.6535650453682 41.3449115297362
38.4807644254793 43.883343802038 48.0172820516067 51.8172485728138 46.7707173346743 56.5346010578127 48.1045692920835 44.2989070112702 50.5769185632935 48.5681317212827 49.1449797063656 -9999 52.9150262212918 47.5416546501654 44.6535650453682 57.1763109855068 47.2847610219483 54.7460898008771 37.7246972698195 43.2390757620292 42.5850358712065 55.970980445981 72.7257210079837 77.7575790100237 66.0292480018931 46.6659563835427 35.9486813709167 36.9800130816819 45.858603676698 55.415823205457 56.691778587484 47.5416546501654 45.8952989968998 49.8193853218419 73.4181075918777 63.0289582069192 62.0173672946042 39.4029037675664 51.4407799916938 43.3629090391994 41.1222109873823 39.4752436385733 42.0846899525114 39.1604195781718 38.550137882057 45.3482989699331 52.954475098761 53.7801793629186 47.5416546501654 54.1946762797135
45.3482989699331 50.9373088784185 50.79431946783 48.5681317212827 49.6971118310549 41.3102379244425 43.7450011685417 40.7921037272623 41.3449115297362 43.3629090391994 51.1141234745425 -9999 62.2649425995325 65.7383985872015 59.8107208755052 46.7611723748125 40.8562206919677 41.1222109873823 41.3102379244425 47.1404520791032 51.1141234745425 62.2649425995325 74.6275617763329 86.9104067613241 80.860754006264 59.0834374572238 48.9897948556636 35.143130387289 50.2152874236787 54.1946762797135 58.0119351115321 50.5629376591073 52.2067625780357 71.7105351517015 73.8877642739426 77.7575790100237 73.4386190585769 60.4967418067351 52.2067625780357 41.3449115297362 47.2717186551894 38.8830446198656 34.6569637021509 43.2390757620292 48.1045692920835 48.8521558833955 51.5768176094025 59.0834374572238 51.4407799916938 66.3091612846796
66.3091612846796 56.7610758488158 55.1356848252506 46.4574670984691 57.5511169094111 51.1141234745425 49.6971118310549 47.5416546501654 48.1495178415742 46.8895843968479 49.224759248542 -9999 -9999 61.8169875549772 -9999 47.1765996182859 39.2232270276368 45.0854698116251 41.2032451221234 53.9071693375093 61.9529559558183 81.3653721822709 81.3403779733466 85.4292478549676 86.9104067613241 78.4464540552736 54.1946762797135 45.028217385032 53.5427552247747 55.415823205457 47.2717186551894 47.1404520791032 52.2067625780357 72.0148160005226 85.5749783702977 89.0009535867541 62.0173672946042 65.6330123313894 55.2777486120378 56.7610758488158 50.9446246793559 40.8744250733225 38.9316004765989 34.9986091869518 36.6391169125466 47.5416546501654 51.4407799916938 50.9446246793559 46.6659563835427 51.4407799916938
69.4808333779651 66.7000103386224 62.8834391797787 55.9513062013628 56.990027617674 56.6339477328431 55.4700196225229 58.6315446858824 56.3642003129919 49.224759248542 60.4807396956758 -9999 -9999 -9999 -9999 64.3048650163599 46.1485003418308 42.9742896865358 36.9697394287314 43.3253714817324 49.9287241262732 69.5914339786469 98.5170190319235 89.5807884794885 85.7346333194897 79.9783657568194 55.2777486120378 46.000945435413 52.954475098761 57.2512207006064 56.7220961387109 52.2067625780357 56.0219737108712 78.6203289358708 81.7015485702652 89.8717034272917 59.1701609390442 51.5768176094025 50.9446246793559 45.028217385032 42.6573916485363 39.2232270276368 39.6684925587235 48.3357923575823 46.000945435413 46.000945435413 48.8187801195831 55.2777486120378 45.028217385032 54.8557553655755
