data/derived/r_cv_scd_1000.asc
NCOLS 186 
NROWS 74 
XLLCORNER 443300.206538099 
YLLCORNER 4085841.77455235 
CELLSIZE 500 
NODATA_value -9999 
[rows 42 to 62 of 74, columns 48 to 95 of 186]
19.7959678187337 20.0382180756895 19.7371136750114 19.3698936156778 18.7758086839299 19.8553763385877 18.7050138428176 19.0950442923517 18.9916225768486 19.2520487570265 19.6496080174678 19.5691450268654 19.3930388269099 19.9833000128254 17.5376589341128 18.6812575836374 19.8477476392076 20.0622991006559 20.1125127779673 23.1266745755432 26.9568306215977 31.3107457933062 40.3611818082722 36.1008424956274 28.1316490856574 24.4811295313744 23.8394265498272 25.0077783449855 24.3360569107944 26.6016368646163 27.3001674958075 25.0783387991126 23.4197737331104 23.1973356518504 26.2391393274861 26.1634886295608 29.5222735530706 25.4735576149069 22.7467457843605 25.0991359270555 27.7817684177987 33.2929203820114 39.8206979505853 36.8710123725586 38.1163059318888 41.684166309439 45.467655452065 47.4365637780375
19.8625984369655 20.3273629220721 20.3848313487194 19.326527763457 19.4404975110713 20.1532589462312 20.2367215505345 21.1013082487353 20.5446653110947 20.3526681173404 20.4281208629351 20.4495074732527 21.07826924818 20.7963609215612 19.0543863826352 20.722559632138 22.9235305615226 26.6076193481057 25.8890245295054 27.2940093643095 26.464171144546 30.9630213661172 36.2631540906489 40.9109900024526 34.2166256025427 28.4108512049311 23.9061320678515 24.1400556009194 23.8227069729988 24.7584733855217 27.6188567859475 29.1597595486516 34.520385196665 35.7844777264367 33.1433449830148 30.1912474054043 26.4116992007572 30.3117703013766 28.1420843125548 30.5610759628375 32.3104448722457 33.771163038774 42.6658496135257 38.5825408403449 44.0481733628673 55.3056636475641 52.3805621447335 50.648180835896
20.4712201304699 20.013004298888 19.4031438977593 19.2965884427042 19.7558607715822 20.487008537733 20.4471362169496 20.4766086776359 20.60510501779 20.9228936200746 21.6475189669641 21.3247302331553 20.795631595704 20.215188501566 19.5681418343593 20.2732877740238 23.8921257238851 28.3406827826691 25.6394428128109 27.2943020939739 28.970005781915 36.8353939209608 36.6856270201137 45.9911350514625 44.2846074859118 30.1758876753634 24.7435829652697 26.5387959845147 24.4697615593048 24.4327391008002 28.1779087630479 35.3704031158521 42.0283447970743 41.084378464888 35.6566209344011 33.954652026894 34.2455442080216 35.3850613126862 31.893018883892 30.0600360816611 30.5316160860874 34.8846515060811 48.1999108524533 46.8262323955071 52.9348066278824 54.3101949046855 59.8937193512686 55.0887352456371
19.7861221665428 19.6514205899073 20.6204767157344 20.5529763950362 20.0092675501706 21.1974760345954 20.2500006732048 19.5648225383072 21.1974760345954 20.2860942656419 21.0336955430165 22.0517232483343 20.6605232717476 20.3829326738973 23.2736961660141 22.8089488362215 23.7341008270233 31.2693191859057 35.0255108279351 29.0456855639564 33.1266654259198 40.1339296318253 40.2598280400916 37.9972896153174 43.6846897918381 28.9331653610756 27.4465069344883 26.2850022336862 28.1271351913419 26.6169366659973 36.3241630652039 48.6862187177269 48.5218949522307 43.8826687485952 41.7223033745991 36.1981471315923 35.2162046566293 35.6018217502161 34.5991148586472 39.3317285544965 43.1464055014124 37.4359993488285 50.1497060504946 51.4653537263357 51.4764103917385 49.4290919251198 48.9749269357898 57.3959183430285
20.7100468868332 19.1054684971016 20.1722052327692 20.5574588273336 19.6072207024712 21.873592501267 23.6018247466262 23.1413024637173 23.3469656924954 20.8566475525173 22.2345100285498 21.0149996871657 21.3195202243388 20.6135774793666 22.4505782153022 24.4533663945822 26.4792296076416 31.2189414357951 35.4400768787066 39.5736907947913 44.6611056793323 43.7684872182348 45.8038348278826 41.3125981902708 37.2658789668048 29.6527285218503 30.0579911131977 28.1319415682012 26.039636673016 34.9986091869518 46.0061983373414 49.5027061539171 53.0179569358281 55.9716535951185 41.7016946781703 33.4652917330621 36.1959970828925 37.5042634998045 39.1572694432882 45.3143732579718 56.3919799409637 54.3101949046855 56.386109860095 54.3154005264045 57.6461353698314 56.7287320364341 61.7359919351879 68.3677211785306
20.6763632322057 19.2141441133737 21.0475653543472 20.9376155743383 22.4439504787757 25.315511759594 26.7752213268337 25.7257299791377 26.2342133076315 24.46551533427 21.4299633110114 20.3455009113099 20.1843140917065 17.7156957712183 18.7721629226018 21.8012593010837 26.4197974633739 29.1560635646146 32.1433570685232 44.8925145520252 46.0094075828468 41.8585326084987 48.9073231281637 41.3964174260677 34.749199748808 28.9404744421481 27.3827088943743 26.4297803836105 26.4116992007572 36.374124361652 45.2344320861205 49.2819015546427 58.7324574587373 60.0985384142296 48.1495178415742 50.207546452677 40.4061017820884 37.5634798771689 54.2341788344412 52.0354908470393 59.6141439076848 67.2252242036482 65.2925875543283 53.7308424235463 51.7164118217772 57.5081216359556 70.3880912259741 65.9160016858775
24.3007297064263 23.7567292171631 23.5048133526799 24.0799529526888 27.7422728598036 32.3555441141387 32.089518501552 34.2670721451199 31.6770486108277 26.4164828670313 22.4787744516552 22.5037119644762 19.7429202122339 20.0341413725214 20.0386165760477 20.318619591894 23.8149597000849 24.4591861083243 26.3594608156571 40.8562206919677 49.1365798513921 49.8023805886282 46.2250163521024 38.8552977246485 31.6523496530294 27.8455042939224 29.4867294489556 27.3289889450784 29.2372001565761 38.0555845026671 43.123291155571 54.0335673034194 56.2948864913831 62.4482496069524 58.8990171343298 46.8591666967672 46.8895843968479 50.5180005153448 57.3739211395132 60.5720735432294 61.4833544998067 58.0119351115321 59.6141439076848 48.5864459455221 55.4232251482669 54.4122016574773 73.8877642739426 78.6270789518592
32.7690894901428 30.1281980320319 31.1840853738219 29.9394975466603 34.177358119295 35.5161123255744 33.1153119342254 34.4901432097995 34.4072473603292 31.4883116438534 26.8357878413812 25.2126718215181 23.9137154561723 22.3219071463395 25.6184406093564 27.3875519058188 26.854000383545 28.5136573942686 29.7150076248649 41.4659131330894 49.1184112904591 52.245300904442 39.5816398116113 32.8966954934925 28.3583318298066 26.8095852993009 26.6040627653742 28.7563195425782 32.6021120837002 41.2472631462014 51.9826964251922 59.1069837330133 73.9775266432254 66.9232637447588 53.7038594947688 51.1294378750789 49.2454284527782 51.4829340185271 54.98979233096 69.5836683418298 85.94202738261 76.5625772233043 68.1138169542729 64.7752989276745 64.9709847398411 81.362607438494 81.5618789610887 86.9433971063041
33.8599093934059 33.5220020739451 32.5809354962938 34.5726653840938 38.09545587129 41.114219876756 38.6140098270804 37.6780247738844 34.8203748860532 27.0337960067798 25.6454083477735 25.5304785995019 25.7676507315192 26.2176833370641 29.4468064576784 30.3151591739124 32.8292167101642 32.8057165858648 40.16805842476 50.6289144239419 57.6461353698314 60.0237820673208 44.0305083319716 25.8999435192134 23.6695796235454 21.5408355766653 28.1175797428991 29.4039105477324 41.116662411784 49.8827926538644 57.5957555198 58.8990171343298 71.4915975271187 60.865551707147 53.7167941514669 51.640503344376 62.9974965365133 65.1046735982357 63.4612976550557 85.0245388806736 94.6590541811059 75.6814344650877 73.6825375391432 77.3492468153762 70.4852755189561 86.5211625041788 95.1582742171324 108.005697855395
42.0212829899511 38.5659259625228 32.7296419212228 33.3999539445465 36.3871916278278 43.0771247860518 46.6521246094199 39.0622112161107 31.3393338498738 29.5010774043775 26.8431257187778 27.4169151833995 26.1128425327189 27.3613277531333 30.8611988133925 36.8091134518549 38.7759692243801 44.0619222396503 60.8676150511043 64.0843373112375 59.9878609182433 45.0854698116251 34.1565025531987 30.4638410250233 23.134673869341 19.7488134540013 25.8631969925933 37.7197298523136 49.3248207843001 47.2527646061887 55.1251249650807 59.2028544950516 55.9914523391092 63.0261023029857 51.6466738268682 52.2126163920857 63.4660910371709 66.9230685660509 70.6516474508081 90.543164080459 80.8763151693656 72.7139294051013 79.8469422585122 75.3995372560306 86.0130961936162 93.6745898038992 104.937912818071 113.601393220507
50.005684666406 43.7812246334556 38.550137882057 37.663270782453 41.2612249913015 40.0661823414929 41.2872663967613 41.9594960849289 32.4685708932843 31.4818623619113 24.9599180289112 25.3622094678969 24.2594939512425 28.6445949615773 36.2499179822387 45.2020114916528 50.2448250633534 53.6239416621294 62.8159705317537 67.1284799159568 63.382950897146 60.76436202502 47.55349497563 27.6763000161976 24.2785354005717 22.9511301440588 23.4044500277536 32.6769418109446 44.74023131349 48.8194961718328 54.2408415127829 49.9738609125674 48.3357923575823 43.9024450938605 43.4095358365828 54.855077180442 61.0030123958442 64.6768091176048 76.4601454756257 81.8992025103983 73.6825375391432 79.0445297070525 74.2432616645743 74.4517166953475 97.3290011914972 110.396562792009 114.483311281867 115.880542348432
49.6116859771132 50.3661804860378 49.6691597471549 46.4749239132775 48.0823569789772 50.0633364634521 51.476872416776 43.2620553756855 29.0096916936653 28.0777131202369 24.1298092364158 25.5069390855318 25.2615057846382 31.4346690423516 35.1199866392125 48.0349494609903 68.4366223331416 79.6957536688124 88.6771378698696 82.6492369979961 66.1147596633455 58.0119351115321 45.9857077219142 30.3262519917942 27.8565141081598 24.3285464984968 26.0207833574419 31.0803801213889 45.1101235340702 55.5650514201759 58.2900005946286 52.0354908470393 42.5850358712065 34.7065010963934 44.2989070112702 46.8746688905449 67.5201774210818 69.31877198568 99.2156741649221 91.7227418573081 90.543164080459 77.4779784136472 77.7575790100237 93.8083151964686 110.396562792009 116.001935470959 115.632688426637 123.952017184484
57.3656413224006 55.0834642536945 49.6971118310549 49.6971118310549 53.0256504141445 56.5274307513656 50.8588038350001 43.343194144323 34.907058059758 27.7996107696724 24.3326934235115 25.4885484782095 29.3840482574087 33.4301437302169 38.9341846386122 54.5274016153197 66.5212236560595 80.7427377614104 90.7183133253273 85.1968307926994 68.8997409357343 52.0708382168263 39.7271863699158 31.8769675652329 25.8896270725294 28.0849073210287 30.3117703013766 34.2324180359161 40.8140232465781 58.6315446858824 52.1175528611937 48.1045692920835 42.4336741013083 29.4569788212847 35.1319609463364 45.9010988401862 48.7975058911476 61.2314277907003 103.312653017451 94.1144675357877 93.0765698940816 87.307691688868 90.9536029629121 94.053994312596 115.558842819778 118.422682050069 142.763569390349 146.214932430654
50.6369683541833 61.2584028380792 56.0779284016891 54.3492976389406 52.4918443065904 59.7544834351222 52.6822636413053 46.8619717050914 32.1801915279787 25.3173972765844 24.1183041327616 31.8331080838777 34.7457185458145 37.3447493022443 38.9316004765989 52.1289890430938 63.2842864877076 75.9027871413604 81.2341875000157 70.0443366933149 52.7196649172597 49.4918722119271 42.6896301823666 34.0902802175734 35.3426940508017 32.8490460905614 36.4627846285496 42.3984111615714 50.1691803289399 71.488498172506 64.4254687653961 51.7345476338665 46.1509970630595 47.7915702612311 56.6151859648922 69.3375245281536 73.9600261633639 84.1244499353373 112.254327678337 151.854787253076 105.748613375161 105.298846452269 105.298846452269 107.99796920379 136.187402306559 130.088727117598 150.781440287068 151.655587548075
41.921267728929 52.988390930712 65.1828050709931 66.8508690310303 61.685721241858 56.37016722916 43.6725177240639 39.3657481426404 29.9263569487731 25.5346117852349 26.7789984535331 34.0944836306263 43.7265799551803 50.2568161277534 51.7579312127753 56.7524827561843 65.7168578051818 75.5551063051371 74.7319856271648 72.617924788827 53.2839587523943 52.8651120572593 54.6394514049682 44.4038210969962 41.1168763011394 41.1376675603721 48.5838391108458 64.9771342244945 64.0190874497834 77.7556089015266 78.1648736495258 76.9736325750014 69.5538667840645 73.7459255719361 71.9549497456527 70.4952183332149 93.8083151964686 101.083362398795 123.651318727226 156.892908110547 148.542779242066 147.663023370901 157.306386219057 129.948696154389 144.47731381441 119.828937903056 198.713813025616 -9999
36.7599001705476 48.5362671697075 62.0345442419755 69.1113659123053 72.8890973522139 60.3154454193515 38.0985864341889 32.5558543048604 23.8099295696326 25.5494981712792 29.6273050846841 37.0914888716105 41.3102379244425 60.2679497112958 73.9422451735256 75.6846268825087 84.1028046371699 76.4985615193509 63.4795453612107 75.9027871413604 65.9102338915241 65.0599948395692 56.1298744448568 40.3006335281323 42.2534506283018 52.6960388131996 53.2082988524539 61.167521079056 74.1507926039539 58.5867532285323 81.8992025103983 89.8717034272917 112.249721603218 102.045201457471 93.6507423273384 89.7997544811494 126.571494788797 121.949968724042 142.763569390349 139.228644267677 157.306386219057 146.759877141069 102.045201457471 127.942294684873 130.088727117598 -9999 -9999 -9999
41.3576874779285 63.4858492228428 64.1056370678463 75.0620950910302 73.1646424432331 54.0364433105242 38.0962217993414 32.1412426924185 26.3161823829328 26.3813849006508 29.1085271643067 40.0660704381117 47.7215487892154 62.4561597640088 68.4413848849684 70.2559423529244 94.1275956437129 95.0197296815195 81.1456430414806 77.3492468153762 58.190776318488 50.4745440111561 49.7551159829887 50.6721473315854 57.9419101968942 56.4879030490882 60.7037464841192 59.7674721518249 78.9780884900265 79.2510047090156 73.1699812344253 73.3799385705343 110.458818796437 119.828937903056 97.8610749584068 124.16003398577 141.42135623731 -9999 -9999 149.035359769212 168.614261647019 168.614261647019 151.91090506255 130.088727117598 150.781440287068 -9999 -9999 -9999
58.7810914295965 66.5455309717166 62.4900312417635 78.1906775215694 62.8981911019316 53.5122785054239 38.829013735766 27.0444886589584 25.6977075927735 27.1530367354016 29.5492113635933 37.6339640981968 48.5301523643706 73.5978894553329 76.8324720217585 90.7340973090855 84.5354884821486 81.1456430414806 72.7952285465558 63.5103647727395 51.8448556589449 46.5130254709532 41.6025147168922 51.4780848270962 59.3729993148771 59.4672730526305 66.5640235470275 69.5914339786469 84.7318545736323 79.7128877314576 87.5106831085191 87.7058019307029 105.320025124891 117.261812676892 119.828937903056 130.855175377502 138.475162080411 -9999 -9999 -9999 130.088727117598 149.035359769212 119.828937903056 164.082530828473 -9999 -9999 -9999 -9999
74.04682366213 72.5904965027366 70.0190319856507 61.9817670878513 50.0490853671788 52.4254948401796 41.1220548708831 31.8941222921548 35.7799728890929 35.990143597567 34.4263287005408 38.1735190049049 52.0207485178863 70.1954669913808 75.8481102043741 84.1028046371699 88.1314769796402 89.2491309408187 54.9990228623614 45.1744299705952 41.6515381448352 44.3976783869815 47.6808313201864 56.1291035375988 69.0458647132332 67.8658915536543 69.640476631277 76.2631440338794 78.6912173772124 73.1699812344253 94.053994312596 95.5192735730943 121.629430617488 118.179296637974 110.458818796437 119.828937903056 132.649640033814 -9999 -9999 -9999 -9999 130.088727117598 -9999 -9999 -9999 -9999 -9999 -9999
98.7403596580358 96.4657651765557 72.9967508936229 61.8928246841943 54.522989740626 53.1879150788578 48.3340701387989 42.7788569319117 43.4484832553073 39.4668576740055 38.6431553474322 44.5360512886169 57.1271954335711 71.0250795360674 77.0254756090812 78.7845873029297 86.8069878530776 94.6795541900865 83.096533006224 53.6681865045251 55.2240060101487 54.972687450838 61.6462000607909 58.0269829378723 76.015743618855 88.5890501457154 83.1719721586106 92.514988822212 87.852573672146 96.3692445227096 102.560258546229 97.317140976007 145.02983777883 113.210325626929 102.882476702258 115.026088846049 124.255704583833 154.544164250426 -9999 -9999 -9999 -9999 -9999 -9999 -9999 -9999 -9999 -9999
114.510328724598 112.38395724548 71.6327856526856 62.0938847417134 61.2584028380792 57.0868858011116 50.9614489308209 52.8478434610566 50.3469558890767 49.3248207843001 49.8044863359224 55.4700196225229 64.2416621544965 75.0673747790478 75.6383093819121 82.1071596178103 91.2590002586327 90.6322235850644 77.3492468153762 52.6179543526345 58.8990171343298 64.3048650163599 66.9013701946741 67.0417505199419 69.4230736347541 89.7203622524625 91.7140675502843 89.2491309408187 92.4347504439626 92.4347504439626 95.7454773862647 -9999 -9999 103.774904332554 129.948696154389 112.622203333804 -9999 -9999 -9999 -9999 -9999 -9999 -9999 -9999 -9999 -9999 -9999 -9999
