data/derived/r_cv_temp.asc
NCOLS 191 
NROWS 93 
XLLCORNER 442474.332677425 
YLLCORNER 4080120.41147431 
CELLSIZE 500 
NODATA_value -9999 
[rows 63 to 83 of 93, columns 47 to 93 of 191]
5.74688437242039 5.20437973510565 4.76147215544825 4.5222812190062 4.12744491217706 3.61740371041697 3.60820462402932 3.81582827762529 4.46547347525236 4.78677869377725 5.11316346527921 5.58079193814132 5.99174327553365 5.52173391494411 4.87666669924983 4.32780323048011 4.08131070688155 3.95118762277478 3.80374227173021 3.54416436283827 3.10334775246486 3.17707240093146 3.71055687229846 4.44472924640923 4.88500658530941 5.42534117866452 5.94295122932086 5.79835303337174 5.54512361093212 5.1240979409054 4.70378643022642 4.34839066108062 3.84847406314132 3.27041219326239 3.70186779955351 3.90419620083492 4.03830534092307 4.03026767111361 3.79970680846662 3.59996038126974 3.37448982220883 3.21206382852811 3.32437961355497 3.79137465624931 3.98490085007223 4.10138483041183 4.14636547489077
5.37582303602498 4.97808808288268 4.61939601929853 4.2567965854748 4.04436971276388 3.64155631417411 3.22835059078035 3.85285373801099 4.49320438141727 4.97176524445655 5.31053761087735 5.86187162399801 5.88924227788763 5.19079327061182 4.45654599819852 3.86410721643065 3.42939239322726 3.39817587475701 3.4962142244146 3.4104744322304 3.0621883334477 3.38105608958399 3.74349467239001 4.11142626391446 4.54992439285289 5.15524283474685 5.18613346846323 4.90748824110583 4.68003979423637 4.53647302295772 4.23978249929379 3.92768530136185 3.68285791173112 3.15804957679412 3.04376511326153 3.36668082371937 3.492069811552 3.70666689299881 3.44948994264549 3.29395097880939 3.16686167040614 3.06016941721759 3.22911885619878 3.61784810143637 3.66007227244906 3.81133551393807 3.89580496201672
4.84289548066004 4.47038128710879 4.20098777772014 3.80924938170777 3.54910377206457 3.36013967176169 3.33086888572238 3.79592876119658 4.4669195601816 5.01618299849521 5.6878869210025 5.85277347933013 5.58472120832679 5.22990346225207 4.87172764306522 4.0758935988484 3.55902115935652 3.22228513088894 3.15217554353929 3.20200923505812 3.0553993695853 3.1078158883385 3.795060111297 4.09076497282811 4.74625555901217 4.65680241084549 4.54568332091264 4.59589609403959 4.39043198320617 4.05023518001057 4.0137928560457 3.78205797676252 3.54055006732198 3.30893981131223 2.95144506576116 3.03123940305916 3.27053747678467 3.46299421622498 3.24547983864684 3.1398921921724 -9999 -9999 3.16450887882457 3.33869165835037 3.53944918488449 3.60754584054418 3.68558474463923
4.39852256972505 4.128169353741 3.67562897554336 3.54235362340178 3.25991790336328 3.05949118672284 3.34911783179306 3.80868462556372 4.56124815659377 5.23689750568351 5.58397750056485 5.36831454358739 5.2525483096621 4.817858750576 4.55868260459402 4.07144769480339 3.75621056969777 3.38393835235944 3.10882512977727 2.90975933857396 2.8597220713961 3.29469927569853 3.59759783383283 4.10015939807976 4.51460077453886 4.3033209258448 4.16630483158735 4.08364611768524 4.05678386157763 3.88337163993215 3.72091549995372 3.5823227868177 3.37454882503589 3.2364334454425 2.89349025215852 2.90900796269987 3.17636614236735 3.2281776835082 3.10414971787084 3.01874331153705 -9999 -9999 -9999 3.21743791960012 3.38222202036171 3.42601424872726 3.55692702429682
4.08665578641984 3.66533558135402 3.41244210361206 3.30766169193391 3.01542123472972 3.25341678877886 3.69723960459686 4.04416328628846 4.75782806999354 5.17100545677537 5.11039970624109 5.05052872309984 4.96570209051683 4.45946356645073 4.53197288193318 4.2548029988088 3.83086946393157 3.4202528683345 3.20916889066884 2.91544294604758 2.91857909814659 3.4287489825384 3.77714085034247 4.15399390782508 4.17195306053434 3.96362567010442 3.82087595699583 3.58373861123765 3.72861411947182 3.64748097966412 3.49766628937492 3.36153007914554 3.29063916656545 3.1502435943063 2.84854235507201 2.81834444785287 3.10197549764981 3.07895124116427 2.98254187518231 2.90072247938751 -9999 -9999 -9999 -9999 3.1957052671296 -9999 -9999
3.83500247872015 3.52619281632214 3.13434060377913 2.9420599252615 2.90887646203482 3.27039148359397 3.63279173241144 4.10108761813697 4.40080238138253 4.8244388933209 4.74120749837696 4.59364299583379 4.4981645761966 4.40876128373064 4.27014156022575 3.89920394060643 3.64059076622382 3.3763161237957 3.1284131623093 2.93605483583848 2.68380411752003 2.91744755291417 3.43324745554776 4.0180299086544 3.89362977400551 3.688274647555 3.57865593788959 3.44312204197987 3.42240726555792 3.42820963375604 3.37136932372278 3.21732052963869 3.12045169880263 3.02798950020259 2.84164154647838 2.70993698449332 2.92116323725079 3.04053904837564 2.9387962194145 2.82090079346619 -9999 -9999 -9999 -9999 -9999 -9999 -9999
3.68160903896798 3.40769700129334 3.07950460936566 2.83613112442562 3.03408443635127 3.29085495643076 3.70810493989145 3.94040359120107 4.22907136885358 4.47903585384237 4.4030549102082 4.24244735719251 4.0719529224353 4.30912485269599 3.89196726397505 3.44702893844553 3.34633413096689 3.06924380372226 2.86484358094238 2.64221934760158 2.6189982950026 2.86036858189295 3.37566066827826 3.83178981195328 3.6438028398318 3.46702947512144 3.33888054828813 3.2629890399869 3.07843262122854 3.18579254777049 3.15428668347184 3.11024222412895 3.03689848115679 2.92683660423713 2.74533542133146 2.65991963851321 2.84684400517928 2.88585409747365 2.86909869874241 2.80218114010041 -9999 -9999 -9999 -9999 -9999 -9999 -9999
3.75381669278169 3.22081823633474 2.97373391995373 2.71377540689448 2.95579296849696 3.25206756555264 3.48803602435833 3.82877077598499 4.00653820370475 4.27183556100642 4.173707929379 3.88288887080467 4.07902245358773 3.93638075188551 3.75089774770776 3.42666887208223 3.19094429545877 2.99938929996006 2.81100168067012 2.66055409355763 2.61244842284107 2.87310153482814 3.15081733757754 3.49105920788494 3.43013288179839 3.32736911771062 3.03303513970243 3.09254380992247 2.91282774290908 3.01703849185825 3.04851557636079 3.03886129663145 2.9582437979136 2.76438064719964 -9999 -9999 2.63241480570843 2.69818871943307 -9999 -9999 -9999 -9999 -9999 -9999 -9999 -9999 -9999
3.5876024307495 3.28291050962857 2.78289897306397 2.60993318061677 2.93697405857128 3.07823065100107 3.34111858380939 3.6216180290041 3.87909222473939 3.95580890044406 3.69735383854793 3.78746842040443 3.6322829961176 3.61938524794192 3.42965456414147 3.31323366652098 3.08321078951869 2.95891715621949 2.82101480380912 2.65260789259861 2.61588011184268 2.80732551626373 3.07882867864456 3.26915899613813 3.17151896622078 3.10584538711852 3.01370040517687 2.93642561137709 2.90451931301063 2.84712067603486 2.87666588532756 2.88099784634161 -9999 -9999 -9999 -9999 -9999 -9999 -9999 -9999 -9999 -9999 -9999 -9999 -9999 -9999 -9999
3.56101765622776 3.24999682836407 3.03063264675241 2.84724423934551 2.73849150469325 3.01697005611947 3.27319266178124 3.52726902934656 3.72330293363893 3.66920628707984 3.58021010836131 3.50610342584611 3.35847797866396 3.33611048254069 3.23738153474096 3.1709896379484 2.94235773023578 2.85441274083964 2.78681580495909 2.65481787293095 2.48214757450615 2.80296600725062 3.04463732966017 3.12344566501232 3.04501374172699 2.96753793844897 2.90103546710319 2.80666219017827 2.83238380174054 2.85129173334245 2.79832446657317 -9999 -9999 -9999 -9999 -9999 -9999 -9999 -9999 -9999 -9999 -9999 -9999 -9999 -9999 -9999 -9999
3.55950031815596 3.27666566130685 3.06699448808042 2.80291518231009 3.02640397765461 3.23851582820058 3.14812869586272 3.39505848006467 3.56126321277871 3.53239782419783 3.24354299233938 3.19493098564092 3.11153715719323 3.07152354210298 -9999 3.0245996513656 2.87521488400203 2.75738757455694 2.66447593513295 2.5962279313585 2.59758279916469 2.76446172475726 3.01217029085565 2.98538407213972 2.86577329143331 2.82298605175355 2.76153233639905 2.74498715199363 -9999 -9999 -9999 -9999 -9999 -9999 -9999 -9999 -9999 -9999 -9999 -9999 -9999 -9999 -9999 -9999 -9999 -9999 -9999
3.56022119508179 3.33441443800709 3.09693074828061 2.80716688015346 2.98226154257222 3.19747261336095 3.48512765170908 3.44965493826208 3.42027236509133 3.23002364330073 3.10344229651209 2.95183887194877 -9999 -9999 -9999 2.80540104454488 2.85174167986402 2.65666657616052 2.52259292750199 2.56624868023414 2.55504570735082 2.8822099825449 2.85203955003848 2.81743973834934 2.78115711266131 2.80828768075675 2.76440755280068 2.67664417178092 -9999 -9999 -9999 -9999 -9999 -9999 -9999 -9999 -9999 -9999 -9999 -9999 -9999 -9999 -9999 -9999 -9999 -9999 -9999
3.39953995682833 3.23916490307284 3.03135065901834 2.80136841585821 3.00662340914058 3.33486844287717 3.54248304872506 3.72686067810314 3.58757942201805 2.99446979161498 -9999 -9999 -9999 -9999 2.62733875157284 2.6399377100459 2.66214955191269 2.60827225010374 2.4958663440949 2.64375730905049 -9999 -9999 -9999 -9999 -9999 -9999 -9999 -9999 -9999 -9999 -9999 -9999 -9999 -9999 -9999 -9999 -9999 -9999 -9999 -9999 -9999 -9999 -9999 -9999 -9999 -9999 -9999
3.38717513680653 3.13749285785337 2.90737280985846 2.93242284301408 3.28696723296811 3.63413492726096 3.51781142022293 3.47470572844849 -9999 -9999 -9999 -9999 -9999 -9999 -9999 -9999 -9999 2.36376451077508 2.66244187172443 -9999 -9999 -9999 -9999 -9999 -9999 -9999 -9999 -9999 -9999 -9999 -9999 -9999 -9999 -9999 -9999 -9999 -9999 -9999 -9999 -9999 -9999 -9999 -9999 -9999 -9999 -9999 -9999
3.20512883789366 2.98482114654273 2.82295577510594 3.2216518537137 3.60254855482371 3.42462331759556 3.41784425273316 -9999 -9999 -9999 -9999 -9999 -9999 -9999 2.36190732904347 2.31018195980688 2.33291136008312 2.56941560000268 2.74623813185176 -9999 -9999 -9999 -9999 -9999 -9999 -9999 -9999 -9999 -9999 -9999 -9999 -9999 -9999 -9999 -9999 -9999 -9999 -9999 -9999 -9999 -9999 -9999 -9999 -9999 -9999 -9999 -9999
3.13759219593589 2.88094381050952 3.09558222201433 3.34264455669395 3.32882295093166 -9999 -9999 -9999 -9999 -9999 -9999 -9999 -9999 -9999 -9999 2.56167925239455 2.54637884549352 2.53501548987536 -9999 -9999 -9999 -9999 -9999 -9999 -9999 -9999 -9999 -9999 -9999 -9999 -9999 -9999 -9999 -9999 -9999 -9999 -9999 -9999 -9999 -9999 -9999 -9999 -9999 -9999 -9999 -9999 -9999
-9999 3.03594975276877 3.14833812349691 3.13118762381906 -9999 -9999 -9999 -9999 -9999 -9999 -9999 -9999 -9999 -9999 -9999 -9999 -9999 -9999 -9999 -9999 -9999 -9999 -9999 -9999 -9999 -9999 -9999 -9999 -9999 -9999 -9999 -9999 -9999 -9999 -9999 -9999 -9999 -9999 -9999 -9999 -9999 -9999 -9999 -9999 -9999 -9999 -9999
-9999 3.11367893548613 3.00020389093092 -9999 -9999 -9999 -9999 -9999 -9999 -9999 -9999 -9999 -9999 -9999 -9999 -9999 -9999 -9999 -9999 -9999 -9999 -9999 -9999 -9999 -9999 -9999 -9999 -9999 -9999 -9999 -9999 -9999 -9999 -9999 -9999 -9999 -9999 -9999 -9999 -9999 -9999 -9999 -9999 -9999 -9999 -9999 -9999
-9999 -9999 2.91368310619642 -9999 -9999 -9999 -9999 -9999 -9999 -9999 -9999 -9999 -9999 -9999 -9999 -9999 -9999 -9999 -9999 -9999 -9999 -9999 -9999 -9999 -9999 -9999 -9999 -9999 -9999 -9999 -9999 -9999 -9999 -9999 -9999 -9999 -9999 -9999 -9999 -9999 -9999 -9999 -9999 -9999 -9999 -9999 -9999
-9999 -9999 -9999 -9999 -9999 -9999 -9999 -9999 -9999 -9999 -9999 -9999 -9999 -9999 -9999 -9999 -9999 -9999 -9999 -9999 -9999 -9999 -9999 -9999 -9999 -9999 -9999 -9999 -9999 -9999 -9999 -9999 -9999 -9999 -9999 -9999 -9999 -9999 -9999 -9999 -9999 -9999 -9999 -9999 -9999 -9999 -9999
-9999 -9999 -9999 -9999 -9999 -9999 -9999 -9999 -9999 -9999 -9999 -9999 -9999 -9999 -9999 -9999 -9999 -9999 -9999 -9999 -9999 -9999 -9999 -9999 -9999 -9999 -9999 -9999 -9999 -9999 -9999 -9999 -9999 -9999 -9999 -9999 -9999 -9999 -9999 -9999 -9999 -9999 -9999 -9999 -9999 -9999 -9999
