data/derived/r_cv_scod_1900.asc
NCOLS 186 
NROWS 74 
XLLCORNER 443300.206538097 
YLLCORNER 4085841.77455235 
CELLSIZE 500 
NODATA_value -9999 
[rows 28 to 55 of 74, columns 62 to 123 of 186]
41.0042104635901 40.1355649741071 45.5194452740283 46.032879501153 44.0307422468297 46.032879501153 41.8495368246561 51.7990060675801 45.0318108739914 42.7822574641465 41.0602866487585 42.5511392639457 42.5511392639457 43.9898266795005 45.3019802876277 44.5977258755559 0 0 0 34.0991269659054 35.3859213055769 38.6085847918925 0 35.811364256704 36.5223547983573 36.4225850834131 0 0 0 51.0085795375419 31.4060375664689 38.4189816740338 61.4535561662764 56.2211820699484 62.1977786908685 0 0 0 0 0 0 34.8808448562454 29.8358180999146 18.891651889975 25.7034433642205 21.9988026631266 28.4770520290897 36.5356419197793 42.7803191525293 44.0692469193054 35.0999119068445 44.545214605197 44.0743099712807 40.8803101128604 42.2350645770598 0 0 0 0 0 0 0
40.5211340074373 41.1449406043038 42.0485750484491 43.1864693297824 43.2296887486005 43.2296887486005 41.8495368246561 49.5487238183867 44.0307422468297 46.032879501153 33.3285756796582 31.2459140699124 38.4476407057886 43.2438557199223 32.0202213186282 36.9707885823165 35.06763706555 38.9873874686244 38.1613429731173 36.2007269528923 35.5312627480182 27.436656196459 43.9756298947337 43.4142496756454 29.3463452218588 26.3868826703795 31.1108926982285 42.8307590130259 38.6914879146319 36.300809876206 26.4007812900155 26.5985072798833 35.9598922722195 37.1209098981353 29.9198776237013 0 0 0 0 0 0 35.2495439539048 36.8554231144953 31.084463584021 38.3946123271566 27.3683594730599 26.1738259300814 29.1546181433177 32.9327909831071 40.1238153519192 32.1406971834015 38.77650505575 46.6723947993971 38.6584308566197 47.3873143411115 0 0 0 0 0 0 0
46.0498218926756 44.0857610730082 40.7794090017748 51.5882997697414 50.7953057011826 53.8225679085211 45.3966721652466 41.8495368246561 41.8495368246561 45.2648917623546 38.8833630875155 22.2584775806059 34.4753297242367 35.3098236679241 33.8581072491365 33.9876173960354 37.3304367911986 39.1412020023211 40.8098151833674 35.8600460770822 22.954485140025 31.4609228772879 38.3007637979397 24.1088418884641 28.4545655291215 27.7278985844114 26.1784446947436 40.0820767089389 50.2441795992799 35.4847893690954 25.926972996827 28.4215219259361 28.6526320892738 35.5215811421283 35.5215811421283 57.7058792353976 67.3718579354165 52.8894050241549 0 0 0 0 30.8291723174353 31.2232604950519 31.380961760616 26.3242115478921 26.3242115478921 18.8891457248684 27.512557229672 26.9021728341102 27.5604267603658 35.3415084942142 35.1380906644048 36.9508802934818 35.3959441875622 36.2988756844521 40.827031105536 34.2541552586425 23.7345102230374 30.5741265591105 0 30.0867107593616
45.6356034763542 44.4969040235561 41.8495368246561 52.7036976254387 49.5487238183867 39.6187119363582 39.6187119363582 39.5362410369253 39.6187119363582 44.4969040235561 43.7631828787726 36.411302538989 39.8433651928028 40.0309338022262 49.4078490156062 42.5863258745371 32.1003990646547 39.7547397414403 34.4657323751587 37.943326267378 19.7156393766268 27.8226459283155 19.9414124037482 28.4066787616025 18.1629041980996 33.7401482398821 33.7401482398821 38.6496509298764 35.9773446478631 35.9773446478631 32.6561318564084 34.9031176523911 30.0069662500667 36.5263170189899 41.0622142207107 40.0288788833327 31.777797691633 28.7173592960829 38.4817437463794 53.844125698898 43.6168019394787 64.3767854772537 41.8444013926787 22.0169538227868 22.6788138384065 18.6710987904351 24.5299957213 31.7595752888893 32.7193661906956 31.3277070923247 18.8909328928987 26.7469228642618 20.2002329773816 20.0971254494287 29.7129803062904 21.4165032135371 21.4165032135371 23.6898799955684 35.8729930234665 23.3489538217965 43.7480513046869 42.7903336182451
49.4571438537886 42.4489277379041 50.7953057011826 41.8495368246561 39.6187119363582 39.6187119363582 41.2693767523124 39.5362410369253 39.6187119363582 39.6187119363582 38.0150072376736 41.4934862563921 45.0667977843339 40.0291328415092 36.5360299756619 36.5360299756619 30.9740019910293 41.0368858986348 35.8600460770822 28.5423981945147 27.8226459283155 27.8226459283155 30.6047188939407 34.3616388841551 32.5045040105552 40.1132093635877 40.8519347152552 43.7918962902972 36.0595187316686 34.2645355697813 26.0193545759314 31.3143845151134 24.0134722393347 17.1766435324745 18.3765032683819 18.4579466619751 34.0602828549843 18.9997200786087 26.0686297718145 43.3439577741181 30.7005562798578 35.1410528200908 25.0332700010082 18.8909328928987 29.50201645081 29.50201645081 21.1171925716427 21.8888137113524 31.085488179225 23.3281459182106 18.8909328928987 21.2500190909331 20.2002329773816 21.2500190909331 19.4865821120533 18.4579466619751 21.4921298071567 22.5270892084248 28.0111791887173 30.8935424921373 34.3640743856341 43.6652989227723
39.8935667923552 42.3337498579535 39.8935667923552 43.0928214487461 45.4468667509427 45.4468667509427 46.801185786511 32.0869764788317 39.6187119363582 39.6187119363582 37.6678510977855 41.4934862563921 43.1166282451996 38.0146441276239 37.8296112439693 36.5931392665814 35.3098236679241 35.3098236679241 37.7077074270244 37.5507687185943 35.3098236679241 37.7077074270244 36.5001771044555 36.5001771044555 31.5188439489458 33.9633164179546 41.0863349145706 39.3204689800427 40.3941907220496 37.8296112439693 32.8793458584821 31.6335710735389 31.9293686249327 32.2624720297928 31.4458748610723 16.8917802504941 22.606671836279 20.6625662270996 24.7661485640908 23.9177223157982 33.172611477588 24.3028168056893 32.4191271840357 32.2624720297928 34.8642123888015 29.50201645081 33.6710063192032 21.6120768930045 32.7222473651004 26.6698569375163 20.0971254494287 24.4660517361003 23.5976149505669 19.7099242065775 19.4865821120533 17.9245941883094 33.1962720915459 34.5482708219628 34.5482708219628 36.3600336124781 37.8919678228831 34.6599671097408
41.1255858295749 47.9353739174757 31.1350481314902 37.9689481766486 45.5058433981274 45.1875890149128 46.801185786511 37.6342266132747 33.9532106408291 34.2234107005122 29.7441554595541 37.9888945335529 42.1520967611858 43.1166282451996 46.4353522232755 40.2439007896676 41.4791547413796 40.3941907220496 39.2830837770464 37.7077074270244 36.6746839460759 36.6746839460759 36.5001771044555 30.3573407598468 36.4122480812537 34.1627257829105 31.5767716873463 35.6918667236803 27.5604267603658 35.2448363414952 38.8733122975776 35.7994288915521 36.5138244132412 27.753265817534 36.0973915186332 27.8357188098947 26.8368404041761 17.9580038881494 23.6499039067362 24.3028168056893 26.0645511881989 26.0645511881989 22.2584775806059 25.206984915357 34.8642123888015 20.295014660093 31.2555558411587 31.7459489484861 33.5111803866299 19.7520110911473 22.7395812260512 25.206984915357 24.3956669087379 25.2439041410429 24.4660517361003 18.5420783067105 35.1936722342473 35.1936722342473 18.4579466619751 18.4579466619751 24.4712074238152 37.1240906156147
36.3072389221656 38.9243996565821 38.9243996565821 36.164810467468 42.0136219827521 43.9177959899126 43.0515205805287 48.4699139312795 44.9333829576782 31.688658718209 29.5329630909833 35.6615926693602 37.3508923734485 43.7825884980344 41.1838906671206 37.195783947255 36.7853146242884 38.8007492105038 42.2103106301589 40.2439007896676 38.4189816740338 38.4189816740338 39.5043070315601 31.9133392034806 30.2070579747097 33.1384666289251 31.7576000281145 31.7576000281145 28.3589414506168 28.3844891749432 27.5922301904135 29.8349971129268 36.5063650683041 35.2448363414952 39.5394690774583 31.8470087860394 22.0169538227868 18.3980254206162 18.5420783067105 18.8597753218495 26.8695517480497 25.9743030148442 30.994907899057 34.4185185178438 30.3381005293635 23.1754759348296 35.1419685073009 0 44.1299842975663 20.6140780310316 22.0598144009348 24.1360319501749 24.415563887388 25.2439041410429 25.206984915357 34.1209848446622 41.1912831033408 39.5039667211908 32.9120314441963 31.9157541593045 28.793476704644 25.1468268848149
34.9429917210759 32.7519745108824 31.3962481847671 29.2342290604797 29.9093629927615 35.0407937302177 34.4108951456601 39.0014385111314 39.8551261157427 29.6380137439536 32.5824626405275 36.313296828504 36.2658889909898 41.6788577422845 40.6491756755306 38.8979676075991 36.1538922137008 39.8412539393611 41.3730805307306 41.5906234108817 38.4189816740338 38.4189816740338 38.0601913682474 39.0061979157643 40.1942510939687 29.8526026843687 36.9382997570652 31.0186623619777 31.7576000281145 26.1280649938914 26.1280649938914 29.8310491006036 39.8204555003357 40.0711335073507 33.9025785759464 32.3290771716304 22.0169538227868 16.8917802504941 26.3790652661064 18.4579466619751 24.4146016780271 24.6063494373877 29.4241323822844 29.4241323822844 29.3394505593285 30.2438739463962 44.4505141866058 0 0 31.1376102042332 33.5146376974302 35.7236325255015 23.6499039067362 24.6733197297193 16.8917802504941 33.3293943200017 33.3298780653492 39.678513292157 35.3103166445511 34.6241480918732 34.7575109523928 33.9520849110828
26.7442081377853 31.1038376513251 34.5076876517627 30.2353062969111 31.4951247830928 37.6721307164112 36.9267583128209 23.8273247901782 28.5861451554491 44.7836463919487 38.0601913682474 36.4693573640702 37.5454551153796 36.7700230079414 41.965829144449 40.1171361275754 41.5136476878492 41.7341663632041 41.5906234108817 39.8801435294957 38.2395865211406 40.498238164865 34.6077229380916 34.6077229380916 34.199040378035 29.1383333425705 33.2839573786447 37.6072602964501 38.5478046923968 30.155530935176 26.8126556613275 27.5787764099879 39.0290500180698 38.0061669971742 31.2877044443677 29.9903629692756 26.3763731921519 30.3047524016053 34.2387429633834 26.5594528497298 32.1714227957658 39.046596382847 39.046596382847 40.4134263280825 41.2199706338912 40.6130059662793 45.5759525714357 0 0 34.8368108213343 35.4250561814977 31.0955894101905 29.7244952903049 28.978504969839 27.6880325926275 31.9337705800776 33.0938562401773 31.7046162091123 30.2374236592985 0 0 0
29.7076570539042 31.9415566649305 31.8243039953166 33.9165895448189 29.972892179431 39.8544596251701 36.1268476609294 33.2590823792842 33.8578032855137 41.0343225021391 40.3972535898118 38.2251010999031 44.8504177703271 42.3457524689466 40.6491756755306 40.6491756755306 40.5611784392136 40.5611784392136 39.5043070315601 38.0601913682474 38.0601913682474 37.5639361082865 31.1552545079358 31.0186623619777 31.0186623619777 26.7195947890467 36.3327420348224 42.8536934297223 32.4983207903244 43.9739702545738 26.5139739139251 40.4615504052944 39.7703708696113 38.1792575484367 29.8987007693028 29.9770533439477 38.9737071855815 38.6579954287593 46.2381398266996 46.2381398266996 38.1792575484367 30.2324293950108 38.6579954287593 40.6216312212708 41.7032658274827 39.2158660015745 41.9333418610365 0 0 0 30.7155209770718 35.4467222041833 28.6158271791016 0 32.6755560446665 28.8155765733791 27.9708919434081 35.8382719164315 0 0 0 0
38.3419203399237 37.0814638776826 33.0863600123684 39.3697857299816 32.1803770476083 43.6179826417223 42.7138606303648 42.2694057342511 42.5861716095531 42.6435004234836 48.4774585552938 45.2698829571589 44.378278166708 45.1444764644217 40.6491756755306 45.5818434132329 46.1417565384706 45.3249676567818 43.820246388319 37.5639361082865 43.5974382964338 31.2297436687446 31.0186623619777 31.9290794364533 27.6242861567555 32.9555937695882 41.9044233517896 40.4615504052944 32.4363743101077 41.1386313225661 41.1386313225661 40.4615504052944 40.4615504052944 41.135615848848 32.7347607120313 29.5499320925961 0 37.1685437474836 40.2827346716177 42.6423681047733 32.716591885699 33.9520849110828 39.7359900671544 42.2857859819348 43.113909725093 42.8854639363249 43.113909725093 40.8719725064821 0 -9999 0 34.6261111456319 0 0 31.4482299722517 25.4240376696923 20.6635529716601 22.2154372678761 0 0 0 0
44.5472063028857 45.8018123306252 45.2295336757484 32.7080795312629 24.3231019522169 39.9206681655254 37.8034415410283 51.9269699313777 50.6576556462388 47.4903882817075 58.3569655454107 48.3280564389789 44.378278166708 45.8834791103036 48.5172771897438 44.4300355253491 44.9896722960122 44.1395156592511 43.1124271004594 47.2183075969904 38.6120799953575 40.040983183324 31.2106352893173 31.2106352893173 28.1510462125064 34.465442869563 34.6599671097408 31.8117997320933 33.6537497960064 41.5577480300184 40.1235523492857 40.1235523492857 32.0352810276846 32.870395025693 33.3738527420286 30.2166844696169 0 27.4362938810118 41.0984397664283 39.1634352096469 34.008716541729 35.685449437768 41.3943101799088 0 38.7551954995779 38.7271570504256 41.5062365097539 0 0 -9999 0 0 0 0 35.75214704001 35.5644149502372 31.2770885224241 0 0 0 0 0
46.1472835658946 41.6593771714285 36.9911830135255 37.6011860834987 30.2353062969111 29.0140520359743 22.251887550653 32.2843388175613 50.5853172225472 51.3962679453252 56.274913603856 43.7918962902972 42.6338488488029 47.3084080273842 45.352756766134 45.233962094544 45.1763160774419 46.1692860888646 56.3614375651377 47.8606021425875 54.3081394940917 41.8444013926787 38.5310343752761 36.0973915186332 32.590995036734 42.1582235274555 42.1582235274555 35.1460517430813 30.5883731803491 40.4136254764285 40.1235523492857 41.135615848848 32.6412779494813 33.3738527420286 33.3738527420286 0 0 0 27.3336319270614 31.3536816570724 34.1259604158748 34.1259604158748 34.1259604158748 0 0 34.5222830927509 41.8440485444119 43.6789166902794 0 -9999 0 0 0 0 34.0338100400194 39.314144389037 40.762299720699 0 0 0 0 0
39.0897986921647 37.8891197715922 43.6591034248467 38.6886623314721 37.6011860834987 33.3052201943784 27.2296960293711 31.0982953167758 52.7829182944762 52.5278171325717 48.2534238150712 42.621137503103 42.621137503103 43.7041107967629 44.2494869350719 45.9733416067617 45.4906566163272 45.1763160774419 45.8486903354187 54.2590057363414 49.2055002950796 41.8444013926787 44.83034405673 32.9555937695882 42.8091374474911 43.2254027997673 34.6599671097408 32.8296513623551 30.4073616750582 30.2046014870498 30.4325527503684 33.3738527420286 30.5415514783327 30.2166844696169 0 0 0 0 0 0 33.8793760764718 32.0352810276846 29.8870848709518 0 0 0 40.5731103610313 0 0 -9999 -9999 0 -9999 0 35.4500012487937 35.3247216154689 41.9917940701605 0 0 0 0 0
31.3224200063623 40.3262008757015 36.6376174204297 36.7853146242884 37.8744587325662 41.165727125066 38.2534132792879 47.1353283496347 41.3609159515995 41.1649197155076 33.8657974631812 37.3519086361533 40.3103246688223 40.3103246688223 40.3103246688223 45.3334863468845 39.8659573092081 41.9684070650643 45.2715323205013 42.494771278449 45.0329971799893 35.2422336395751 42.8091374474911 35.4374701774734 33.3540430748979 34.8460469188871 34.3699328802411 29.625710084785 28.1683904452212 30.3338549998505 31.5308042054132 30.5415514783327 30.2236498877655 0 0 0 0 0 0 0 0 34.2757335639146 38.0942866093403 0 0 0 0 0 0 -9999 -9999 -9999 -9999 0 0 37.5006620944544 43.4596003281036 36.7099681224811 0 0 0 0
36.6624369139465 34.2234107005122 31.6711662604419 33.7703225028361 39.0061979157643 54.1078622394171 49.0771908882628 49.880790914445 0 41.0830311669346 41.530356421284 41.2791465427051 46.3886636038023 40.3103246688223 40.3103246688223 48.0151442552044 55.7199638415866 48.9639270904123 33.7068406688974 34.0592043717179 34.0592043717179 41.3330898997553 41.3330898997553 38.4192707320525 30.4917654296377 36.8924513989166 24.6400958575864 27.5260284342026 0 34.6242127205866 34.2827334698852 34.2827334698852 0 0 0 0 0 0 0 0 0 30.7240742539361 33.5557065155347 0 0 0 0 0 0 -9999 -9999 -9999 0 0 0 39.5691005474491 48.5461129201306 0 0 0 0 0
40.7806495856474 31.443529885505 34.7077979902113 30.2975797350049 44.5635345770951 54.2195162330687 40.8512342274593 48.3026107321483 0 35.3546926058884 43.3320447595447 49.8326431038685 37.3519086361533 40.3103246688223 40.3103246688223 55.7199638415866 51.1697040316783 43.6442689457528 0 33.8805970523346 35.1613153089074 39.678513292157 27.249775391221 30.4917654296377 28.4229639644372 30.9582428121038 25.273051373698 26.0868428365311 0 28.8220893397698 29.5320885533257 0 0 0 0 0 0 0 0 0 0 0 31.7513029213506 0 0 0 0 0 0 0 -9999 -9999 -9999 0 0 0 0 0 0 0 0 0
40.7806495856474 41.2357981336913 48.7175236397163 55.5441694184725 46.9948848307111 45.1655952530917 45.3215981195646 0 0 35.7992984851746 47.4328343812214 48.2059300369975 36.3614779640877 54.4339428211307 40.03311016532 36.5909610297276 37.9309567238046 28.1120901262139 0 32.3111002125267 37.6435990894013 37.4054866097668 30.0618567045 23.7934106292112 26.0868428365311 28.4861161676899 26.0868428365311 0 0 30.3959624893732 35.9883514188788 0 0 0 0 0 0 0 0 0 0 0 0 0 0 0 0 0 0 0 -9999 -9999 -9999 0 0 0 0 0 0 0 0 0
42.4857211361484 36.957988011402 48.7175236397163 48.7175236397163 52.5829693420756 29.1047463596489 0 0 0 34.8432642284591 37.1386289660571 37.4925540854922 37.4925540854922 47.311829879619 54.4339428211307 46.8649253096753 32.870395025693 31.985186596328 0 0 32.0673646050215 35.5948333700097 35.8486539540553 29.7456580381883 0 38.7296908199481 0 0 0 27.2836901178185 31.2335413671065 0 0 0 0 0 0 0 0 0 0 0 0 0 0 0 0 0 0 0 -9999 -9999 0 0 0 0 0 0 0 0 0 0
42.3593869289449 40.1752175206294 41.3541226786013 42.1439767117544 45.3997164677133 29.7165622045477 0 0 0 36.2662145398236 45.3426893933821 38.6385853884309 39.6272598109464 40.951825540312 34.8753899004813 23.7934106292112 24.3104591594679 0 0 0 27.7089960398868 29.7416651925676 28.2965241783199 27.220075697084 0 0 0 0 0 29.0639215946771 32.6726471872291 32.5121101179897 0 0 0 0 0 0 0 0 0 0 0 0 0 0 0 0 0 0 -9999 -9999 -9999 0 0 0 0 0 0 0 0 0
41.9678365011799 47.8353682423885 47.8319278704734 47.0290357146308 48.5345361030368 0 0 0 0 43.4216073435013 37.5634944232041 34.9836652916533 39.4146495757267 37.0676492460627 33.4503477405027 25.2343982229912 0 0 0 0 29.1870336803562 32.2090086761135 28.9005241346643 0 0 0 0 0 0 27.6583627137511 0 0 0 0 0 0 0 0 0 0 0 0 0 0 0 0 0 0 0 0 0 -9999 -9999 0 0 0 0 0 0 0 0 0
42.6820032939179 39.8034176900063 51.0389375707555 55.4428055382678 46.5445191852839 0 0 0 25.2360811088007 30.9195197110165 37.1240906156147 40.8768911636725 40.1136138619066 41.5062365097539 40.0129023263478 0 0 0 0 0 25.8113039635173 26.7542824590998 0 0 0 0 0 0 0 0 0 0 0 0 0 0 0 0 0 0 0 0 0 0 0 0 0 0 0 0 0 -9999 -9999 -9999 0 0 0 0 0 -9999 -9999 -9999
51.2448039267953 54.5722932579908 40.8207491499697 33.2162377891285 0 0 0 0 27.5110915254277 29.096054236693 37.5816454534629 41.6149578145195 34.5102606637662 34.0509404667761 34.1710875518273 0 0 0 0 0 26.1633275082434 0 0 0 0 0 0 0 0 0 0 0 0 0 0 0 0 0 0 0 0 0 0 0 0 0 0 0 0 0 -9999 -9999 -9999 -9999 -9999 0 0 -9999 -9999 -9999 -9999 -9999
44.9516300943224 38.540513304315 36.0290327462454 0 0 0 0 0 29.8388153744535 32.7361005633059 48.1158803141122 49.8084747052208 36.5148043847315 31.8737390656166 27.4091369394771 0 0 0 0 0 27.5146692013836 0 0 0 0 0 0 0 0 0 0 0 0 0 0 0 0 0 0 0 0 0 0 0 0 0 0 -9999 -9999 -9999 -9999 -9999 -9999 -9999 -9999 -9999 -9999 -9999 -9999 -9999 -9999 -9999
51.1402643478892 43.4596003281036 0 0 0 0 0 0 30.2236498877655 23.9810582362188 41.8457860140069 48.5121918660282 30.2458064091173 29.524999402652 0 0 0 0 0 25.1088191015994 22.601957868018 0 0 0 0 0 0 0 0 0 0 0 0 0 0 0 0 0 0 0 0 0 0 0 0 0 0 -9999 -9999 -9999 -9999 -9999 -9999 -9999 -9999 -9999 -9999 -9999 -9999 -9999 -9999 -9999
49.4239307211803 46.9537251737528 0 0 0 0 0 41.0456644494922 29.9864716513347 29.8062711834244 32.590995036734 48.5121918660282 31.2999602991641 29.7837875450542 0 0 0 0 0 0 25.0237032275338 0 0 0 0 0 0 0 0 0 0 0 0 0 0 0 0 0 0 0 0 0 0 -9999 -9999 -9999 -9999 -9999 -9999 -9999 -9999 -9999 -9999 -9999 -9999 -9999 -9999 -9999 -9999 -9999 -9999 -9999
46.5766755395712 47.9258483294352 0 0 0 0 0 34.7441912983555 30.4325527503684 28.9163659268456 46.9845142953081 42.2018013525761 36.5892118219162 26.1473161433916 0 0 0 0 0 0 0 0 0 0 0 0 0 0 0 0 0 0 0 0 0 0 -9999 -9999 0 0 -9999 0 0 -9999 -9999 -9999 -9999 -9999 -9999 -9999 -9999 -9999 -9999 -9999 -9999 -9999 -9999 -9999 -9999 -9999 -9999 -9999
