data/derived/r_cv_scd_1900.asc
NCOLS 186 
NROWS 74 
XLLCORNER 443300.206538099 
YLLCORNER 4085841.77455235 
CELLSIZE 500 
NODATA_value -9999 
[rows 28 to 55 of 74, columns 62 to 123 of 186]
20.4572963059628 17.482584016763 19.532664337452 18.5357173807852 17.2856043277039 16.7913636116751 18.6777183532408 17.9006779439698 19.4786120868517 21.2319409833363 24.4985959486687 24.8806618115496 24.6687455811399 26.0743703577864 33.2874969313318 28.2038037408883 0 0 0 18.8485543397196 17.6221643358064 24.3648632389473 0 24.0120776822156 22.1324683179747 25.7369998716471 0 0 0 28.8750654578994 29.5270763031426 20.9165872006028 20.151783501572 22.1234873027155 20.8130085536164 0 0 0 0 0 0 20.6800895531792 18.5790681200323 25.6365124233147 25.387631742309 23.9823887346974 17.0676983453917 21.4378650971662 24.3508219407016 23.9540826775537 26.9208063705177 28.4133667820279 34.810848852178 30.0355082765434 34.5991148586472 0 0 0 0 0 0 0
20.4572963059628 18.0129385360167 18.6716147307927 17.7010582559205 18.3910052589338 17.7377738388358 18.3177994246709 19.8678178879714 19.3225754497558 21.232753877795 20.8891496409071 21.2335447415639 22.6481542833026 26.0211295349667 29.8893503312446 31.2800676928592 24.3284819731581 21.3132880862179 17.5119818346623 21.965338690261 22.895236859787 23.6813758656579 26.73800565113 22.2476925700072 22.1794460088876 24.9537071515828 25.1420224729636 24.527860042442 24.464681105395 28.8798978965258 28.4531529834172 26.2429538736488 23.082174396385 24.2550549846355 23.3991376828697 0 0 0 0 0 0 30.0284341827891 27.470540877938 30.3801506609298 26.817205192011 24.7082467425021 24.4036925247942 26.5800797967548 23.8632773723173 27.3470884714122 23.5562086573784 23.853959259114 28.3674163033344 31.351331437532 35.4656016416895 0 0 0 0 0 0 0
20.7997180274088 20.8443670229955 18.4223469064042 18.4490393145896 18.0090582616617 18.6421387727582 17.6540482082834 18.5665491191411 19.2021401646797 19.8517926706811 21.7095048063195 22.7596103666568 24.9283969796663 27.5174769639504 30.1281002138423 30.3595790419697 27.090646612865 26.8737823359454 27.3101840683316 25.5246706936712 31.3516649130773 31.958670839886 25.7827426032718 24.8138176967902 23.4638023959904 21.9798769068026 23.1458291108627 24.474881342886 23.3265285309425 23.3006902599645 23.0486389492202 23.9657019124822 20.3778498717423 26.9167020891578 27.727508794272 20.8294672479362 20.331922002232 16.0155922495802 0 0 0 0 31.7942100840986 33.4532210772874 29.5310785596829 29.3972367896066 29.196363961274 29.1608590687356 27.1696514594046 30.3583448366234 29.0300986386877 26.9078453289809 23.914659568585 29.2190286609213 26.6638824298894 31.7671129893107 22.4084080678827 19.5373268320199 19.9637429720501 23.6585903969922 0 38.7464985756132
20.6856819055461 18.3759136255236 18.2833685710249 18.7090546130562 19.0890617639956 18.676071064469 18.7735447839525 18.9448274139998 19.3726606578316 19.0676009818282 19.9318451228813 22.6130543304814 22.3625779365467 21.6286669314438 31.3775612302056 36.3758648752956 33.5378342292153 33.8517602681712 30.7099952330758 27.2787165735065 30.1783240764721 25.1935710688852 26.066996911227 23.6160886970684 27.2165526975909 25.7787229713514 27.2165526975909 24.4898570953407 23.6053391463688 23.8308340988341 23.6578370957239 24.4697615593048 23.7660777484734 27.9812113811321 25.8208275896527 23.8057174493908 19.3288913962291 16.6201063106849 16.4700447974659 20.7561806804186 21.9868458861346 27.4943942186145 31.7115974173363 31.4128614197678 27.1457583250389 22.8339932056478 25.583009431201 30.6634939287331 28.1023769411698 26.8282623847085 25.0148310847309 21.519222176392 26.9096313734344 27.2872635278484 26.883872978403 27.8158595566603 26.9316225753864 22.7844716836134 23.1442724955089 21.7015578660786 22.0602856042689 26.2546549338156
18.6294199711515 17.9040505470767 19.0673973882416 18.0090582616617 18.9398429123714 19.1425926705742 18.9493181939905 18.5818042378836 18.8709686396805 19.3858970897284 20.3867480880471 20.2936273288869 20.2268130693431 21.3247267774426 23.9813852311921 24.3326703081506 25.3564710602283 27.5142202650853 24.3459259652622 24.289434560649 22.905493989757 22.9749401766984 22.0005445622332 22.7075550434933 22.9808771222053 22.7245209232872 25.6378832406871 28.4048870238487 23.5366262704534 24.0418157163992 25.7645852063367 25.4244844817493 21.8122815700417 24.1597249092846 25.4656913907521 22.9536133155241 25.9009750334861 25.1197406782417 23.131124610002 21.5318859127432 24.1365323608532 21.4947913831382 21.293005753465 24.9435891117959 26.5889973682509 24.4712074238152 24.9247509816401 33.212680974081 32.5679560392915 27.0413068445447 22.4158564337417 22.3696989145591 24.3744289184262 26.8725698035989 26.2850022336862 25.812184100965 22.534270647012 23.4702401383954 23.6062594854707 26.8946832114218 25.9143480575417 28.1779087630479
19.7138891231779 18.88677610691 18.4453578007287 17.4747163580109 18.3212026721422 18.8709686396805 18.7124703898699 20.049820289586 19.8676180300598 19.6463506577749 20.4642183447226 21.247412029104 20.4456659678708 20.5599353009549 22.6037109714771 22.954485140025 23.4786301020275 24.8591113127411 23.3577982353512 22.3603546209721 21.4389874810226 22.369605600558 19.4230749064067 21.1119394097121 22.6063275960123 21.4197967222601 19.310957075895 22.3093414907588 20.4145771988917 22.8973315844433 22.6612995857615 17.783592838466 19.29422965853 20.496072841088 21.8784838165331 22.062411803054 22.9128262992538 25.1678775961284 25.8300203814135 23.3985884135841 23.4223304969126 23.2968106879478 23.1468757478968 22.9814526335684 22.6714294457348 27.8285824671476 26.9130601438645 35.3498976835261 37.9437280156615 28.7010372981108 22.106159735073 20.3625193438498 20.1326454938906 22.9401146879555 24.781797523373 24.6388827575629 27.574661783659 28.9801153523955 29.5602806605268 29.4580832317401 26.5646299170233 30.3645209451986
19.5642216301905 18.3670171394356 19.392482462758 18.7010469636644 19.9121401104708 19.3117800607687 18.0762404576408 18.2679935059655 19.4682404698332 19.3640332738822 19.880265403576 20.5041232403967 18.7206896569054 19.2153784566105 20.4272557927387 20.1235377414465 21.8105898376523 22.6965143679756 24.2650761821853 23.0975281213572 19.3561865855497 18.6186607709322 19.4027818633182 21.5716742976478 18.7937894499123 19.987016748917 19.0427835492159 20.6098597586439 19.5760845920825 20.6553999413338 19.3780856660722 18.5481802626102 20.5911839812874 19.1098750038418 24.7108333735912 24.8026130696399 21.479528056729 20.6929967237539 20.5967117321753 20.8813787016447 19.3327125096527 20.5517894145542 19.3027499037353 20.0398048453639 23.5640350387371 29.1319799199969 35.656240987624 38.1398550082656 34.4948965927917 31.1555238547945 23.3329768242392 18.5829868393876 17.6650454938043 19.2278356326774 21.1135816566633 20.9139006424299 21.5980933536576 23.8914914231796 27.756362612815 27.6188567859475 29.3562369773576 32.7994275768899
19.5825777969685 17.8128474213628 18.2205429359731 20.8507595096176 22.3191650276507 19.3465913868722 18.2780050904214 18.6241034553557 18.8712673493709 20.5699337012246 21.2186517299506 21.4329624357869 20.3815043387239 21.5648250597239 18.9824207931342 19.2971922217447 20.5232232945502 23.6886985801974 22.318878115948 20.8891496409071 22.1269949647819 22.0267426920034 22.1269949647819 21.8993640603743 20.9124670630059 21.8091958962504 22.6012678337368 23.8061595513038 21.4393764155549 19.9965745193717 20.4654476458863 21.7463977144516 23.1392344684911 22.2254273985729 27.9368761740686 29.2909313924426 25.4535724720137 20.2409713295298 20.1833496395126 21.1593440484305 19.9714896505093 19.263723518937 19.7180680409823 19.8852064611902 21.5980933536576 26.7876441044894 37.9854926165053 0 36.9280075603324 31.4041281952031 28.0830557078103 25.1635912894197 21.8613963787032 20.7688241552027 18.7886568189334 19.1503616587253 21.8035552490147 22.8950762626545 23.9574877405075 25.1886443577928 29.0179017128461 31.6714281676036
18.2069285809532 18.3357226278199 18.8104124868167 21.589382385149 23.7023091619749 22.2182732598264 21.472058732348 19.9107567212728 20.1562992467233 20.8938227528471 23.8639867366753 23.0864452751758 23.4554132795078 21.120918649133 20.2267141648531 21.3298490038705 20.1125127779673 20.3815043387239 21.6210856205854 22.2938543238839 22.4971653543195 23.2226475184065 24.198696722694 27.2673045893816 24.8278718491933 25.0201872408055 24.1231133650183 27.3350234521189 25.3126772675375 25.0719004503706 25.0188764894511 23.4563368226342 24.3390867682986 26.1915353556121 30.1734374394826 32.1412426924185 27.8209873588642 22.5668554530355 22.4725701605676 22.5983624218908 22.7846430640932 26.7574277600944 24.8148551950474 23.0417680945512 23.8308340988341 29.1223748380594 33.9452375388235 0 0 35.7809169990767 29.9779733044685 29.9851656888149 29.2372001565761 26.2134316309529 27.4167175895556 28.5403205680942 24.5621900588166 34.1285304488451 36.1523495731154 28.2137207677688 33.0079901488935 36.5876603211651
17.7514296197393 19.3422324409022 20.2732877740238 22.5290575529045 27.6753655465086 28.8439242771513 30.9013222844509 28.6694640488205 30.1727853441695 28.1192748199967 26.6571290424222 25.9034796384515 23.1203807698809 22.3980449597668 20.4454276146662 22.0827157397882 22.0413323435389 23.1648204180256 24.135154934604 25.2035388409793 24.8035897850541 26.0875613727684 26.7697681545337 26.6522032505889 25.5023964394609 26.251071063157 27.5053090235321 29.3594232077429 27.8479881940173 25.2935365452042 25.0547037022687 23.4784792079278 27.2663584874673 27.3462051269719 34.6815707914258 37.4343648209996 34.8234436575731 32.7124402101001 26.741032536518 25.2968758946329 26.4282041674998 30.1725283513221 31.4420258798863 29.831958873179 29.58568216521 32.4256068926476 37.9723052199068 0 0 42.2618203232132 38.1713803302461 34.253036271803 34.6773166413209 35.1395801793375 34.4229518174282 38.07099198047 32.7380499059363 39.8374332200678 44.6173807794032 0 0 0
18.6178592785952 18.7551828860776 19.4735811653508 22.9944021491552 27.3273086469166 31.7247937860474 34.3327530358394 28.0293506196069 34.3018200885137 31.3465016074399 30.495233616523 27.9098625409207 26.2297325532887 24.0309284856952 20.713781730058 20.4764549346309 22.0613145120085 24.8701830295439 22.7988438341318 24.5608458463811 23.3971200445451 25.3000230847952 26.4943608836002 25.2790298218488 24.8026130696399 25.4656913907521 30.223029867396 35.5061087798108 28.320523229141 24.7921940489081 25.6797428488396 25.860315841509 27.9269498856307 27.1790714167523 33.362163208662 43.5062229254339 44.6675755743728 35.9377691714677 32.0890981850649 30.8538678800791 30.8280890395085 35.6138802376307 39.0276411536981 37.3645389913814 35.4737660330827 30.9792238615441 38.6859218664181 0 0 0 37.9833521787512 33.1628214090122 39.5659252445478 0 35.6691985068169 35.4568972401803 33.1674439640696 45.6393911902898 0 0 0 0
18.0323510143536 19.3276406296188 20.6033688589316 24.1629527309745 29.8324987453402 34.5121319494075 37.0860639460769 35.8174569312547 31.9804205976459 33.5623358512787 32.3793662534813 26.5070205381013 21.8096096326068 22.4477713392152 21.900260014719 24.8859789383277 26.2108080208171 27.5102169904805 25.3508266236097 26.3848274977315 27.3350234521189 24.1469135969596 26.4462882949053 25.0810651500256 25.0188764894511 24.7835235280511 27.0195051697881 29.8307681949253 30.2145351579313 29.9852804651147 27.9041257054564 32.3254062410438 32.8677419598375 34.511746368844 39.0276411536981 40.0800481088815 0 32.601185279441 33.7308467497944 33.248592394253 37.2275011306466 40.3404316703531 37.663270782453 40.6499895746807 38.913236822449 34.1970404824037 39.7871743431705 41.8756454584734 0 -9999 0 43.5105461906229 0 0 39.7251210540627 36.0369828896623 36.4144379079643 40.5017418317443 0 0 0 0
17.9773123876669 17.6149208819078 18.3954278820362 21.1796099877103 24.5701938006581 27.2641458387536 32.4753404044517 37.5110665952692 32.4691822018646 31.1988308547412 31.1610957288926 26.739441128432 20.8951956483776 23.4866134054786 22.9423725747833 24.2972665335399 24.0250809388897 30.4301544852191 30.0843715712276 27.757710333635 28.1271351913419 25.8039288580849 22.8456727707679 23.5974733482245 24.9283969796664 26.4319859468762 26.1044666219705 31.3940772359009 33.5551734851175 30.5034676465076 30.4646835830518 31.3208574301074 36.374124361652 36.794648440312 36.9280075603324 36.7329455916943 0 46.8415938215782 40.6678884859806 36.1257597047938 35.9462193194453 38.4307569132209 36.0014971764139 0 47.4802916078906 42.0666903253927 45.1302622939624 0 0 -9999 0 0 0 0 40.7922293581953 40.2055507348885 38.7130699346768 0 0 0 0 0
17.6092568056589 17.7718717562292 19.8802421922119 18.9794774381038 20.7973692226108 22.6965143679756 23.9069946133982 30.8733158803437 41.6170395962252 37.1335582871082 27.3711934460979 27.6980852187047 23.0758718105316 23.4292898725425 23.0621881509376 26.1226066326967 25.9967124811785 27.6916851144474 25.5722944702815 25.3641291069151 26.4755707943161 26.2793639182671 24.9757684016258 24.4898570953407 25.260289652902 23.6779120967028 24.9511499097565 28.7637633463271 33.8606029522761 32.2695588848513 33.0079901488935 38.8148007262594 39.5478385797594 41.6018935752443 41.9225580931384 0 0 0 42.3659272868162 47.4802916078906 39.9440822848901 39.041777047537 41.3449115297362 0 0 41.9947874922653 48.0823569789772 45.1799374402964 0 -9999 0 0 0 0 43.4718954732143 38.9657157403462 41.723821787004 0 0 0 0 0
17.5376589341128 18.6812575836374 19.8477476392076 20.0622991006559 20.1125127779673 23.1266745755432 26.9568306215977 31.3107457933062 40.3611818082722 36.1008424956274 28.1316490856574 24.4811295313744 23.8394265498272 25.0077783449855 24.3360569107944 26.6016368646163 27.3001674958075 25.0783387991126 23.4197737331104 23.1973356518504 26.2391393274861 26.1634886295608 29.5222735530706 25.4735576149069 22.7467457843605 25.0991359270555 27.7817684177987 33.2929203820114 39.8206979505853 36.8710123725586 38.1163059318888 41.684166309439 45.467655452065 47.4365637780375 0 0 0 0 0 0 49.5985892236265 42.6734082429773 43.7537156567225 0 0 0 40.3101717879217 0 0 -9999 -9999 0 -9999 0 42.1972230007694 38.3041560481552 46.132153144863 0 0 0 0 0
19.0543863826352 20.722559632138 22.9235305615226 26.6076193481057 25.8890245295054 27.2940093643095 26.464171144546 30.9630213661172 36.2631540906489 40.9109900024526 34.2166256025427 28.4108512049311 23.9061320678515 24.1400556009194 23.8227069729988 24.7584733855217 27.6188567859475 29.1597595486516 34.520385196665 35.7844777264367 33.1433449830148 30.1912474054043 26.4116992007572 30.3117703013766 28.1420843125548 30.5610759628375 32.3104448722457 33.771163038774 42.6658496135257 38.5825408403449 44.0481733628673 55.3056636475641 52.3805621447335 0 0 0 0 0 0 0 0 47.8829832285518 42.8005155697596 0 0 0 0 0 0 -9999 -9999 -9999 -9999 0 0 39.9530082686715 40.933645051289 44.5519598519983 0 0 0 0
19.5681418343593 20.2732877740238 23.8921257238851 28.3406827826691 25.6394428128109 27.2943020939739 28.970005781915 36.8353939209608 0 45.9911350514625 44.2846074859118 30.1758876753634 24.7435829652697 26.5387959845147 24.4697615593048 24.4327391008002 28.1779087630479 35.3704031158521 42.0283447970743 41.084378464888 35.6566209344011 33.954652026894 34.2455442080216 35.3850613126862 31.893018883892 30.0600360816611 30.5316160860874 34.8846515060811 0 46.8262323955071 52.9348066278824 54.3101949046855 0 0 0 0 0 0 0 0 0 51.4354077378393 50.3549017711704 0 0 0 0 0 0 -9999 -9999 -9999 0 0 0 43.7083490208871 43.5360151527975 0 0 0 0 0
23.2736961660141 22.8089488362215 23.7341008270233 31.2693191859057 35.0255108279351 29.0456855639564 33.1266654259198 40.1339296318253 0 37.9972896153174 43.6846897918381 28.9331653610756 27.4465069344883 26.2850022336862 28.1271351913419 26.6169366659973 36.3241630652039 48.6862187177269 0 43.8826687485952 41.7223033745991 36.1981471315923 35.2162046566293 35.6018217502161 34.5991148586472 39.3317285544965 43.1464055014124 37.4359993488285 0 51.4653537263357 51.4764103917385 0 0 0 0 0 0 0 0 0 0 0 56.6980990846344 0 0 0 0 0 0 0 -9999 -9999 -9999 0 0 0 0 0 0 0 0 0
22.4505782153022 24.4533663945822 26.4792296076416 31.2189414357951 35.4400768787066 39.5736907947913 44.6611056793323 0 0 41.3125981902708 37.2658789668048 29.6527285218503 30.0579911131977 28.1319415682012 26.039636673016 34.9986091869518 46.0061983373414 49.5027061539171 0 55.9716535951185 41.7016946781703 33.4652917330621 36.1959970828925 37.5042634998045 39.1572694432882 45.3143732579718 56.3919799409637 0 0 54.3154005264045 57.6461353698314 0 0 0 0 0 0 0 0 0 0 0 0 0 0 0 0 0 0 0 -9999 -9999 -9999 0 0 0 0 0 0 0 0 0
18.7721629226018 21.8012593010837 26.4197974633739 29.1560635646146 32.1433570685232 44.8925145520252 0 0 0 41.3964174260677 34.749199748808 28.9404744421481 27.3827088943743 26.4297803836105 26.4116992007572 36.374124361652 45.2344320861205 49.2819015546427 0 0 48.1495178415742 50.207546452677 40.4061017820884 37.5634798771689 0 52.0354908470393 0 0 0 53.7308424235463 51.7164118217772 0 0 0 0 0 0 0 0 0 0 0 0 0 0 0 0 0 0 0 -9999 -9999 0 0 0 0 0 0 0 0 0 0
20.0386165760477 20.318619591894 23.8149597000849 24.4591861083243 26.3594608156571 40.8562206919677 0 0 0 38.8552977246485 31.6523496530294 27.8455042939224 29.4867294489556 27.3289889450784 29.2372001565761 38.0555845026671 43.123291155571 0 0 0 58.8990171343298 46.8591666967672 46.8895843968479 50.5180005153448 0 0 0 0 0 48.5864459455221 55.4232251482669 54.4122016574773 0 0 0 0 0 0 0 0 0 0 0 0 0 0 0 0 0 0 -9999 -9999 -9999 0 0 0 0 0 0 0 0 0
25.6184406093564 27.3875519058188 26.854000383545 28.5136573942686 29.7150076248649 0 0 0 0 32.8966954934925 28.3583318298066 26.8095852993009 26.6040627653742 28.7563195425782 32.6021120837002 41.2472631462014 0 0 0 0 53.7038594947688 51.1294378750789 49.2454284527782 0 0 0 0 0 0 64.7752989276745 0 0 0 0 0 0 0 0 0 0 0 0 0 0 0 0 0 0 0 0 0 -9999 -9999 0 0 0 0 0 0 0 0 0
29.4468064576784 30.3151591739124 32.8292167101642 32.8057165858648 40.16805842476 0 0 0 44.0305083319716 25.8999435192134 23.6695796235454 21.5408355766653 28.1175797428991 29.4039105477324 41.116662411784 0 0 0 0 0 53.7167941514669 51.640503344376 0 0 0 0 0 0 0 0 0 0 0 0 0 0 0 0 0 0 0 0 0 0 0 0 0 0 0 0 0 -9999 -9999 -9999 0 0 0 0 0 -9999 -9999 -9999
30.8611988133925 36.8091134518549 38.7759692243801 44.0619222396503 0 0 0 0 34.1565025531987 30.4638410250233 23.134673869341 19.7488134540013 25.8631969925933 37.7197298523136 49.3248207843001 0 0 0 0 0 51.6466738268682 0 0 0 0 0 0 0 0 0 0 0 0 0 0 0 0 0 0 0 0 0 0 0 0 0 0 0 0 0 -9999 -9999 -9999 -9999 -9999 0 0 -9999 -9999 -9999 -9999 -9999
36.2499179822387 45.2020114916528 50.2448250633534 0 0 0 0 0 47.55349497563 27.6763000161976 24.2785354005717 22.9511301440588 23.4044500277536 32.6769418109446 44.74023131349 0 0 0 0 0 43.4095358365828 0 0 0 0 0 0 0 0 0 0 0 0 0 0 0 0 0 0 0 0 0 0 0 0 0 0 -9999 -9999 -9999 -9999 -9999 -9999 -9999 -9999 -9999 -9999 -9999 -9999 -9999 -9999 -9999
35.1199866392125 48.0349494609903 0 0 0 0 0 0 45.9857077219142 30.3262519917942 27.8565141081598 24.3285464984968 26.0207833574419 31.0803801213889 0 0 0 0 0 34.7065010963934 44.2989070112702 0 0 0 0 0 0 0 0 0 0 0 0 0 0 0 0 0 0 0 0 0 0 0 0 0 0 -9999 -9999 -9999 -9999 -9999 -9999 -9999 -9999 -9999 -9999 -9999 -9999 -9999 -9999 -9999
38.9341846386122 54.5274016153197 0 0 0 0 0 52.0708382168263 39.7271863699158 31.8769675652329 25.8896270725294 28.0849073210287 30.3117703013766 34.2324180359161 0 0 0 0 0 0 35.1319609463364 0 0 0 0 0 0 0 0 0 0 0 0 0 0 0 0 0 0 0 0 0 0 -9999 -9999 -9999 -9999 -9999 -9999 -9999 -9999 -9999 -9999 -9999 -9999 -9999 -9999 -9999 -9999 -9999 -9999 -9999
38.9316004765989 52.1289890430938 0 0 0 0 0 49.4918722119271 42.6896301823666 34.0902802175734 35.3426940508017 32.8490460905614 36.4627846285496 42.3984111615714 0 0 0 0 0 0 0 0 0 0 0 0 0 0 0 0 0 0 0 0 0 0 -9999 -9999 0 0 -9999 0 0 -9999 -9999 -9999 -9999 -9999 -9999 -9999 -9999 -9999 -9999 -9999 -9999 -9999 -9999 -9999 -9999 -9999 -9999 -9999
