data/derived/r_cv_pre_snow.asc
NCOLS 191 
NROWS 93 
XLLCORNER 442474.332677425 
YLLCORNER 4080120.41147431 
CELLSIZE 500 
NODATA_value -9999 
[rows 21 to 41 of 93, columns 47 to 93 of 191]
-9999 -9999 -9999 -9999 -9999 -9999 -9999 -9999 -9999 -9999 -9999 -9999 -9999 -9999 55.8997089460943 53.3585244962261 50.9312589529748 49.9108737245785 48.9418010389158 50.9852377889701 57.4359220389736 65.5414219062639 81.9617209046186 78.9075189114924 86.2389014770178 83.181410068277 72.5592420145136 66.8240830355946 60.7129676090913 59.2267826626212 58.3081475949452 65.669518174263 70.025533981325 75.6347113740515 85.8517721985206 85.4725240607543 92.3452172416262 -9999 -9999 -9999 -9999 -9999 -9999 -9999 -9999 -9999 -9999
-9999 -9999 -9999 -9999 -9999 -9999 -9999 -9999 -9999 -9999 -9999 -9999 -9999 -9999 -9999 -9999 49.6754108369715 49.9446083719949 49.6461095798408 51.5905041139947 58.9733469559455 69.5137901425802 72.2774242072837 81.3739927445682 75.1863371593113 76.8265745064362 68.4676455730147 60.2994231482023 62.0639768594332 66.1795643380173 66.7816448541734 66.9100753848516 75.6321069073184 84.2491191660711 84.1934433231629 85.6451538430391 85.6594934093783 85.6980258140665 84.1702810859676 -9999 -9999 -9999 -9999 -9999 -9999 -9999 -9999
-9999 -9999 -9999 -9999 -9999 -9999 -9999 -9999 -9999 -9999 -9999 -9999 -9999 -9999 -9999 -9999 -9999 46.0827745606115 47.0597936135876 49.5535025958308 58.5125786462225 69.0595268221517 68.8594699925376 73.3537158380207 68.9794606970702 68.1602558124826 57.1902580016708 58.7917162178658 60.3676379274193 70.2622461977062 73.8515429814848 76.6488147351289 83.5785647387132 73.406783927258 71.686847511939 80.7976673340333 83.8779512576662 77.9473782999603 -9999 -9999 -9999 -9999 -9999 -9999 -9999 -9999 -9999
-9999 -9999 -9999 -9999 -9999 -9999 -9999 -9999 -9999 -9999 -9999 -9999 -9999 -9999 -9999 -9999 -9999 45.0412227692284 47.9872068897719 51.4187445436173 57.5322554114129 57.1108656290607 60.8962786135837 65.1330402932948 59.343080206166 58.432760448294 54.2357474321922 52.9082453049465 62.0209318847555 64.2925611374052 65.8708394105983 66.4380474050311 67.4935284477036 66.0043217910375 68.2316747961238 75.4600416129521 77.3845554481807 -9999 -9999 -9999 83.4669255429091 85.5561414456339 -9999 -9999 -9999 -9999 -9999
-9999 -9999 -9999 -9999 -9999 -9999 -9999 -9999 -9999 -9999 -9999 -9999 -9999 -9999 -9999 -9999 47.7502083127118 44.5193315752832 45.4945549969766 49.5481021106372 49.326104565703 53.0003239114846 56.1151371130561 58.9110019232982 54.6078228557732 51.3048950454346 49.2842797221709 51.5039339088709 60.2887019548761 58.9731035974857 57.8037308700995 63.1312042169063 62.6455326447523 63.3225174961009 65.3337700829549 70.5369988745522 78.0244234345527 -9999 89.6300775850845 85.8864916917251 78.7492083717547 72.5594982853656 79.9239577172663 -9999 -9999 -9999 -9999
-9999 -9999 -9999 -9999 -9999 -9999 -9999 -9999 -9999 -9999 -9999 71.0824566164574 66.2835460316593 -9999 -9999 58.7462298058537 51.4134811460909 48.0431857769895 45.4472963134422 44.5301399764906 45.4845066901702 49.8112519360582 51.3255854380544 51.0823028836874 47.825809218196 46.8292289462426 46.308904040592 49.7386678138052 52.4295393759039 52.0779303334638 55.5724400989256 59.265454236887 62.4388946534098 65.1668442144336 65.1862463549411 70.3059498731551 80.4744057795768 79.64696313316 82.6661093719293 74.2473961195002 71.1884849640679 71.9962445516456 71.0300889778213 -9999 -9999 -9999 -9999
-9999 -9999 -9999 -9999 -9999 -9999 -9999 -9999 -9999 -9999 -9999 63.3641584046053 56.0127876768958 56.6554236293388 63.7465237910174 65.9790039991042 61.0789987167919 56.7595128187783 48.7278757512051 44.4033067658135 42.5501946158077 43.2929936264706 43.4490981215164 45.0850333185584 43.7163423535141 42.7276980411144 44.1404077722613 45.7299659409661 47.7418627569522 49.2772518136834 56.3084918080388 63.2675976684817 64.6517206483283 65.5763235317376 71.7313831624914 73.5325477216296 81.4810864238192 81.2177319172979 73.2362420248213 63.8374365173687 66.0224150338845 72.0292196317495 69.8651273163449 71.4193648298444 68.0316948140793 69.4748551435034 65.6827447846235
-9999 -9999 -9999 -9999 -9999 -9999 -9999 -9999 -9999 -9999 -9999 -9999 54.8023123870179 54.3053110568324 56.5743537123515 58.8653424199125 56.7092946943098 51.2286738264618 49.1892927748969 46.5812859180493 45.6059095363412 42.436261788153 42.1011560170246 41.9295707615658 41.7546730962086 42.9116107290927 42.7645429948465 44.2712725553946 47.6171912874731 51.4428339115221 56.2497635108969 59.9832903266328 63.650676301208 72.4422108788773 72.8963901977952 70.3463483672494 82.9557098415851 72.6394576740454 63.5553425261842 61.7804461572718 67.3994343234166 69.3476559985569 63.4483390485785 65.2168381523394 67.7209148902142 65.0403556302191 60.1744136094528
-9999 -9999 -9999 -9999 -9999 -9999 -9999 -9999 -9999 -9999 -9999 -9999 53.0027351065606 49.0156572018238 53.0229844595963 53.0878289434983 49.1524268803494 46.7271919387677 45.2524861198481 48.0454261363557 42.7265164635608 42.1173712034209 42.1302933994709 42.1058352380594 42.4457618411345 43.6705766651834 43.3878145339793 44.4731390274048 46.9253323854922 50.9651865102309 56.6039964485329 62.6596568374564 71.8190325926383 65.8214505250358 65.133880005545 74.7191782376205 70.1139757873332 65.0233739852506 49.9518122540413 56.8533618065058 67.2645037291748 67.6036571342946 61.8006485984852 56.9773464787227 64.755423749652 56.1415579535388 56.8590936534096
-9999 -9999 -9999 -9999 -9999 -9999 -9999 -9999 -9999 -9999 -9999 -9999 -9999 42.4543127076066 43.2470704228614 47.9718748282459 44.0899181640603 41.9698941936729 43.4451434885712 43.8841867965877 43.8394613339255 42.8281640344783 42.0701614368417 42.728104077451 42.3407599400468 42.3352046226596 43.2504006068548 42.9344410268762 46.124195253256 48.6025850705296 51.2295170433253 61.573981782738 62.4152987735278 62.6598294575158 65.0107913526042 75.3898232364637 64.0835808532744 58.7050406856553 50.8415220808081 59.4548541652017 62.5597420083358 58.8585460564093 52.9103465702631 50.8668530899174 59.8649052281735 53.6410844802694 55.239672738754
-9999 -9999 -9999 -9999 -9999 -9999 -9999 -9999 -9999 -9999 -9999 -9999 -9999 41.4349032772028 42.2835221879615 44.0210536847325 41.8114492365993 41.7721913589082 41.9481078999878 42.0066543811832 41.8078622887162 42.2106322516992 42.1706322729458 42.4152902434889 42.6847574226731 42.4184459938702 42.2399633293946 44.7574723228117 46.2777713683681 47.7003374730867 52.1954915516009 58.6857029855249 56.6917163643244 59.7518810721157 64.6543193585089 72.741598463166 61.2238242255999 55.0740399246114 49.4422447358009 50.2031278790797 60.1781552555654 57.1789832931422 49.4651069077378 50.3311589587384 56.549819973369 51.3074994506008 47.8275286069558
-9999 -9999 -9999 -9999 -9999 -9999 -9999 53.3400852761546 46.1308322860532 41.5782196607335 40.9869705397704 -9999 -9999 41.1001880972145 41.3394203443249 41.6795206582647 41.5255739772357 40.9605652659968 41.8810554903045 41.3984389688421 41.8699016395899 42.1564388972528 42.1820969612117 41.8382743385338 42.3275801054429 42.2856545514819 42.2538291308915 46.242602872449 47.2684111377979 48.9177293013994 55.7443855953177 57.8384928248614 55.586267415925 60.1992218675025 64.50516494626 68.4388143146852 61.78138334211 49.6293263425476 47.2340414669024 49.0014135603147 58.0956686376499 52.8752907883803 50.838080278105 48.0178614634016 55.7103332540441 51.9271846725942 44.9761149873544
64.0215659893184 69.9824677224528 -9999 -9999 -9999 -9999 73.8411092592715 59.5371995996439 51.6875710249278 47.7875133568382 42.1424084355771 41.1566053962517 41.3937535114542 41.6756800350849 40.8423075235096 41.5458155831426 41.4736381976853 42.4219145987391 42.5799724203125 41.4592286894681 41.6708374318209 41.5513408096341 41.5426086008313 41.6500053562884 42.2551524568567 41.7784003559226 41.9201873985081 44.6311184977481 47.3912876794875 52.0522602990668 50.5707741056447 51.1086613714021 55.3901834906652 64.397724069025 62.4603559598816 65.4513376590232 60.9593659930058 45.6700466977782 44.9133798757364 48.7243395804901 58.5952217274324 50.4444195664868 47.5745728683197 45.9558011104356 52.1395531718592 48.71658302818 44.4384431019946
55.717131128001 52.7694566371795 55.9160142222025 63.3535155391889 72.1339076462065 70.3574999202925 72.2709575711623 70.074171278391 57.4454995384148 52.782120870502 51.9598871392011 50.6568196271603 50.0110358332368 46.7810045998952 41.8483373644347 41.5560093588845 41.5702957774663 43.3970988200732 43.5023131625258 41.3072039834651 41.5527500550016 41.07719321196 42.33498738038 42.5577323283623 41.3888278403312 41.9451579434505 41.1631389492025 42.7511512606106 45.4119065239922 46.3796595057843 44.4247132480263 47.6312068449512 52.7721116950574 59.5143024930345 64.4281444910927 57.7124541562166 49.5945293248749 44.9659355299412 44.207654559357 47.981616871154 52.9347376296151 48.1541847571068 46.1826068675366 46.231901829169 51.5903709124256 44.3445861001534 42.0358938807033
54.861490630792 47.9254413910193 48.7276348997345 51.6379842981463 57.7340340910077 63.6403381734135 75.6892991095308 66.3720434965965 64.1410703522616 58.9282602975445 53.3284162628349 52.2681736087438 51.4476947158288 50.2224781568899 46.8244447642433 42.1112087763801 42.8953742717768 43.1150681221484 42.7791545427986 42.1711505615071 42.113750743927 42.0613882628101 42.4713046729185 42.2165112450804 42.436217893608 40.8919351202667 41.849305531974 42.2581812259027 42.6481116188282 42.5190592547669 44.0760151998891 46.2259902194133 50.9214799299603 49.8264522876943 49.3388304109529 48.2708532767419 47.269055101122 40.0643629479204 45.9364377360116 49.4698167741103 47.8777352738601 42.2483762710367 42.5947877222238 44.4559754480759 49.7354677312464 44.3316047246204 40.7463958556105
55.6054049833818 48.4926706052767 42.8148315464279 43.5977466267546 55.1266424790914 54.9312591647422 65.2845287947016 76.8981845223575 55.5077712790692 50.59922319997 51.9967210347022 45.9496411713829 44.8943313037375 41.8215222664419 42.4920991129017 41.9612139751106 42.4113315306375 42.7399520952427 41.947158646276 41.3320090991096 41.6411209402633 41.6604783217601 42.0355773454175 42.3027264971887 41.1437475536686 41.3853837841558 41.1519476169886 41.206805736556 40.6352832710518 41.5054344582203 42.3247008987265 45.1378748209522 47.556035315505 48.3825405477769 49.4555778275937 44.4392728012464 41.8393597661012 39.7450005613222 42.9071436843731 45.439101223579 41.8451371939266 41.3610473338046 40.3962049014793 43.1038420923449 43.0919499263912 43.6367486295197 41.1167642594202
46.0327361995906 50.5277993537796 40.6707110358176 44.9252102446388 47.5356466772136 50.0565050000537 58.7435013740529 72.9714803284372 57.8298016864672 45.6688952297672 42.8419112970359 41.6878058035984 41.3886706260638 41.7280813615059 41.4915107542408 41.4438084909734 42.2079010030319 43.3788257300203 41.2955042013448 41.6981134970477 41.5423219031172 41.6941885396146 41.8881463059577 41.471019974682 41.6228031432486 41.1652442573564 41.3477037084209 41.5319629016513 41.1228811397466 41.1697853855292 41.8196499656567 41.8696964177375 45.5348653279588 45.5212072316366 44.4489455477268 44.5109730651752 39.2191337866229 39.2238859959207 41.4150598853025 41.4938382714932 39.474825246148 39.6821748585546 40.2413252198521 42.5455469249888 42.1284892023077 42.8613597093349 40.4030312457317
38.6002492170722 42.4833979342512 39.92651896174 40.0047095203279 41.3760826606218 45.445153204655 52.0509099634202 65.9755333409896 63.9436146700919 55.5805497024611 42.1378231300988 41.8674668129323 42.514310241591 42.4840037302692 42.4995949362487 42.4755155392806 42.5692362136222 41.8178707845624 41.3020498404303 41.5787672249019 41.4991484421863 41.3470601152634 41.5316105157867 41.7904684639656 41.3626648543348 41.5270729415133 40.9621044893167 41.1065445304069 40.6184459864679 39.5922393356143 41.2204253576349 41.232096252808 43.5209343072103 39.3700813723339 40.4372753689851 39.2713646574001 39.8203812745311 39.6887174970266 38.730991792453 39.4165021089629 38.9659201320183 39.6851900344079 39.2746152916418 40.0031527563629 40.095353116369 42.4718526381689 40.4380056649509
39.9001411083022 41.5130316386681 39.2350337079645 39.0879764974901 39.3181236649328 40.9406400996275 49.6999573321034 64.8923710018189 55.0932524702107 58.9678725198904 50.6897917710953 41.2006402320143 42.5947747694666 42.237606618776 41.9804187183435 41.8603726171891 41.5713428020819 41.4363072509676 41.323789841544 41.100694503285 40.3537112488564 40.6945265845026 41.2115935479321 41.6060364983452 41.1136758312965 41.18787961314 40.9168364738961 40.7139858129563 40.7870624662358 40.3496579826019 39.8437757292239 40.3422795506283 40.2004601516101 39.4604926368791 39.5215276303477 39.6015913121883 39.5282362059547 39.4771959521754 39.2636320023494 39.2726581028494 39.8785273680335 39.7892657073998 39.9991519405995 39.976299077746 40.2987333025091 40.4726312015127 40.5785468095754
39.9032142647103 39.2836414130378 38.4780505995644 39.8331720576469 40.4943739089655 39.7558725097226 49.5360038498091 56.1360883664557 45.0606513476531 57.1992337960761 50.7242163654772 40.9940762857637 42.99926193636 41.554305204179 42.0575260112379 41.8893078577509 41.846901492592 41.6342215507129 40.560245794758 39.94104760163 40.361300673498 40.5869870119733 40.7665504329237 41.1001312155026 41.0325767115179 40.9250538025073 40.3062192850828 40.1874558762115 41.104083027772 39.9282977015524 39.0989974606139 38.9016249457025 39.0343888406794 39.2735456469308 39.3588133024844 38.6160874313883 38.6882509861949 38.6718659655514 39.2249040666171 38.9486088676631 39.1083441033202 39.1877755916291 39.9427265475396 39.2049383658647 39.7570621504291 39.9597328576021 40.3217021107561
40.68784094237 38.5817626723264 39.9786498074083 41.0016640075146 39.9133901196818 40.1211789227137 51.0208913568799 47.6307723566912 41.7819355758652 50.7574555277748 58.7912716157004 41.8397516693049 42.7355617902707 42.440162890341 42.0816500083577 42.2717430099343 41.8320625756974 41.5759705611285 39.9993477753639 39.8728448336051 40.1901725010305 40.0060180370238 40.3750544361751 40.6829854223304 40.247384311915 40.4323678410819 40.2390495716929 39.9792007820984 40.7662495981176 41.1656651751657 41.9116016304756 41.2307914135249 40.3296546544356 40.0145492625255 40.280388580799 40.5553132717555 40.0715550560771 39.0004414372816 38.5558534040154 38.0540433553558 40.2054855539128 39.9529047248821 39.3655497285492 38.866964943722 39.292366465634 39.4802473014289 40.7500721691133
