data/derived/r_cv_scod_1250.asc
NCOLS 186 
NROWS 74 
XLLCORNER 443300.206538099 
YLLCORNER 4085841.77455235 
CELLSIZE 500 
NODATA_value -9999 
[rows 22 to 43 of 74, columns 50 to 99 of 186]
-9999 -9999 -9999 -9999 -9999 -9999 -9999 35.9401483584275 36.2838393599497 35.9401483584275 43.298190505983 44.3857345298492 50.7789377607369 43.5769792194001 43.5769792194001 39.6141385762466 37.2852870620791 27.6242861567555 28.3063982477546 27.5537843343125 29.8743969735505 30.3671924952039 33.3333591140807 31.9604936455597 38.7148270584171 44.8784778900554 41.5645287019136 46.0884698333548 45.7774106309906 56.44461323266 45.1435538496207 37.5591010856447 46.3499801970899 41.7159549202983 44.0133537164221 49.215295678475 34.9958857993495 34.386752292025 31.2108302125921 34.1233759546188 33.4798575079791 36.3967084750352 36.2692103355648 37.152361995319 37.5654077478416 37.5564541503502 36.5655998799958 -9999 42.6609374626742 -9999
-9999 -9999 -9999 -9999 -9999 -9999 -9999 -9999 29.8743969735505 38.6642506131826 39.860176541548 54.3002970610246 42.6683405477794 39.9691114459801 45.9416938284214 38.6642506131826 37.7186190493786 32.8060683801305 34.1378547486047 39.7674579191346 39.7674579191346 41.942447039831 39.0306162862762 37.8296112439693 46.5007873841184 50.3519822943603 37.0561868037404 40.4870989915887 46.361532808389 54.0083980650573 40.1268493543804 39.1149142371679 30.1223045848161 37.4426339372664 27.8763648595944 27.0000502341101 29.0842193385926 25.0492365207046 25.0492365207046 35.5218361181402 32.3139953794866 47.0733208718959 42.7311404936809 40.0545046719541 38.1066637183007 39.6140980708192 -9999 49.0971079240603 51.8833301246368 50.8533784282791
-9999 -9999 -9999 38.8138392720124 32.7498045866439 33.36939678288 34.5773380052278 -9999 33.2125853063887 35.3105894240996 37.0977198051671 39.906998779006 35.3394107663295 35.8875302193895 30.1207947343772 32.5376861101159 32.676040442865 35.2944265136792 39.0256680019717 40.100740998534 40.925094067974 39.7487639084886 38.5046571412721 37.2745433370798 39.4556142176491 39.3808701783145 40.6863322536128 39.2998748611623 37.8376176967217 44.881671652026 38.6418091401192 38.6777841141401 35.2924283118705 33.4953441365713 37.5754756063261 29.1580489844956 32.6134226615851 27.9652737233818 28.5396505555308 35.3847540594418 45.5879698576885 41.7150182182195 44.6159669195531 42.4155010475812 47.8089297254093 42.1805853117582 37.5815852332114 27.8952610028849 44.5246023927006 59.4547636449809
-9999 -9999 61.5604886018025 53.3101141817108 51.0051890397633 35.1738932165528 35.7731309953245 40.0408460725952 29.8743969735505 34.1686854798943 29.8743969735505 27.7099372081642 27.7099372081642 29.0140520359743 30.3671924952039 30.3671924952039 36.4797557638635 35.9018987792722 41.1576334144745 41.4934862563921 41.4620853620065 36.1975834879521 35.8046477028376 43.502702129321 30.0482170366449 43.0668407235693 31.3606761412384 27.1001706706104 35.1195952772667 43.5712572129938 41.3578539519104 39.7484211864197 37.993214394456 31.9776537310088 29.9864397057319 28.1838911864327 34.5173360958566 33.9343249641211 41.9224072849274 38.5296586942635 37.576789314859 47.4039051514857 46.2069686017152 47.6762891049729 48.5431229195289 44.5522215474665 47.7854143812174 48.2209045722153 44.9565009410579 53.4933607149773
74.0316828149647 70.3136104639795 41.312794655838 51.5036010855706 44.7546057746471 46.3616431374685 34.8954637728505 38.1823268224924 39.028355648925 39.1305396060821 39.0370991299707 29.8743969735505 27.7099372081642 33.87812574621 35.1049407101792 41.7472557407997 40.6847699747559 40.6847699747559 44.0307422468297 44.0307422468297 37.9131196461158 36.1975834879521 36.4506609263299 46.6254990791685 46.5920353140153 43.7327153766317 48.4409652332249 48.7884168910699 45.5932182188636 46.0328531516783 40.0234156817347 52.1954539080045 47.9243393162612 29.84676541795 35.6660679078643 31.7735080407911 31.6294180769711 35.2728715837931 36.5301777851727 37.9925027765599 49.8310250655686 48.9918197784694 42.7666724007217 45.1609166053284 54.1339258563368 49.1570503246263 58.1031496201068 51.1746000659662 50.9070995775659 52.4285739583848
42.2113283443078 52.9462153523507 42.5466264768528 34.8229160436401 41.0211294264843 43.9596686539691 36.9220277061489 43.8767155761813 39.1406064972794 49.1401913454581 53.599418948412 42.120420580103 42.1215173304835 42.1215173304835 42.1215173304835 42.054216861354 41.4934862563921 41.4934862563921 44.0307422468297 44.0307422468297 42.0369223920685 34.5261627894626 44.7063688469289 44.7063688469289 55.2896079212792 37.4925540854922 40.4129980020417 47.3480296521197 50.0820404691579 38.2960251292813 47.7622101108537 42.8950855068847 40.7099993411059 35.7003297764515 33.6386390126512 37.6982118692311 30.5286361110794 29.666984528918 34.7155362613875 39.72822524808 44.3857345298492 44.1850803932621 31.7601131418319 42.693467367543 66.0956481591893 62.7997821429372 57.3448246982199 53.7883988800441 42.0803106134818 38.735963055127
37.3058086095057 36.471088498994 33.7665626586232 30.755960596268 28.0718228622001 37.3832584182808 39.9681953029196 37.2986144033028 40.3103246688223 44.7329467994599 43.5228036423641 36.8888988405198 41.0042104635901 40.1355649741071 45.5194452740283 46.032879501153 44.0307422468297 46.032879501153 41.8495368246561 51.7990060675801 45.0318108739914 42.7822574641465 41.0602866487585 42.5511392639457 42.5511392639457 43.9898266795005 45.3019802876277 44.5977258755559 39.63018584131 54.8040350923208 36.6320089635245 34.0991269659054 35.3859213055769 38.6085847918925 31.3329746715785 35.811364256704 36.5223547983573 36.4225850834131 39.4117363886218 45.5166638684076 48.1399959794954 51.0085795375419 31.4060375664689 38.4189816740338 61.4535561662764 56.2211820699484 62.1977786908685 56.8462710128343 54.1511242364061 45.5778231372141
42.0773545131372 36.3630045230206 34.0892492680265 39.3640370161387 23.552583417438 35.9537215954634 42.35718952542 47.8980629403144 40.7493363612719 44.000887599667 45.1470371797637 42.054216861354 40.5211340074373 41.1449406043038 42.0485750484491 43.1864693297824 43.2296887486005 43.2296887486005 41.8495368246561 49.5487238183867 44.0307422468297 46.032879501153 33.3285756796582 31.2459140699124 38.4476407057886 43.2438557199223 32.0202213186282 36.9707885823165 35.06763706555 38.9873874686244 38.1613429731173 36.2007269528923 35.5312627480182 27.436656196459 43.9756298947337 43.4142496756454 29.3463452218588 26.3868826703795 31.1108926982285 42.8307590130259 38.6914879146319 36.300809876206 26.4007812900155 26.5985072798833 35.9598922722195 37.1209098981353 29.9198776237013 53.6426088529066 56.3938812283681 55.0681673956847
36.8155917244876 40.6711821415552 33.4661140871975 32.8567899470077 38.500171593868 40.479826969264 43.9038504942159 47.8567938308865 44.20239342784 50.8880822277681 43.5939312806617 29.1216506247684 46.0498218926756 44.0857610730082 40.7794090017748 51.5882997697414 50.7953057011826 53.8225679085211 45.3966721652466 41.8495368246561 41.8495368246561 45.2648917623546 38.8833630875155 22.2584775806059 34.4753297242367 35.3098236679241 33.8581072491365 33.9876173960354 37.3304367911986 39.1412020023211 40.8098151833674 35.8600460770822 22.954485140025 31.4609228772879 38.3007637979397 24.1088418884641 28.4545655291215 27.7278985844114 26.1784446947436 40.0820767089389 50.2441795992799 35.4847893690954 25.926972996827 28.4215219259361 28.6526320892738 35.5215811421283 35.5215811421283 57.7058792353976 67.3718579354165 52.8894050241549
37.2852870620791 36.8533865664384 36.2400418378532 36.5125955661638 47.5162119258662 30.356383138932 46.5785030225383 44.0798319869074 49.2166924027528 52.8092143088896 53.4210969152349 47.3987703885516 45.6356034763542 44.4969040235561 41.8495368246561 52.7036976254387 49.5487238183867 39.6187119363582 39.6187119363582 39.5362410369253 39.6187119363582 44.4969040235561 43.7631828787726 36.411302538989 39.8433651928028 40.0309338022262 49.4078490156062 42.5863258745371 32.1003990646547 39.7547397414403 34.4657323751587 37.943326267378 19.7156393766268 27.8226459283155 19.9414124037482 28.4066787616025 18.1629041980996 33.7401482398821 33.7401482398821 38.6496509298764 35.9773446478631 35.9773446478631 32.6561318564084 34.9031176523911 30.0069662500667 36.5263170189899 41.0622142207107 40.0288788833327 31.777797691633 28.7173592960829
39.0058795335788 31.4609228772879 39.8163823530474 38.066820759447 43.0608227136287 37.4390530370053 37.0142471753868 45.1035355565585 47.6406439448811 47.0498956603235 49.186571055489 44.9333829576782 49.4571438537886 42.4489277379041 50.7953057011826 41.8495368246561 39.6187119363582 39.6187119363582 41.2693767523124 39.5362410369253 39.6187119363582 39.6187119363582 38.0150072376736 41.4934862563921 45.0667977843339 40.0291328415092 36.5360299756619 36.5360299756619 30.9740019910293 41.0368858986348 35.8600460770822 28.5423981945147 27.8226459283155 27.8226459283155 30.6047188939407 34.3616388841551 32.5045040105552 40.1132093635877 40.8519347152552 43.7918962902972 36.0595187316686 34.2645355697813 26.0193545759314 31.3143845151134 24.0134722393347 17.1766435324745 18.3765032683819 18.4579466619751 34.0602828549843 18.9997200786087
32.3163680546127 31.2252419956751 33.4020267279693 37.9802334768571 35.4696525160347 37.7965223826369 38.3709058006046 47.459344144434 29.834242453856 50.7294906697048 32.8201611755813 39.8935667923552 39.8935667923552 42.3337498579535 39.8935667923552 43.0928214487461 45.4468667509427 45.4468667509427 46.801185786511 32.0869764788317 39.6187119363582 39.6187119363582 37.6678510977855 41.4934862563921 43.1166282451996 38.0146441276239 37.8296112439693 36.5931392665814 35.3098236679241 35.3098236679241 37.7077074270244 37.5507687185943 35.3098236679241 37.7077074270244 36.5001771044555 36.5001771044555 31.5188439489458 33.9633164179546 41.0863349145706 39.3204689800427 40.3941907220496 37.8296112439693 32.8793458584821 31.6335710735389 31.9293686249327 32.2624720297928 31.4458748610723 16.8917802504941 22.606671836279 20.6625662270996
41.9830000932954 43.1440195875571 31.4609228772879 30.921217404212 38.1754545299304 36.8041769227088 29.3359110406173 39.0586491134473 45.5537888464582 45.1482390523689 39.028775920969 38.9243996565821 41.1255858295749 47.9353739174757 31.1350481314902 37.9689481766486 45.5058433981274 45.1875890149128 46.801185786511 37.6342266132747 33.9532106408291 34.2234107005122 29.7441554595541 37.9888945335529 42.1520967611858 43.1166282451996 46.4353522232755 40.2439007896676 41.4791547413796 40.3941907220496 39.2830837770464 37.7077074270244 36.6746839460759 36.6746839460759 36.5001771044555 30.3573407598468 36.4122480812537 34.1627257829105 31.5767716873463 35.6918667236803 27.5604267603658 35.2448363414952 38.8733122975776 35.7994288915521 36.5138244132412 27.753265817534 36.0973915186332 27.8357188098947 26.8368404041761 17.9580038881494
42.2645369954467 42.6609834822147 41.1398817518018 43.2587678226065 39.8459251673193 43.7265817877184 36.8876985165628 30.8744332464036 46.3140880063572 37.4651915171801 30.0181291722428 38.9687784522077 36.3072389221656 38.9243996565821 38.9243996565821 36.164810467468 42.0136219827521 43.9177959899126 43.0515205805287 48.4699139312795 44.9333829576782 31.688658718209 29.5329630909833 35.6615926693602 37.3508923734485 43.7825884980344 41.1838906671206 37.195783947255 36.7853146242884 38.8007492105038 42.2103106301589 40.2439007896676 38.4189816740338 38.4189816740338 39.5043070315601 31.9133392034806 30.2070579747097 33.1384666289251 31.7576000281145 31.7576000281145 28.3589414506168 28.3844891749432 27.5922301904135 29.8349971129268 36.5063650683041 35.2448363414952 39.5394690774583 31.8470087860394 22.0169538227868 18.3980254206162
37.4136579924321 38.1083221489455 39.7207076833947 43.0476236603737 44.5016669668522 31.136308374999 34.0425364933817 31.4058188963172 36.6233930602423 46.3638147314992 30.9488637122581 36.0918880686284 34.9429917210759 32.7519745108824 31.3962481847671 29.2342290604797 29.9093629927615 35.0407937302177 34.4108951456601 39.0014385111314 39.8551261157427 29.6380137439536 32.5824626405275 36.313296828504 36.2658889909898 41.6788577422845 40.6491756755306 38.8979676075991 36.1538922137008 39.8412539393611 41.3730805307306 41.5906234108817 38.4189816740338 38.4189816740338 38.0601913682474 39.0061979157643 40.1942510939687 29.8526026843687 36.9382997570652 31.0186623619777 31.7576000281145 26.1280649938914 26.1280649938914 29.8310491006036 39.8204555003357 40.0711335073507 33.9025785759464 32.3290771716304 22.0169538227868 16.8917802504941
42.8425860504146 41.1758787575079 35.1044995037327 39.0370991299707 50.1909951499026 40.9336308915165 41.5098594474533 47.5635527962246 43.2751205000323 39.9619510800969 31.1295465661386 31.2400399612259 26.7442081377853 31.1038376513251 34.5076876517627 30.2353062969111 31.4951247830928 37.6721307164112 36.9267583128209 23.8273247901782 28.5861451554491 44.7836463919487 38.0601913682474 36.4693573640702 37.5454551153796 36.7700230079414 41.965829144449 40.1171361275754 41.5136476878492 41.7341663632041 41.5906234108817 39.8801435294957 38.2395865211406 40.498238164865 34.6077229380916 34.6077229380916 34.199040378035 29.1383333425705 33.2839573786447 37.6072602964501 38.5478046923968 30.155530935176 26.8126556613275 27.5787764099879 39.0290500180698 38.0061669971742 31.2877044443677 29.9903629692756 26.3763731921519 30.3047524016053
35.7994288915521 34.7747854962464 29.7622402433493 47.7500084939723 47.7500084939723 37.121055903369 47.7500084939723 39.0370991299707 38.6061683599913 37.9324786181791 39.5496010115265 37.329333967021 29.7076570539042 31.9415566649305 31.8243039953166 33.9165895448189 29.972892179431 39.8544596251701 36.1268476609294 33.2590823792842 33.8578032855137 41.0343225021391 40.3972535898118 38.2251010999031 44.8504177703271 42.3457524689466 40.6491756755306 40.6491756755306 40.5611784392136 40.5611784392136 39.5043070315601 38.0601913682474 38.0601913682474 37.5639361082865 31.1552545079358 31.0186623619777 31.0186623619777 26.7195947890467 36.3327420348224 42.8536934297223 32.4983207903244 43.9739702545738 26.5139739139251 40.4615504052944 39.7703708696113 38.1792575484367 29.8987007693028 29.9770533439477 38.9737071855815 38.6579954287593
35.3222912794019 49.4868383965915 41.6263082225451 43.7345978306872 50.6842434702856 40.2178423288399 38.6061683599913 38.6061683599913 40.8030936397676 49.2040025913269 33.2138279808542 46.6246811326827 38.3419203399237 37.0814638776826 33.0863600123684 39.3697857299816 32.1803770476083 43.6179826417223 42.7138606303648 42.2694057342511 42.5861716095531 42.6435004234836 48.4774585552938 45.2698829571589 44.378278166708 45.1444764644217 40.6491756755306 45.5818434132329 46.1417565384706 45.3249676567818 43.820246388319 37.5639361082865 43.5974382964338 31.2297436687446 31.0186623619777 31.9290794364533 27.6242861567555 32.9555937695882 41.9044233517896 40.4615504052944 32.4363743101077 41.1386313225661 41.1386313225661 40.4615504052944 40.4615504052944 41.135615848848 32.7347607120313 29.5499320925961 36.0882407654415 37.1685437474836
43.8883750563181 49.4868383965915 41.6263082225451 43.7345978306872 44.3487779660778 45.0133437002518 38.9793333149098 31.8304847003726 33.0640768564355 43.0515205805287 47.0407010703753 39.3918814977663 44.5472063028857 45.8018123306252 45.2295336757484 32.7080795312629 24.3231019522169 39.9206681655254 37.8034415410283 51.9269699313777 50.6576556462388 47.4903882817075 58.3569655454107 48.3280564389789 44.378278166708 45.8834791103036 48.5172771897438 44.4300355253491 44.9896722960122 44.1395156592511 43.1124271004594 47.2183075969904 38.6120799953575 40.040983183324 31.2106352893173 31.2106352893173 28.1510462125064 34.465442869563 34.6599671097408 31.8117997320933 33.6537497960064 41.5577480300184 40.1235523492857 40.1235523492857 32.0352810276846 32.870395025693 33.3738527420286 30.2166844696169 25.7573824263503 27.4362938810118
45.3434633969692 40.9693986679928 40.9693986679928 38.4252897648342 40.7485514398297 51.6683298277322 36.9423319671083 37.6106692392332 31.0509184560779 47.1886868722437 39.6879556574633 39.6879556574633 46.1472835658946 41.6593771714285 36.9911830135255 37.6011860834987 30.2353062969111 29.0140520359743 22.251887550653 32.2843388175613 50.5853172225472 51.3962679453252 56.274913603856 43.7918962902972 42.6338488488029 47.3084080273842 45.352756766134 45.233962094544 45.1763160774419 46.1692860888646 56.3614375651377 47.8606021425875 54.3081394940917 41.8444013926787 38.5310343752761 36.0973915186332 32.590995036734 42.1582235274555 42.1582235274555 35.1460517430813 30.5883731803491 40.4136254764285 40.1235523492857 41.135615848848 32.6412779494813 33.3738527420286 33.3738527420286 28.8222454871007 24.8928056881056 32.7928875624078
43.1703756550748 47.5889217847687 49.4571438537886 49.4571438537886 49.4571438537886 49.4571438537886 49.8070421530008 55.4070733756577 45.9713791282498 45.9713791282498 41.6021166654399 40.8442389054933 39.0897986921647 37.8891197715922 43.6591034248467 38.6886623314721 37.6011860834987 33.3052201943784 27.2296960293711 31.0982953167758 52.7829182944762 52.5278171325717 48.2534238150712 42.621137503103 42.621137503103 43.7041107967629 44.2494869350719 45.9733416067617 45.4906566163272 45.1763160774419 45.8486903354187 54.2590057363414 49.2055002950796 41.8444013926787 44.83034405673 32.9555937695882 42.8091374474911 43.2254027997673 34.6599671097408 32.8296513623551 30.4073616750582 30.2046014870498 30.4325527503684 33.3738527420286 30.5415514783327 30.2166844696169 30.5415514783327 27.7229186393095 29.3040839959719 29.3545630919304
43.8556539836552 41.7555395191801 42.5354191062704 49.575376010494 49.575376010494 54.0939325620056 47.5659227143392 45.7915943709434 45.7915943709434 48.2932612239422 49.5666590487817 33.9695721693762 31.3224200063623 40.3262008757015 36.6376174204297 36.7853146242884 37.8744587325662 41.165727125066 38.2534132792879 47.1353283496347 41.3609159515995 41.1649197155076 33.8657974631812 37.3519086361533 40.3103246688223 40.3103246688223 40.3103246688223 45.3334863468845 39.8659573092081 41.9684070650643 45.2715323205013 42.494771278449 45.0329971799893 35.2422336395751 42.8091374474911 35.4374701774734 33.3540430748979 34.8460469188871 34.3699328802411 29.625710084785 28.1683904452212 30.3338549998505 31.5308042054132 30.5415514783327 30.2236498877655 29.1588250661274 28.8959838076056 31.8677431148423 28.2140731859768 44.5151722442397
