data/derived/r_cv_scmc_1900.asc
NCOLS 186 
NROWS 74 
XLLCORNER 443300.206538099 
YLLCORNER 4085841.77455235 
CELLSIZE 500 
NODATA_value -9999 
[rows 0 to 26 of 74, columns 61 to 121 of 186]
-9999 -9999 -9999 -9999 -9999 -1 -1 -9999 -9999 -9999 -9999 -9999 -9999 -9999 -9999 -9999 -9999 -9999 -1 -1 -9999 -9999 -9999 -9999 -9999 -9999 -9999 -9999 -9999 -9999 -9999 -9999 -9999 -9999 -9999 -9999 -9999 -9999 -9999 -9999 -9999 -9999 -9999 -9999 -9999 -9999 -9999 -9999 -9999 -9999 -9999 -9999 -9999 -9999 -9999 -9999 -9999 -9999 -9999 -9999 -9999
-9999 -9999 -9999 -9999 -1 -1 -1 -9999 -9999 -9999 -9999 -9999 -1 -1 -1 -9999 -9999 -1 -1 -9999 -9999 -9999 -9999 -9999 -9999 -9999 -9999 -9999 -9999 -9999 -9999 -9999 -9999 -9999 -9999 -9999 -9999 -9999 -9999 -9999 -9999 -9999 -9999 -9999 -9999 -9999 -9999 -9999 -9999 -9999 -9999 -9999 -9999 -9999 -9999 -9999 -9999 -9999 -9999 -9999 -9999
-9999 -9999 -9999 -9999 -1 -1 -1 -9999 -9999 -9999 -9999 -1 -1 -1 -1 -1 -1 -1 -1 -1 -9999 -9999 -9999 -9999 -9999 -9999 -9999 -9999 -9999 -9999 -9999 -9999 -9999 -9999 -9999 -9999 -9999 -9999 -9999 -9999 -9999 -9999 -9999 -9999 -9999 -9999 -9999 -9999 -9999 -9999 -9999 -9999 -9999 -9999 -9999 -9999 -9999 -9999 -9999 -9999 -9999
-9999 -9999 -1 -1 -1 -1 -1 -1 -9999 -9999 -9999 -9999 -1 -1 -1 -1 -1 -1 -1 -1 -9999 -9999 -9999 -9999 -9999 -9999 -9999 -9999 -9999 -9999 -9999 -9999 -9999 -9999 -9999 -9999 -9999 -9999 -9999 -9999 -9999 -9999 -9999 -9999 -9999 -9999 -9999 -9999 -9999 -9999 -9999 -9999 -9999 -9999 -9999 -9999 -9999 -9999 -9999 -9999 -9999
-9999 -1 -1 -1 -1 -1 -1 -1 -9999 -9999 -9999 -9999 -1 -1 -1 -1 -1 -1 -1 -1 -1 -1 -9999 -9999 -9999 -9999 -9999 -9999 -9999 -9999 -9999 -9999 -9999 -9999 -9999 -9999 -9999 -9999 -9999 -9999 -9999 -9999 -9999 -9999 -9999 -9999 -9999 -9999 -9999 -9999 -9999 -9999 -9999 -9999 -9999 -9999 -9999 -9999 -9999 -9999 -9999
-1 -1 -1 -1 -1 -1 -1 -1 -9999 -9999 -9999 -9999 -1 -1 -1 -1 -1 -1 -1 -1 -1 -1 -9999 -9999 -9999 -9999 -9999 -9999 -9999 -9999 -9999 -9999 -9999 -9999 -9999 -9999 -9999 -9999 -9999 -9999 -9999 -9999 -9999 -9999 -9999 -9999 -9999 -9999 -9999 -9999 -9999 -9999 -9999 -9999 -9999 -9999 -9999 -9999 -9999 -9999 -9999
-1 -1 -1 -1 -1 -1 -1 -1 -1 -9999 -9999 -9999 -1 -1 -1 -1 -1 -1 -1 -1 -1 -1 -1 -9999 -9999 -9999 -9999 -9999 -9999 -9999 -9999 -9999 -9999 -9999 -9999 -9999 -9999 -9999 -9999 -9999 -9999 -9999 -9999 -9999 -9999 -9999 -9999 -9999 -9999 -9999 -9999 -9999 -9999 -9999 -9999 -9999 -9999 -9999 -9999 -9999 -9999
-1 -1 -1 -1 -1 -1 -1 -1 -1 -1 -1 -1 -1 -1 -1 -1 -1 -1 -1 -1 -1 -1 -1 -9999 -9999 -9999 -9999 -9999 -9999 -9999 -9999 -9999 -9999 -9999 -9999 -9999 -9999 -9999 -9999 -9999 -9999 -9999 -9999 -9999 -9999 -9999 -9999 -9999 -9999 -9999 -9999 -9999 -9999 -9999 -9999 -9999 -9999 -9999 -9999 -9999 -9999
-1 -1 -1 -1 -1 -1 -1 -1 -1 -1 -1 -1 -1 -1 -1 -1 -1 -1 -1 -1 -1 -1 -1 -1 -9999 -9999 -9999 -9999 -9999 -9999 -9999 -9999 -9999 -9999 -9999 -9999 -9999 -9999 -9999 -9999 -9999 -9999 -9999 -9999 -9999 -9999 -9999 -9999 -9999 -9999 -9999 -9999 -9999 -9999 -9999 -9999 -9999 -9999 -9999 -9999 -9999
-1 46.2031815547601 -1 -1 -1 -1 -1 -1 -1 -1 -1 -1 -1 -1 -1 -1 -1 -1 -1 -1 -1 -1 -1 -1 -1 -9999 -9999 -9999 -9999 -9999 -9999 -9999 -9999 -9999 -9999 -9999 -9999 -9999 -9999 -9999 -9999 -9999 -9999 -9999 -9999 -9999 -9999 -9999 -9999 -9999 -9999 -9999 -9999 -9999 -9999 -9999 -9999 -9999 -9999 -9999 -9999
43.3629090391994 46.1170722231172 46.8895843968479 -1 -1 -1 -1 -1 -1 -1 -1 -1 -1 -1 -1 -1 -1 -1 -1 -1 -1 -1 -1 -1 -1 -9999 -9999 -9999 -9999 -9999 -9999 -9999 -9999 -9999 -9999 -9999 -9999 -9999 -9999 -9999 -9999 -9999 -9999 -9999 -9999 -9999 -9999 -9999 -9999 -9999 -9999 -9999 -9999 -9999 -9999 -9999 -9999 -9999 -9999 -9999 -9999
40.7992328103205 41.484115661455 46.0083068249157 -1 -1 -1 -1 -1 -1 -1 -1 -1 -1 -1 -1 -1 -1 -1 -1 -1 -1 -1 -1 -9999 -9999 -9999 -9999 -9999 -9999 -9999 -9999 -9999 -9999 -9999 -9999 -9999 -9999 -9999 -9999 -9999 -9999 -9999 -9999 -9999 -9999 -9999 -9999 -9999 -9999 -9999 -9999 -9999 -9999 -9999 -9999 -9999 -9999 -9999 -9999 -9999 -9999
40.5675868766318 42.8915113363626 43.3043444533727 44.4613675658383 -1 -1 -1 -1 -1 -1 -1 -1 -1 -1 -1 -1 -1 -1 -1 -1 -1 -9999 -9999 -9999 -9999 -9999 -9999 -9999 -9999 -9999 -9999 -9999 -9999 -9999 -9999 -9999 -9999 -9999 -9999 -9999 -9999 -9999 -9999 -9999 -9999 -9999 -9999 -9999 -9999 -9999 -9999 -9999 -9999 -9999 -9999 -9999 -9999 -9999 -9999 -9999 -9999
36.4627846285496 42.3659272868162 44.4749589996661 41.5825800485683 37.1533568687022 -1 -1 -1 -1 -1 -1 -1 -1 -1 -1 -1 -1 -1 -1 -1 -1 -9999 -9999 -9999 -9999 -9999 -9999 -9999 -9999 -9999 -9999 -9999 -9999 -9999 -9999 -9999 -9999 -9999 -9999 -9999 -9999 -9999 -9999 -9999 -9999 -9999 -9999 -9999 -9999 -9999 -9999 -9999 -9999 -9999 -9999 -9999 -9999 -9999 -9999 -9999 -9999
-9999 44.8998886412873 48.1495178415742 46.4020048592559 37.1420188108797 -1 -1 -1 -1 -1 -1 -1 -1 -1 -1 -1 -1 -1 -1 -1 -1 -1 -1 -9999 -9999 -9999 -9999 -9999 -9999 -9999 -9999 -9999 -9999 -9999 -9999 -9999 -9999 -9999 -9999 -9999 -9999 -9999 -9999 -9999 -9999 -9999 -9999 -9999 -9999 -9999 -9999 -9999 -9999 -9999 -9999 -9999 -9999 -9999 -9999 -9999 -9999
-9999 -9999 49.8033810708776 51.2459278520667 37.0558791198056 -1 -1 -1 -1 -1 -1 -1 -1 -1 -1 -1 -1 -1 -1 -1 -1 -1 -9999 -9999 -9999 -9999 -9999 -9999 -9999 -9999 -9999 -9999 -9999 -9999 -9999 -9999 -9999 -9999 -9999 -9999 -9999 -9999 -9999 -9999 -9999 -9999 -9999 -9999 -9999 -9999 -9999 -9999 -9999 -9999 -9999 -9999 -9999 -9999 -9999 -9999 -9999
-9999 -9999 52.2976360368491 53.3676790298888 44.4787043684851 43.3253714817324 -1 -1 -1 -1 56.4879030490882 51.1141234745425 -1 -1 -1 -1 -1 -1 -1 -1 -1 -9999 -9999 -9999 -1 -1 -1 -9999 -9999 -9999 -9999 -9999 -9999 -9999 -9999 -9999 -9999 -9999 -9999 -9999 -9999 -9999 -9999 -1 -9999 -9999 -9999 -9999 -9999 -9999 -9999 -9999 -9999 -9999 -9999 -9999 -9999 -9999 -9999 -9999 -9999
42.3659272868162 51.7345476338665 49.6971118310549 43.2390757620292 46.6140922165717 38.4144138306561 -1 -1 50.9373088784185 47.5416546501654 45.3445600493865 51.7345476338665 -1 -1 -1 -1 -1 -1 -1 -1 -1 -9999 -1 -1 -1 -1 -1 -9999 -9999 -9999 -9999 -9999 -9999 -9999 -9999 -9999 -1 -1 -9999 -9999 -9999 -1 -1 -1 -1 -9999 -1 -1 -9999 -9999 -1 -1 -9999 -9999 -9999 -9999 -9999 -9999 -9999 -9999 -9999
39.0132135942886 40.0156955077651 48.1495178415742 48.5681317212827 49.1449797063656 45.6467280302187 -1 -1 41.484115661455 44.4749589996661 40.7921037272623 51.7345476338665 -1 -1 50.3980050136593 -1 -1 -1 -1 -1 -1 -1 -1 -1 -1 -1 -1 -9999 -9999 -9999 -9999 -1 -1 -9999 -9999 -9999 -1 -9999 -9999 -9999 -9999 -1 -1 -1 -1 -9999 -9999 -9999 -1 -1 -1 -1 -9999 -9999 -9999 -9999 -9999 -1 -9999 -9999 -9999
46.4574670984691 42.9742896865358 45.3500157841641 45.3736393685451 49.4899195468344 49.0052511104467 44.2989070112702 38.0515812176712 37.4465430947049 46.2235371279112 39.1963157194754 50.2189738473052 50.3980050136593 59.1291863952201 49.8361427337883 -1 -1 -1 -1 -1 -1 -1 -1 -1 -1 -1 -9999 -9999 -1 -9999 -1 -1 -1 -9999 -9999 -1 -1 -9999 -9999 -9999 -9999 -1 -1 -1 -1 -9999 -9999 -1 -1 -1 -1 -9999 -9999 -1 -1 -1 -1 -1 -9999 -9999 -9999
-1 -1 41.484115661455 45.3500157841641 48.793533775519 47.510322764961 56.7817526367171 60.1969526909472 51.8172485728138 59.0014331558093 59.0014331558093 61.2314277907003 56.8674682766401 59.6663748467176 48.526158606197 -1 -1 -1 -1 -1 -1 -1 -1 -1 -1 -1 -1 -1 -1 -1 -1 -1 -1 -1 -9999 -1 -1 -9999 -1 -9999 -9999 -9999 -1 -1 -1 -1 -9999 -1 -1 -1 -1 -9999 -1 -1 -1 -1 -1 -9999 -9999 -9999 -9999
44.6535650453682 45.3500157841641 45.948896011051 43.883343802038 39.7177514241657 44.6535650453682 59.3921153256075 59.6141439076848 60.4807396956758 62.2750489041924 63.24875170405 62.0505622362093 57.9567594547925 63.6489207275838 -1 -1 -1 -1 -1 -1 -1 -1 -1 -1 -1 -1 -1 -1 -1 -1 -1 -1 -1 -1 -1 -1 -9999 -9999 -1 -9999 -9999 -1 -1 -1 -1 -1 -9999 -1 -1 -1 -1 -1 -1 -1 -1 -1 -1 -9999 -9999 -9999 -1
40.7921037272623 45.3329361768282 42.0846899525114 47.6124972072341 43.8781837007844 44.8998886412873 45.2910813657838 59.3021022123765 54.8907832176784 58.5716772918437 59.9144689515278 62.0345442419755 66.4258470957892 58.7492296528671 -1 -1 -1 -1 -1 -1 -1 -1 -1 -1 -1 -1 -1 -1 -1 -1 -1 -1 -1 -1 -1 -1 -9999 -1 -9999 -9999 -9999 -9999 -9999 -1 -1 -1 -1 -1 -1 -1 -1 -1 -1 -1 -1 -1 -1 -9999 -9999 -1 -1
46.8895843968479 43.2390757620292 45.3482989699331 55.970980445981 54.1946762797135 50.7949623991219 51.2401821027199 53.6354580435132 66.8935694002361 60.527008367666 59.6663748467176 61.3691869924382 54.522989740626 56.8674682766401 52.8058854528692 -1 -1 -1 -1 -1 -1 -1 -1 -1 -1 -1 -1 -1 -1 -1 -1 -1 -1 -1 -1 -9999 -1 -1 -1 -9999 -1 -1 -1 -1 -1 -1 -1 -1 -1 -1 -1 -1 -1 -1 -1 -1 -1 -1 -9999 -1 -1
60.0652016720461 66.0759614884875 68.4190108315724 66.1403274551735 63.0257326059838 54.7578653460225 59.6887680542922 52.8136770900356 60.220855749066 65.9629868271307 64.5954266723321 53.154281478 48.6072434954678 47.6181165472582 -1 -1 -1 -1 -1 -1 -1 -1 -1 -1 -1 -1 -1 -1 -1 -1 -1 -1 -1 -1 -1 -1 -1 -1 -1 -1 -1 -1 -1 -1 -1 -1 -1 -1 -1 -1 -1 -1 -1 -1 -1 -1 -1 -1 -1 -1 -1
63.0289582069192 75.1522670839892 63.5975017312819 69.5538667840645 65.9865593957791 64.1993571220989 62.2649425995325 51.307685900639 64.6593007611932 73.4181075918777 63.4795453612107 55.5515701619021 49.4899195468344 44.0858185721974 44.0858185721974 37.5888690561857 45.3445600493865 -1 -1 -1 -1 -1 42.7403492088383 -1 -1 -1 -1 -1 -1 -1 -1 54.0593338904317 -1 -1 -1 -1 -1 -1 -1 -1 -1 -1 -1 -1 42.2425600132908 -1 -1 -1 -1 -1 -1 -1 -1 -1 49.9483145545856 -1 -1 -1 -1 -1 -1
73.6660212873459 65.6330123313894 64.3048650163599 63.0289582069192 60.2558647002035 53.7801793629186 56.4879030490882 62.8834391797787 62.5678907410022 65.2694797162956 70.5655080434972 55.4700196225229 54.522989740626 57.4679397800557 48.526158606197 48.526158606197 54.4856007119648 -1 -1 -1 -1 -1 49.8831703544584 -1 -1 -1 -1 -1 -1 -1 57.7811830581785 56.8727399287967 -1 -1 -1 -1 -1 -1 -1 -1 -1 -1 -1 43.0399033572882 37.4465430947049 50.3980050136593 54.2881269548491 -1 -1 52.7381228286656 48.1495178415742 -1 -1 -1 42.7425207132555 46.5466519273305 47.6124972072341 -1 -1 -1 -1
