data/derived/r_cv_pre_snow_per.asc
NCOLS 191 
NROWS 93 
XLLCORNER 442474.332677425 
YLLCORNER 4080120.41147431 
CELLSIZE 500 
NODATA_value -9999 
[rows 42 to 62 of 93, columns 94 to 140 of 191]
20.7121002510691 22.1494199172831 25.2660644923621 28.9323992152116 30.0477017477402 25.4313687663232 24.1001196607121 22.2295221676644 21.6641687650598 23.0238938953035 25.0237777652629 25.3802990508026 23.3881438785519 25.4639289865935 28.4798278892196 31.5081632367224 36.9416784517596 31.8909870992656 27.5255250405663 24.8662449151892 20.7777918237297 20.6869430090254 21.8248743216978 21.9118023976845 20.445307843333 21.5111596112269 23.7125569214344 26.554758459138 26.3891319676701 25.2874737007671 26.7503022991731 27.1896652756611 26.2010206358301 23.8671467390609 22.4240465659364 23.8245076347802 23.453348299718 22.7644488251193 24.0053004205839 24.0833355330401 23.7144076871691 24.3530059236176 25.3127531724153 27.877179684132 39.9712386978842 49.8301241533596 59.1769687756722
21.8852098910018 23.3727327104501 24.6467434762653 28.4919466604468 30.6727497807882 29.2039414432253 24.8181692244731 22.8635710904233 22.4227942186018 24.9483085967475 27.7304174659316 28.3769943567456 27.7334933547562 25.3530868587121 26.9859888689886 27.5213074933053 33.9488949497849 34.1578008940528 29.0461876304854 26.8177294724105 24.1281893228851 22.893381207108 25.9200253785038 24.7523288733333 22.2403620754281 22.3710835310992 24.4710254355596 30.9946318762863 33.0512673236034 31.3407527938121 31.7884274890075 34.3022989743649 30.4575011122067 24.0246337303624 23.4115513151469 24.0463352764662 23.9468135425336 23.8019487597653 27.5874498896972 26.4617013050512 26.3572530940041 26.2925258023922 28.9304548908054 29.0283257812216 26.6881164255331 30.0576362531527 39.5078782133145
21.9523205873996 23.1997420761944 27.8441812638249 29.4871497686538 32.7701383152791 29.228426810474 26.9030234403576 24.8048851560715 22.9659555662182 24.6025232489371 26.3003352015968 28.6461242414109 30.3170190826599 27.2946204392259 25.191068031992 26.6572174975241 34.7295837703786 39.146000247788 33.8028112442842 33.1862146512467 25.6369013910801 26.1351520894695 30.3132605553279 29.6141230565006 25.9517616128075 24.1160657266047 26.061580873258 29.3649042576816 41.4016661020056 40.1570551383126 42.8732706277545 37.2703299810325 30.753422187065 28.1428185252005 25.3084686264598 28.8414482434612 28.7003405860508 28.7060559414857 31.4917192016007 31.5849109677421 29.7340778690365 29.9790699059182 35.9549068925315 34.8370993624346 29.9180408063251 27.2460205448913 26.3834784350128
22.9541562844775 23.808687836999 27.5857418290308 29.0155784749404 33.1102095535254 30.5857133733571 30.6039310935013 27.6758508939686 25.087115185221 25.4868889475809 27.4021760981028 30.0203837569794 31.95469673838 30.4548037771479 27.545403997137 27.2726710816897 32.1436521051031 38.1386694371327 33.7101448356418 34.923834392154 29.5595377187328 28.8163299961758 36.586659579655 39.9961413173758 30.0191151941438 25.5690385422436 30.6620964137335 34.7076715896522 42.4038878948128 49.0992784581431 49.0767589263764 40.4417830229826 34.7749461505018 31.1061257902585 29.0990923995069 38.1931466348499 39.8765670535076 40.5560977451732 39.6126177611755 41.7733081256636 37.296359416419 40.8615604698237 45.5660968334098 42.5916068015923 37.4996983351986 31.696650600651 30.3886814419799
26.4486311209413 25.7577325852821 28.4915452404692 33.2154040275156 37.2168022083575 40.2926783210921 31.0769094052507 29.0934202999672 27.5924419286875 25.6901373200075 26.6657599407367 29.0145870961394 32.74826175361 31.5366202818444 26.8932259791651 26.549025906465 32.611967702175 45.2814322961085 41.3554309260248 40.1841734971276 33.4292049567293 36.3815984749495 40.87894821537 44.7270161163165 35.4047175685964 28.2147314717033 30.5806068780179 43.1836276197204 52.9037425084336 64.9318408624126 58.1967061011513 44.5391624589444 43.3386474018598 34.3159856575078 34.175087959303 41.2742220665991 50.0127826803998 51.7606321560618 42.1092978085885 45.6440347251121 44.8373210766699 47.3797266593547 52.8639776172683 53.5022134630476 44.4667716977484 38.8220651501585 38.0129919093705
28.0043303555797 27.7871821938386 29.9469832475424 34.6070777140499 39.5682845950585 48.3319279128789 42.5576642991037 31.5628855252994 27.2689610460166 27.0481217916327 26.4119307891936 30.1093476929072 39.1798685405908 39.8226041894913 31.6356896093487 27.6214084146127 30.2729597775914 40.016277933814 -9999 46.0753502142602 39.3015586676824 43.0110212271978 47.485144595996 49.4027189925703 35.9422822468553 30.0152377186833 32.8295221330795 38.584175423909 42.5431602097611 58.716598160495 67.0358430922788 48.2892538580873 44.3156433170651 41.634910421923 38.055850551427 43.8951978336262 56.2013240102571 60.8821240043099 53.5225623138322 49.8020122907184 54.061195466568 53.048593893992 57.8431613597678 63.7597398201933 53.3252025771014 42.5842750055231 48.4843679553634
27.48978393949 29.3158755682626 33.3849857786897 35.5057942456888 36.0542583292976 49.5624617930075 45.1814453945063 34.7964095766296 31.6739581375795 30.2446833108138 27.9362869266312 28.160927613979 33.3732118910092 48.0489929619267 38.8108392927667 32.2531599987078 31.7025109047621 42.272576109093 51.7405287969399 51.8081785309473 44.6396397147033 56.0777723618773 64.462994516099 42.2171905321528 38.9988276571929 30.746659247395 39.191861564718 45.5025245590446 48.2256613218974 67.8870613140941 79.4315316861797 66.5204846203088 51.946424835716 45.3143187828532 41.5378394158309 49.7820579506469 57.2345805209406 65.9558399545325 63.579302691852 55.3411699306454 57.0866754276607 61.5781833061389 63.7016918107921 70.2234740583438 67.7293877911934 49.0382956724689 54.387746183664
29.3238962024695 33.5879273480659 34.8358960956256 40.9508053103039 41.7223671063895 52.2731659223781 47.1966655531575 43.6403434136765 40.1880919361124 35.3376100629459 31.4126760456222 29.4743696431807 31.3752994941598 44.8788974051255 46.0302730865869 39.8653340807514 31.4069368611274 38.436295120135 58.1749543818958 59.7826550642868 56.3910351443541 62.1448765924877 65.0081354876728 45.5021471940961 40.6287461934745 32.872773276528 42.1751486106629 59.1923320488776 65.4266808880149 70.7519755470234 84.4212202583109 71.9720123225394 62.9203462358823 50.281475778347 42.983030698595 51.3802978864416 59.9203262531726 68.1611506430953 68.9983770624648 63.3001937044322 62.275874475886 64.5704163759055 69.0326340629478 81.412926996668 70.154703672059 52.7808671567193 56.9932479650084
30.8335713410019 34.8481366340341 41.2819671331183 45.4391147764022 46.2643455177701 54.3557567532024 70.3414361180848 51.7041974434098 54.2808625698999 44.3795167575781 33.5898683287635 31.036745834875 31.7061935061235 46.2898109201981 58.6235973652091 45.6114255144383 39.4339700141891 47.1986541287646 59.4896337249712 -9999 61.2948776727182 -9999 68.8512875827846 49.9354047372251 43.5596064422309 36.6498017937959 44.6543793984734 60.6470123849838 69.2272871838938 79.5716108918776 91.4040094987483 88.1835505538424 72.8301864234461 62.1746547014881 49.6502142125879 52.7917816382507 64.5587035530003 72.5190131400321 76.4982515235213 65.2372504082307 64.3723152443482 73.2343973701087 81.082268938674 85.9057331482279 83.5657629313451 64.0843392868376 62.9961974489291
37.5560006954629 45.923338849608 52.916253917707 56.5644760559191 53.4223614871803 62.907468119149 88.1665575663152 79.7731459990422 65.9379379769076 50.9221507121474 43.5526371345117 37.3091075396552 36.5000815735716 48.9843189196719 66.7626729727727 70.0028479864173 57.02819464888 50.7937549306259 69.787473298739 -9999 -9999 77.4213072056121 70.6763919658141 63.7392852830645 54.2437388095414 47.3050218636541 47.7191594088208 54.9976708080359 67.5231120102687 76.8951016541932 88.962127370382 97.330050598503 83.0607192826181 65.4125462609357 58.4110059763071 59.982294986366 66.5443152968262 76.9837429538681 88.0928475657625 78.6011144238478 80.9747586690167 85.9481032707744 94.2076751387228 96.5375480484097 88.3342820024847 78.5235171135249 75.9182065117881
46.9145035926874 55.5685649454178 64.5798207013052 63.2572685140915 58.1935529234483 66.9824807340223 84.5084196849446 100.993483415869 82.4105241774377 61.1979180290698 54.3758205927783 48.6015278063659 47.8690824332382 57.8928451516218 84.9038028324196 99.476210380608 82.7429992033437 76.3700846578271 64.0042759732762 83.901154807548 -9999 -9999 84.0282351398274 74.8334977647449 65.4115994910505 61.1829853904942 62.5965676797844 66.3636626456337 73.223647438219 83.809146982424 94.4574331421028 111.59392544615 91.0473355940283 80.3778351390077 65.5502280188712 73.4056677024728 76.93933519728 84.5932861084751 93.2194628817561 96.8458287371492 99.0520653462063 104.603667215994 112.9168786583 104.422777515264 91.2094625204116 86.6874759617212 85.8745474190928
49.6764992969338 58.1580788539661 67.9307461842324 69.0245429278203 62.3601334572235 65.9538371916293 80.3937130677656 111.660640508282 100.355590230157 71.1173469019263 61.6123723219878 60.4519817745203 58.1527007711341 58.2123131064438 72.3847868963828 100.941475486907 109.251466620599 98.5745582915431 80.3777468515264 84.2923366375373 -9999 -9999 88.259305869267 80.0364529580629 73.5215034883567 71.0445559310291 68.0187880789089 72.7220513668289 81.9653504543357 90.9627224339485 92.6852819105812 125.979416474066 97.9052141666222 87.0620085273429 77.8940336441408 84.0452346288123 85.3451904273797 91.5458393096395 100.211427517522 118.150346190435 126.009623113043 108.710545187873 102.660718512592 89.8286936606485 86.9545783060966 73.3529207204299 73.78840804689
51.5141620086038 58.5948220637672 70.9192269229126 85.2157289672707 68.718255690607 69.4271707490909 84.8764530218929 108.758494446316 112.751180612452 77.6809706181747 69.8230788626883 64.9406607512701 70.5296596550473 68.0863043175033 70.1109715291482 86.6974602113969 107.698635919962 110.60820646801 95.8392001104942 94.8621393035907 -9999 105.240559809271 96.7141640944819 88.3439749911722 79.1309796239859 75.6006273995485 73.9220336486601 82.3704863893406 87.0692252023033 94.3381280784269 104.417429854182 121.975655918937 106.664037028897 92.8520704648047 87.1878891499709 90.8403669126349 92.3964571105663 100.370811146394 109.697618046917 125.282810678971 126.564186793614 105.325377352245 100.052234736283 93.7272670169497 76.9000187499189 84.9476504169956 84.5778538268517
57.6780421191006 59.4344898164992 64.6254526620243 92.707719589603 79.9314086179408 70.8448829506269 91.525452996952 113.502189379372 136.709105258796 85.3430349512568 80.8062672916131 82.2861344964087 83.4597053261347 80.3604283660443 82.2231513762635 103.851868274453 113.588017269723 122.203110205094 108.472814425375 97.577043238183 -9999 -9999 103.334294039964 90.191847608808 87.9417678681203 83.0063689804531 84.0509011822805 84.5347443182404 92.3907165345446 102.199374437713 119.664688023585 117.91370870446 111.754631985007 99.6545211441338 93.7354087428082 100.494874330095 103.548151759044 104.172749844877 109.826210530402 122.809014152589 116.382015891479 116.453093555667 106.481451418771 94.2598578527197 92.6938501526814 97.0599284374874 99.187967616816
62.3907224956428 63.7257784110898 70.4404089077224 89.4168586824097 93.793062492276 86.2582130000635 99.1115242348947 132.486516395991 152.462307402003 109.148115574818 91.650129477899 92.6506133324617 96.6845380055423 93.9660506408995 94.2252490008187 106.955702882208 115.483046400554 135.288623818132 111.91239024629 108.326898832583 -9999 -9999 108.964207350903 96.5493576653125 88.8264665760235 89.1254446941962 91.3570218326322 98.7862348435664 106.72984015576 124.698010500475 122.664827630926 122.788891284074 120.708248669043 110.289069421204 103.234827855351 106.842936932146 106.209091005672 104.719928143888 113.968554639265 116.889243967719 129.524471820084 120.011970843793 118.673055010444 103.646474270367 93.4952038294143 90.948002906011 104.433738405082
67.208777879615 71.0621469103159 84.9316687619443 102.149456615689 112.652759364963 102.445504049058 111.52879978598 134.885121346842 179.876597347562 136.639074165499 104.884100746505 106.475975642209 114.782786766011 108.918539791864 111.107570061939 113.287986677714 117.851515446545 137.941411456711 114.049732081244 111.983152639825 113.868438533981 -9999 117.124144676485 105.888646067759 104.647946108355 103.37546647107 107.555499170152 109.104630953431 117.683340334823 -9999 -9999 -9999 120.265441137458 114.458964288695 108.463519549263 111.622275421911 109.456244859869 107.372113035169 116.747873779074 116.943701523077 128.742406560395 121.669350075226 121.686548838236 109.525239554716 98.2209198270152 91.3257547943611 103.904904784005
72.2769224931567 79.4073925916673 92.7053566864526 117.78000921993 151.300527444688 127.753973845758 118.96804527696 152.655049203741 181.021146955132 150.187904537113 127.293411330136 120.294721267034 125.90662396009 115.651875927289 117.507664150993 121.575768802895 140.535229243263 157.937348892412 127.499291254538 116.59408251448 123.208457192026 -9999 -9999 115.359279625874 110.410062382326 115.604158575023 117.396020705008 120.048047524993 121.732506332326 -9999 -9999 -9999 122.630780747032 123.389010657378 117.068861841799 113.147771505497 114.610226522269 107.26599024434 111.642647037533 114.575718558584 137.504270981657 130.245232434473 118.420879263249 102.440998728478 94.2234341045082 105.975458259116 115.647845074897
82.9428200458652 84.8228074658538 94.0326666055679 126.11391070422 164.069662100374 147.430169458421 124.49243051166 153.304927467264 182.906170825733 208.537321004365 147.15313388802 132.466602993553 137.061760985137 136.826260743744 135.146014978211 137.791544743002 146.008087768137 172.932659065642 143.65299286895 136.522331638269 -9999 -9999 -9999 -9999 118.518854548749 120.078199433629 -9999 -9999 -9999 -9999 -9999 -9999 -9999 122.028298539376 126.068894248769 118.592375055215 117.747516002241 108.293641497704 114.942858246593 115.16542459452 126.515820586138 125.116363633586 110.597797418482 108.967000733504 115.062266243393 121.505566099551 116.306394100319
91.8627751361768 97.7284072433526 103.581798530324 123.262744580239 168.120899935758 172.904292140572 140.839513846098 157.964781378255 170.802307870011 217.653458602427 158.898701596768 153.04795557003 150.862293427002 148.851983038814 150.443887479268 149.710428600566 149.678799803219 -9999 -9999 -9999 -9999 -9999 -9999 -9999 -9999 -9999 -9999 -9999 -9999 -9999 -9999 -9999 -9999 -9999 121.948248886686 125.652953311586 121.614174465127 119.497898156069 118.252178391145 119.470967906479 122.219083121499 123.596817540993 123.236032308936 120.992072795641 114.740433886087 116.136766740913 114.675980047306
105.943984837394 116.270438614489 127.423585735867 151.451893554907 171.242046803046 189.124634992741 167.638401581803 178.708964968562 185.675816259417 213.77410302948 196.077482403408 167.520770158793 170.079382499573 172.069637168945 174.460318267143 176.652557392646 163.784950914462 -9999 -9999 -9999 -9999 -9999 -9999 -9999 -9999 -9999 -9999 -9999 -9999 -9999 -9999 -9999 -9999 124.384984438461 120.439830087364 121.955617511421 121.165167985528 120.420046370977 121.364386348219 117.275625191843 124.092088295 132.857730371979 118.398750880494 124.676262597688 117.510084509942 120.607209020687 124.096860338639
131.780033834139 144.903271762832 154.784322968874 165.082839990463 184.346034619982 211.906845482563 194.800622965446 198.581674956703 210.94256245404 224.321361353705 213.742417978091 188.811169212769 -9999 -9999 -9999 -9999 -9999 -9999 -9999 -9999 -9999 -9999 -9999 -9999 -9999 -9999 -9999 -9999 -9999 -9999 -9999 -9999 -9999 -9999 137.207116863343 130.681841373404 129.941460716594 132.404961361999 129.452842134878 124.886946643612 145.055287062014 170.457089397565 159.070504351478 133.448384174649 116.650835338303 125.180415714575 144.799268420736
