data/derived/r_cv_scmd_1900.asc
NCOLS 186 
NROWS 74 
XLLCORNER 443300.206538099 
YLLCORNER 4085841.77455235 
CELLSIZE 500 
NODATA_value -9999 
[rows 0 to 26 of 74, columns 61 to 121 of 186]
-9999 -9999 -9999 -9999 -9999 -1 -1 -9999 -9999 -9999 -9999 -9999 -9999 -9999 -9999 -9999 -9999 -9999 -1 -1 -9999 -9999 -9999 -9999 -9999 -9999 -9999 -9999 -9999 -9999 -9999 -9999 -9999 -9999 -9999 -9999 -9999 -9999 -9999 -9999 -9999 -9999 -9999 -9999 -9999 -9999 -9999 -9999 -9999 -9999 -9999 -9999 -9999 -9999 -9999 -9999 -9999 -9999 -9999 -9999 -9999
-9999 -9999 -9999 -9999 -1 -1 -1 -9999 -9999 -9999 -9999 -9999 -1 -1 -1 -9999 -9999 -1 -1 -9999 -9999 -9999 -9999 -9999 -9999 -9999 -9999 -9999 -9999 -9999 -9999 -9999 -9999 -9999 -9999 -9999 -9999 -9999 -9999 -9999 -9999 -9999 -9999 -9999 -9999 -9999 -9999 -9999 -9999 -9999 -9999 -9999 -9999 -9999 -9999 -9999 -9999 -9999 -9999 -9999 -9999
-9999 -9999 -9999 -9999 -1 -1 -1 -9999 -9999 -9999 -9999 -1 -1 -1 -1 -1 -1 -1 -1 -1 -9999 -9999 -9999 -9999 -9999 -9999 -9999 -9999 -9999 -9999 -9999 -9999 -9999 -9999 -9999 -9999 -9999 -9999 -9999 -9999 -9999 -9999 -9999 -9999 -9999 -9999 -9999 -9999 -9999 -9999 -9999 -9999 -9999 -9999 -9999 -9999 -9999 -9999 -9999 -9999 -9999
-9999 -9999 -1 -1 -1 -1 -1 -1 -9999 -9999 -9999 -9999 -1 -1 -1 -1 -1 -1 -1 -1 -9999 -9999 -9999 -9999 -9999 -9999 -9999 -9999 -9999 -9999 -9999 -9999 -9999 -9999 -9999 -9999 -9999 -9999 -9999 -9999 -9999 -9999 -9999 -9999 -9999 -9999 -9999 -9999 -9999 -9999 -9999 -9999 -9999 -9999 -9999 -9999 -9999 -9999 -9999 -9999 -9999
-9999 -1 -1 -1 -1 -1 -1 -1 -9999 -9999 -9999 -9999 -1 -1 -1 -1 -1 -1 -1 -1 -1 -1 -9999 -9999 -9999 -9999 -9999 -9999 -9999 -9999 -9999 -9999 -9999 -9999 -9999 -9999 -9999 -9999 -9999 -9999 -9999 -9999 -9999 -9999 -9999 -9999 -9999 -9999 -9999 -9999 -9999 -9999 -9999 -9999 -9999 -9999 -9999 -9999 -9999 -9999 -9999
-1 -1 -1 -1 -1 -1 -1 -1 -9999 -9999 -9999 -9999 -1 -1 -1 -1 -1 -1 -1 -1 -1 -1 -9999 -9999 -9999 -9999 -9999 -9999 -9999 -9999 -9999 -9999 -9999 -9999 -9999 -9999 -9999 -9999 -9999 -9999 -9999 -9999 -9999 -9999 -9999 -9999 -9999 -9999 -9999 -9999 -9999 -9999 -9999 -9999 -9999 -9999 -9999 -9999 -9999 -9999 -9999
-1 -1 -1 -1 -1 -1 -1 -1 -1 -9999 -9999 -9999 -1 -1 -1 -1 -1 -1 -1 -1 -1 -1 -1 -9999 -9999 -9999 -9999 -9999 -9999 -9999 -9999 -9999 -9999 -9999 -9999 -9999 -9999 -9999 -9999 -9999 -9999 -9999 -9999 -9999 -9999 -9999 -9999 -9999 -9999 -9999 -9999 -9999 -9999 -9999 -9999 -9999 -9999 -9999 -9999 -9999 -9999
-1 -1 -1 -1 -1 -1 -1 -1 -1 -1 -1 -1 -1 -1 -1 -1 -1 -1 -1 -1 -1 -1 -1 -9999 -9999 -9999 -9999 -9999 -9999 -9999 -9999 -9999 -9999 -9999 -9999 -9999 -9999 -9999 -9999 -9999 -9999 -9999 -9999 -9999 -9999 -9999 -9999 -9999 -9999 -9999 -9999 -9999 -9999 -9999 -9999 -9999 -9999 -9999 -9999 -9999 -9999
-1 -1 -1 -1 -1 -1 -1 -1 -1 -1 -1 -1 -1 -1 -1 -1 -1 -1 -1 -1 -1 -1 -1 -1 -9999 -9999 -9999 -9999 -9999 -9999 -9999 -9999 -9999 -9999 -9999 -9999 -9999 -9999 -9999 -9999 -9999 -9999 -9999 -9999 -9999 -9999 -9999 -9999 -9999 -9999 -9999 -9999 -9999 -9999 -9999 -9999 -9999 -9999 -9999 -9999 -9999
-1 12.26354960154 -1 -1 -1 -1 -1 -1 -1 -1 -1 -1 -1 -1 -1 -1 -1 -1 -1 -1 -1 -1 -1 -1 -1 -9999 -9999 -9999 -9999 -9999 -9999 -9999 -9999 -9999 -9999 -9999 -9999 -9999 -9999 -9999 -9999 -9999 -9999 -9999 -9999 -9999 -9999 -9999 -9999 -9999 -9999 -9999 -9999 -9999 -9999 -9999 -9999 -9999 -9999 -9999 -9999
12.0747513429922 12.3683724058615 10.4690374951364 -1 -1 -1 -1 -1 -1 -1 -1 -1 -1 -1 -1 -1 -1 -1 -1 -1 -1 -1 -1 -1 -1 -9999 -9999 -9999 -9999 -9999 -9999 -9999 -9999 -9999 -9999 -9999 -9999 -9999 -9999 -9999 -9999 -9999 -9999 -9999 -9999 -9999 -9999 -9999 -9999 -9999 -9999 -9999 -9999 -9999 -9999 -9999 -9999 -9999 -9999 -9999 -9999
10.0332160617051 12.2379948511285 13.6531295728972 -1 -1 -1 -1 -1 -1 -1 -1 -1 -1 -1 -1 -1 -1 -1 -1 -1 -1 -1 -1 -9999 -9999 -9999 -9999 -9999 -9999 -9999 -9999 -9999 -9999 -9999 -9999 -9999 -9999 -9999 -9999 -9999 -9999 -9999 -9999 -9999 -9999 -9999 -9999 -9999 -9999 -9999 -9999 -9999 -9999 -9999 -9999 -9999 -9999 -9999 -9999 -9999 -9999
15.350991441231 14.2811431911066 13.0584095674182 11.844757892421 -1 -1 -1 -1 -1 -1 -1 -1 -1 -1 -1 -1 -1 -1 -1 -1 -1 -9999 -9999 -9999 -9999 -9999 -9999 -9999 -9999 -9999 -9999 -9999 -9999 -9999 -9999 -9999 -9999 -9999 -9999 -9999 -9999 -9999 -9999 -9999 -9999 -9999 -9999 -9999 -9999 -9999 -9999 -9999 -9999 -9999 -9999 -9999 -9999 -9999 -9999 -9999 -9999
13.9415275128319 12.5914651954704 12.0692143953452 12.9663031183625 11.2406728176148 -1 -1 -1 -1 -1 -1 -1 -1 -1 -1 -1 -1 -1 -1 -1 -1 -9999 -9999 -9999 -9999 -9999 -9999 -9999 -9999 -9999 -9999 -9999 -9999 -9999 -9999 -9999 -9999 -9999 -9999 -9999 -9999 -9999 -9999 -9999 -9999 -9999 -9999 -9999 -9999 -9999 -9999 -9999 -9999 -9999 -9999 -9999 -9999 -9999 -9999 -9999 -9999
-9999 12.0308609207768 11.9139430942598 12.1946880550707 11.2321546671433 -1 -1 -1 -1 -1 -1 -1 -1 -1 -1 -1 -1 -1 -1 -1 -1 -1 -1 -9999 -9999 -9999 -9999 -9999 -9999 -9999 -9999 -9999 -9999 -9999 -9999 -9999 -9999 -9999 -9999 -9999 -9999 -9999 -9999 -9999 -9999 -9999 -9999 -9999 -9999 -9999 -9999 -9999 -9999 -9999 -9999 -9999 -9999 -9999 -9999 -9999 -9999
-9999 -9999 14.0876240311169 11.3069467372713 15.4481421676648 -1 -1 -1 -1 -1 -1 -1 -1 -1 -1 -1 -1 -1 -1 -1 -1 -1 -9999 -9999 -9999 -9999 -9999 -9999 -9999 -9999 -9999 -9999 -9999 -9999 -9999 -9999 -9999 -9999 -9999 -9999 -9999 -9999 -9999 -9999 -9999 -9999 -9999 -9999 -9999 -9999 -9999 -9999 -9999 -9999 -9999 -9999 -9999 -9999 -9999 -9999 -9999
-9999 -9999 11.4728159861107 11.6951713771502 17.6685936476172 16.9316062379406 -1 -1 -1 -1 12.6675251586606 12.8371471056985 -1 -1 -1 -1 -1 -1 -1 -1 -1 -9999 -9999 -9999 -1 -1 -1 -9999 -9999 -9999 -9999 -9999 -9999 -9999 -9999 -9999 -9999 -9999 -9999 -9999 -9999 -9999 -9999 -1 -9999 -9999 -9999 -9999 -9999 -9999 -9999 -9999 -9999 -9999 -9999 -9999 -9999 -9999 -9999 -9999 -9999
11.9177575872468 12.2267009694982 11.972178305804 12.4351438785987 12.043605891512 15.7064720070893 -1 -1 12.9820791637296 11.2860903145531 13.8122335514198 11.3271201978413 -1 -1 -1 -1 -1 -1 -1 -1 -1 -9999 -1 -1 -1 -1 -1 -9999 -9999 -9999 -9999 -9999 -9999 -9999 -9999 -9999 -1 -1 -9999 -9999 -9999 -1 -1 -1 -1 -9999 -1 -1 -9999 -9999 -1 -1 -9999 -9999 -9999 -9999 -9999 -9999 -9999 -9999 -9999
12.3442033782825 15.1905390644032 15.1913860905801 12.3962037080045 12.3962037080045 12.5052938173742 -1 -1 14.9380926831418 13.8134195386021 14.3421269880386 18.8200797770854 -1 -1 35.8389705735716 -1 -1 -1 -1 -1 -1 -1 -1 -1 -1 -1 -1 -9999 -9999 -9999 -9999 -1 -1 -9999 -9999 -9999 -1 -9999 -9999 -9999 -9999 -1 -1 -1 -1 -9999 -9999 -9999 -1 -1 -1 -1 -9999 -9999 -9999 -9999 -9999 -1 -9999 -9999 -9999
14.1817368623148 16.1009226873996 15.880734874352 16.4080632101111 16.4080632101111 15.0029644033583 12.9859198313561 11.3666779662333 14.8329015675002 17.6861090130484 17.2783127659068 17.5809518882487 22.0335382949039 32.1408369465907 12.7630936547323 -1 -1 -1 -1 -1 -1 -1 -1 -1 -1 -1 -9999 -9999 -1 -9999 -1 -1 -1 -9999 -9999 -1 -1 -9999 -9999 -9999 -9999 -1 -1 -1 -1 -9999 -9999 -1 -1 -1 -1 -9999 -9999 -1 -1 -1 -1 -1 -9999 -9999 -9999
-1 -1 15.0515071624993 12.0918864665553 16.3411711260893 16.6081071163775 14.6256215353313 14.0566978962689 15.5127544547559 16.1496879573161 21.8461203658534 20.9142165204995 21.2085013679011 16.9212063064397 16.7742516593985 -1 -1 -1 -1 -1 -1 -1 -1 -1 -1 -1 -1 -1 -1 -1 -1 -1 -1 -1 -9999 -1 -1 -9999 -1 -9999 -9999 -9999 -1 -1 -1 -1 -9999 -1 -1 -1 -1 -9999 -1 -1 -1 -1 -1 -9999 -9999 -9999 -9999
14.3527037923916 15.5562519390911 16.132806341824 13.5115774074285 12.5175023139898 12.5138652282024 15.4111598659791 14.1577800354923 14.1365399559895 14.9163470539656 19.0103975595702 23.3365352686082 29.4893245546657 20.1186280805469 -1 -1 -1 -1 -1 -1 -1 -1 -1 -1 -1 -1 -1 -1 -1 -1 -1 -1 -1 -1 -1 -1 -9999 -9999 -1 -9999 -9999 -1 -1 -1 -1 -1 -9999 -1 -1 -1 -1 -1 -1 -1 -1 -1 -1 -9999 -9999 -9999 -1
12.1534884960733 13.3957901585211 12.7774595038129 11.020376758374 11.7524745613928 15.1120479816511 14.9152101449032 19.4753678111789 23.9768767066021 24.2612494498752 24.6585621564117 28.0676383902796 30.5757904934837 29.0227481487552 -1 -1 -1 -1 -1 -1 -1 -1 -1 -1 -1 -1 -1 -1 -1 -1 -1 -1 -1 -1 -1 -1 -9999 -1 -9999 -9999 -9999 -9999 -9999 -1 -1 -1 -1 -1 -1 -1 -1 -1 -1 -1 -1 -1 -1 -9999 -9999 -1 -1
26.3042480271998 25.92559145037 12.3320543084684 11.593043389164 11.6951713771502 26.0174234276975 25.0891606490642 24.3522532068931 24.067081624261 27.728581896925 29.9677360306481 30.7522386115386 29.9535662389352 31.1831754478908 31.367268499036 -1 -1 -1 -1 -1 -1 -1 -1 -1 -1 -1 -1 -1 -1 -1 -1 -1 -1 -1 -1 -9999 -1 -1 -1 -9999 -1 -1 -1 -1 -1 -1 -1 -1 -1 -1 -1 -1 -1 -1 -1 -1 -1 -1 -9999 -1 -1
11.7862682238802 12.6857421920602 20.886726388927 17.6859346352238 18.7463352832439 24.2681800482633 23.935645354129 23.9042980836252 23.8165967874039 26.1347026514412 28.4229146287682 28.9830451553419 25.9551799436315 18.9051698919316 -1 -1 -1 -1 -1 -1 -1 -1 -1 -1 -1 -1 -1 -1 -1 -1 -1 -1 -1 -1 -1 -1 -1 -1 -1 -1 -1 -1 -1 -1 -1 -1 -1 -1 -1 -1 -1 -1 -1 -1 -1 -1 -1 -1 -1 -1 -1
13.5173312217531 23.4586725646952 23.5975664986002 23.2423140344907 22.9741453529392 23.3499380876086 23.7980614401935 23.4020292801749 23.5812900505791 24.057163670564 26.0677745696497 26.4250012749422 27.262855213704 19.4850610747253 28.0247268421615 34.2007614776521 37.8371666139827 -1 -1 -1 -1 -1 14.1476368561537 -1 -1 -1 -1 -1 -1 -1 -1 16.4605853596717 -1 -1 -1 -1 -1 -1 -1 -1 -1 -1 -1 -1 11.9698516331782 -1 -1 -1 -1 -1 -1 -1 -1 -1 13.2696126224732 -1 -1 -1 -1 -1 -1
23.8629027528203 23.3006120490478 22.9434284045972 22.5464379072847 22.5414895129612 22.4611316348907 22.3724832240791 22.8502479514694 22.6794750820993 23.2189150884864 24.7140444327008 26.3796253040363 16.283300748705 18.5142362607291 32.6100710657074 32.7799095053582 33.8732276572477 -1 -1 -1 -1 -1 17.4670558220208 -1 -1 -1 -1 -1 -1 -1 19.9661625895739 19.6901755859859 -1 -1 -1 -1 -1 -1 -1 -1 -1 -1 -1 28.6378540016976 11.9727150944304 26.770604530526 25.3760330061229 -1 -1 11.7961218608422 13.1899607606881 -1 -1 -1 11.6470114365307 13.3940101732618 14.5905096746928 -1 -1 -1 -1
