data/derived/r_cv_pre.asc
NCOLS 191 
NROWS 93 
XLLCORNER 442474.332677425 
YLLCORNER 4080120.41147431 
CELLSIZE 500 
NODATA_value -9999 
[rows 21 to 41 of 93, columns 47 to 93 of 191]
-9999 -9999 -9999 -9999 -9999 -9999 -9999 -9999 -9999 -9999 -9999 -9999 -9999 -9999 34.1083829765418 34.177434413034 33.7810018388749 33.8645925204813 33.942841913448 33.8565690826593 33.5589100087563 33.3455565722896 32.8358332362079 32.9719283497742 32.6631243228451 32.7272476696352 32.9116440933472 33.2181051933474 33.7126384311153 33.7241438556429 33.6862091164409 33.2953268758187 32.9270065045478 32.5957184778666 32.185249151473 32.1389134531075 31.956344692871 -9999 -9999 -9999 -9999 -9999 -9999 -9999 -9999 -9999 -9999
-9999 -9999 -9999 -9999 -9999 -9999 -9999 -9999 -9999 -9999 -9999 -9999 -9999 -9999 -9999 -9999 33.8886821322727 33.9039204980539 33.9394528282139 33.777699919127 33.5340449648944 33.2099270852393 33.0831735543954 32.8077511567933 32.9568676645385 33.8911426510531 33.1537111437762 33.4216946372378 33.3392496918177 33.3945333713766 33.2203788225307 33.0180483402949 32.6608721885619 32.347879158516 32.3703195960725 32.2054087820089 32.1003859905007 32.0263771435427 32.1418379912907 -9999 -9999 -9999 -9999 -9999 -9999 -9999 -9999
-9999 -9999 -9999 -9999 -9999 -9999 -9999 -9999 -9999 -9999 -9999 -9999 -9999 -9999 -9999 -9999 -9999 34.058442748775 34.0348380313164 33.8494434139682 33.526789643785 33.1813182215171 33.1450989602876 33.9865796045681 34.2454763625499 34.1403283637793 34.520231608666 33.4589131292679 34.623555124951 33.9054284740077 33.7246533119009 33.5099891465266 32.4072271160608 32.6931795549921 32.7656766267698 32.4266795888169 32.1959110564582 32.3171145696575 -9999 -9999 -9999 -9999 -9999 -9999 -9999 -9999 -9999
-9999 -9999 -9999 -9999 -9999 -9999 -9999 -9999 -9999 -9999 -9999 -9999 -9999 -9999 -9999 -9999 -9999 34.1586393490753 33.9427948883482 33.7131758345086 33.5468092616393 33.512481781539 34.373339317468 34.2977370969225 34.497781064167 34.5417938270641 34.7176109982114 34.707239851211 34.6253135371273 34.3015075191246 34.0608290155961 33.9232642256167 33.6440814497809 33.694186373841 33.4072652265695 33.0143798303823 32.5043942691428 -9999 -9999 -9999 32.0415413707362 32.0458077995163 -9999 -9999 -9999 -9999 -9999
-9999 -9999 -9999 -9999 -9999 -9999 -9999 -9999 -9999 -9999 -9999 -9999 -9999 -9999 -9999 -9999 33.9655438439287 34.1177131816028 34.0482944429783 33.7799606297641 33.8140651875795 34.8072167570175 34.5944860096987 34.5445708957389 34.7809045004535 34.8870452680945 34.9508763677474 35.2131806553968 34.7794114805565 34.6542450925555 34.5323573188529 34.1895478884277 34.0658264326518 33.8872982170347 33.5612955036688 33.2806848354159 32.8711551554519 -9999 32.3050540107845 32.3648362195453 32.2031150073366 32.3395210522661 32.128252473109 -9999 -9999 -9999 -9999
-9999 -9999 -9999 -9999 -9999 -9999 -9999 -9999 -9999 -9999 -9999 33.8251588980793 33.8982348728706 -9999 -9999 34.1411941402366 33.7202024571712 33.8344709750528 34.5943712076271 34.72285869452 35.1997887104005 35.0288534699821 34.9639638070338 34.9877063677546 35.1501779619799 35.2534508687217 35.5387729028158 35.4710201274199 35.2603007625796 35.1052205424647 34.7985803112687 34.4887157946291 34.1593622718361 33.8309895273257 33.6574260817155 33.3693970408302 32.9624894699778 32.775731796861 32.6890428994851 32.759527286283 32.7805644553187 32.7248307059141 32.6300200869973 -9999 -9999 -9999 -9999
-9999 -9999 -9999 -9999 -9999 -9999 -9999 -9999 -9999 -9999 -9999 33.9829839071701 34.131487398126 34.0563060871771 33.9548136900328 33.9040763980632 33.3015028568932 34.1305398164578 35.1259097820718 35.438461848778 35.5541175514384 35.5166533137179 35.5312585247916 35.4633605349409 35.583182927374 35.6578721839002 36.095000892059 35.9139954342392 35.6857488125051 35.4475757875472 34.9996524365218 34.4974516994149 34.1949310626085 33.9441313172492 33.6297100963904 33.4358339192651 33.1325374282798 32.9461293317094 33.1728908511213 33.2863554565146 33.1532668655651 32.8405480349487 32.9008751327342 32.8210865724054 32.8508516124842 32.8775088069335 32.8876979611387
-9999 -9999 -9999 -9999 -9999 -9999 -9999 -9999 -9999 -9999 -9999 -9999 34.2587816629917 34.2909598920108 34.1653853385188 34.1617751936805 33.5442126549816 35.1031547697207 35.24294252826 35.3976918583129 35.5222630513733 35.71167961133 35.8459988996895 35.836652156564 35.9016144874151 35.9627174389043 36.356816193258 36.1179652288469 35.8567832245921 35.4997014343619 35.1528569590887 34.776322034484 34.4822112075232 34.0168681967884 33.8337496005549 33.8181017630833 33.3348541796952 33.4968662140458 33.7254961738186 33.5229818790436 33.3024085827762 33.1300970644328 33.3158136397046 33.233199928762 33.1654967760747 33.2117084023383 33.314344845536
-9999 -9999 -9999 -9999 -9999 -9999 -9999 -9999 -9999 -9999 -9999 -9999 34.3612351855585 34.4629531160556 34.3391468234995 34.6858376395717 35.1988853717139 35.4402280928289 35.5751344920256 35.4857956598928 35.822943846558 35.9758638727947 36.10371320689 36.1570121989772 36.1905033459819 36.7656425060861 36.5002917470939 36.2698429422132 35.9683012104898 35.704667890183 35.376026799593 34.8793079779349 34.3729707016789 34.3288652363142 34.2994350833539 33.8396852651231 33.8493104316846 33.9266329075211 34.1999422343486 33.8790599995109 33.444876259807 33.3781693466308 33.5769161949813 33.6658776736721 33.3521125413886 33.7041675106077 33.5293908600704
-9999 -9999 -9999 -9999 -9999 -9999 -9999 -9999 -9999 -9999 -9999 -9999 -9999 34.0172092427609 35.3309311252124 35.2473475058183 35.4602711248145 35.6217228569466 35.8305535789765 36.4445576106047 36.4595980958804 36.6699473698589 36.7823704684282 36.8645111351332 36.8673061123252 36.7313546929108 36.6804956902085 36.4940531501787 36.2419827063005 35.9340731285384 35.7300665116587 35.1681730123196 34.9434284018448 34.7858901952752 34.4894013332707 34.0226924657429 34.327104375805 34.4923881634065 34.3237889564972 34.031688924651 33.7678627609105 33.8078545236074 33.9621495150707 34.0202949890753 33.6578789346265 33.9298373262994 33.9252716124809
-9999 -9999 -9999 -9999 -9999 -9999 -9999 -9999 -9999 -9999 -9999 -9999 -9999 35.5313399796526 35.4887543172829 35.4675584498414 35.6936816230912 35.8764046719827 36.6868204801434 36.6140410112428 36.6801219229225 36.7739422386172 36.9214283533711 37.0088654169265 36.9763505863365 36.8301048496251 36.6681178095907 36.5819585865943 36.4111162319878 36.1662963456489 35.8498268414772 35.454748537535 35.3586014333672 35.1082143421687 34.7274025615762 34.3373238500327 34.6828008043602 34.7573687281314 34.7244941716708 34.4495517492241 34.0056370632456 34.0531344044653 34.2213056198177 34.3409752770354 33.8627552811093 34.1012393294308 34.3393077489898
-9999 -9999 -9999 -9999 -9999 -9999 -9999 34.4389182639285 34.6754198370992 34.8381087604736 34.8711705185327 -9999 -9999 35.7144745242311 35.7413612576728 35.8110882919088 35.9309574922719 36.1050641470904 36.8045198891272 36.783852963375 36.8432370698549 36.9738152245921 37.0588936967847 37.1482551026213 37.0839671400588 36.9352831939842 36.7870671323015 36.6998720298051 36.5025625571867 36.2893239749457 35.9861348295981 35.7897407316707 35.6936980650592 35.3471456243777 34.8838014493544 34.6630757367145 34.8859075888969 35.1027723428588 35.0772273209287 34.7644866091493 34.3180484910309 34.3475735588257 34.4686016665036 34.54915474819 34.1387530670198 34.2607937340924 34.6196487465351
34.8987136095873 34.7988740970178 -9999 -9999 -9999 -9999 33.9133104127608 34.1719475615339 34.4265850760099 34.6131764578013 34.7376783435381 35.4841303577875 35.5911526994673 35.6157605512015 35.8692626922697 36.0025114089661 36.1217327567878 36.9043764960038 36.9470808651502 36.9127049833545 37.0384268507586 37.1766010397029 37.2649687696422 37.3241641822536 37.1957453592377 37.0338227007579 36.8707313016484 36.7166804759921 36.6242881124401 36.4199436949098 36.3834642977525 36.2558186822416 35.9165787588529 35.3716663870584 35.3933105637518 35.0634123896626 35.170887616226 35.4542552358949 35.3745691835998 35.0407720075981 34.4598053068236 34.6379774128381 34.7680922021473 34.8081906509126 34.3628338504048 34.4723789568413 34.8289763904507
35.0352505480231 35.2897064845664 35.100592662343 33.908501539622 33.7213532017901 33.8212119472579 33.5833264122479 33.9458893913084 34.1671713146628 34.3171584301224 34.4351523283464 35.2013820648093 35.3336936234172 35.510889013202 35.7796117227392 35.9435148989795 36.1868925927185 36.9994468116666 37.063393302675 37.0571027090847 37.0962312694622 37.2955630927163 37.4403147769814 37.4767290764537 37.4002997199337 37.2531101307866 37.0900172576074 36.9640212252176 36.9054139738447 36.7995021100398 36.7695236646707 36.5724125086923 36.3575660493656 35.9121327516224 35.4905359038335 35.412676676674 35.4999220509887 35.7209803356467 35.7163484828661 35.2696584510384 34.8859993340339 35.0061821769242 35.0819098704706 34.9330392129876 34.5057382971259 34.7335516790388 34.9765174748951
35.1569814897651 35.374958536766 35.3030728414264 35.1775918744364 33.9613955243677 34.0970757786324 35.5737545972342 35.7652251068356 35.8129814296533 35.9036916638823 37.054801697646 37.1329699622061 37.2344381816599 37.3089097789736 37.3978737222428 37.5607601488482 37.6956942765051 37.8609884065104 37.1943571527935 37.1829247819907 37.2607187127546 37.4464602182125 37.5723890655891 37.6409938445763 37.5826904626746 37.5058578393034 37.3950546049498 37.1640303101771 37.1206493601725 37.1930186315954 37.0604516079415 36.8178405184728 36.5419404369429 36.246022975282 36.0180156484206 35.9126609853773 35.934913003671 36.093896507839 35.8888047857697 35.4175940179851 35.3616477667142 35.4071839732856 35.3607950938192 35.0698450087736 34.6938828773196 34.8972388441371 35.1912266911809
35.0546164117234 35.2538006289753 35.4544679454509 36.1037157394002 35.9771886361308 35.9850647055985 35.7904941945731 35.4997286763678 35.9427880766198 37.0369715933659 37.1279243114943 37.2273529130747 37.3008440760087 37.3987123001247 37.4507416294326 37.5396404501352 37.706426657338 37.8545034191803 37.973522355595 37.2875605316393 37.3272377530965 37.4841197342958 37.7064363960632 37.6936846946793 37.6233889170394 37.5573793889944 37.4979407562052 37.4730356961572 37.4337315378677 37.3844460955711 37.3147919690941 37.0873405304874 36.8941330135372 36.5803342223166 36.3426288763115 36.4048712028611 36.3505836019801 36.3972739504574 36.0681897428124 35.6081342975264 35.7377761488033 35.763057829552 35.6971133502948 35.2803191287411 35.2219864352287 35.0856643431542 35.3348018760024
34.8000350974091 35.616730979137 36.2405699399245 36.2579645890058 36.2082967651413 36.1103777136481 35.9012202362638 35.5711566779397 36.3584315827661 37.1050718781064 37.2091273921418 37.2905292788638 37.3748620103904 37.4254903862642 37.4966389824382 37.5084599087951 37.6286925428912 37.7992999994059 37.956790194729 38.0609657009092 37.5419363703624 37.6432949717581 37.7727000816147 37.7554661717835 37.7826995935426 37.7760302537184 37.7737699808108 37.7336847946192 37.6740271840643 37.6049323600096 37.6004274928117 37.4445533555048 37.1921461977456 37.0384539337189 36.876753206106 36.6787950661173 36.7499460718359 36.6634842362484 36.3315459984113 36.1260682757466 36.1435473952847 36.1060528446438 35.9248215145985 35.6311622428738 35.5382187051582 35.3134151653017 35.4500570862628
35.61037158546 35.4234027809472 35.9736404811295 36.1546380570007 36.4277080654549 36.242204493393 36.0392976780706 36.1615018609164 36.6532200030352 36.832249272911 37.1445617426596 37.3010858005509 37.4145694768848 37.513507101007 37.6008976811023 37.6413534214514 37.7336455854574 37.7798087826022 37.9292910090776 38.1077711110895 38.1607431703447 37.8585739328217 37.8451102618832 37.9274315494155 37.9048964084088 37.9493928319196 37.9251318898474 37.9005308648634 37.8658791849776 37.8106259305872 37.7176004789314 37.6919977997177 37.5179726031082 37.4644972829356 37.2473924862978 37.1260935265535 37.1030900114585 37.0026142586245 36.7155679602535 36.5359014050527 36.4774573579412 36.4158997751577 36.1683453563318 35.9656058520928 35.8634280621673 35.5730915981742 35.7161464790323
35.7863025123913 35.6283400210869 35.807673743211 35.9669720361806 36.0305601274035 35.8144214939242 35.5733780263248 36.5117202948917 36.7207539917796 36.6684608225469 36.8889642370233 37.123337196839 37.3346636504005 37.5102998587727 37.6571750245365 37.7577165913582 37.8707348671908 37.9052114483412 37.9512301049864 38.1113439663049 38.1492579501548 38.2013459773458 38.1371321479747 38.0976565515817 38.063948896584 38.0758387875893 38.1112101562577 38.1398088913639 38.1493568291641 38.1084054132597 38.0544423811927 38.0605631509232 38.0236613957327 37.9386237276377 37.8078414130292 37.7206772419369 37.589764737319 37.4279209749964 37.2115449576052 37.1037999580527 37.0064059369091 36.9071414294521 36.6572581052865 36.5159873586096 36.3609968028481 36.1550942829869 35.9898076026829
35.9494841302952 35.8099218417669 35.9023759408953 36.0506044587816 36.1435111288173 35.8822008079814 35.5920258615251 36.6193584673915 36.8472497179203 36.6295840978398 36.7825664606318 37.1296287379072 37.2937856965141 37.4386059796488 37.6137082471625 37.716886470909 37.8090675158734 37.9274916354785 37.9852352203054 38.0375410948752 38.1167274625161 38.1789892712679 38.2894765102399 38.3099219112393 38.1987009282416 38.2519068932735 38.2616976227097 38.3229309470057 38.4142671874408 38.3995847604461 38.3966936050274 38.3606773473805 38.3252204776823 38.370702879259 38.2799127565363 38.1727044720712 38.0508241453159 37.8178020731636 37.6715160598298 37.5919189006205 37.4826456749186 37.3297959876066 37.1456483076037 36.979485242921 36.8711072305152 36.762044955612 36.5947905035017
36.0689518505031 35.9520031319719 36.0556014343349 36.161667120523 36.1029949206459 35.8981997034682 35.5171405978521 36.779699534284 36.9244916779335 36.7261208709258 36.5659395107773 36.9746965246422 37.1206915444796 37.349041516734 37.4704658045494 37.5952335380948 37.7404086856207 37.9036306530325 37.9407266133334 37.9839566869237 38.0491175068746 38.1401385227503 38.3285171247026 38.5291423346607 38.2919605044609 38.3244268573486 38.3872358487507 38.4720517651618 38.5573580503986 38.5881309775949 38.6068721437001 38.608251746042 38.570007536169 38.6536226039286 38.5715899633696 38.4932621326454 38.3347540316642 38.1239306468558 37.9883887048206 37.8588911811901 37.7682448246885 37.603069383548 37.4473659138699 37.2814941069003 37.1333799767325 37.0420864769981 36.9796398592764
