data/derived/r_cv_scmd_1000.asc
NCOLS 186 
NROWS 74 
XLLCORNER 443300.206538099 
YLLCORNER 4085841.77455235 
CELLSIZE 500 
NODATA_value -9999 
[rows 42 to 62 of 74, columns 48 to 95 of 186]
20.0557925282228 18.0745023425411 20.0338398672545 19.9408675079678 20.5756000439465 19.4537613160836 19.1833551328051 19.369469643847 19.039814600708 19.1388063696586 15.2606027018908 15.1140429846172 14.9507891617401 14.976243961744 15.2588439901121 17.2118802146592 16.4131626091761 15.2957836883479 15.5240255036712 14.8403237154921 14.5992415484591 13.1614107233761 12.4958019188282 12.2604866746983 15.2503369374603 14.2384508175305 12.8373473850343 13.5613785360775 13.4556957726156 13.73217361026 12.2128666308149 12.32727652061 11.8682805376338 12.8753938470613 11.6311589828115 11.8018575162697 12.2604866746983 12.0831343281172 12.9971937765109 13.792246240682 13.5268411746073 16.6612797846147 20.833252599469 14.6910476626345 14.1911943799594 18.8741542608184 20.3275770921465 19.4815127241899
23.9779753240127 23.9236977629217 17.1855486605346 18.8995575895407 18.9078965763723 19.2548184886602 19.2667225818693 19.3870302034473 15.5935632036829 15.2687943111936 19.435803953609 15.0046268125127 15.3432029175701 15.6772063023615 15.3326872214291 22.0010113216379 16.7098943209286 14.9330287510376 15.8035764403477 15.5121131661354 15.0589967516277 15.3622545499955 15.0022989022537 12.5248636285483 15.2018868502196 14.1890287197333 14.0117983285318 13.2309682683623 12.5826987041879 12.0810446809957 12.2218038451191 13.8575742828728 14.196549479711 13.7214670400897 12.0363198957377 13.3845941381911 13.5231374269646 13.8480432516968 12.8146038174772 14.4081408370204 16.1059588955579 16.3203660655834 17.6516372248378 13.1778872150041 12.8922706693259 16.82739543313 22.0768686638367 22.5580303805138
22.3015403205422 15.8503118283676 16.2726769242229 19.2026363210025 18.7685416589703 19.2548184886602 19.3911017322327 19.5935635186709 15.9330779781392 20.316176250053 22.7930288753811 15.3250214910016 15.6465640568721 15.3202449355748 16.8278102428703 20.8584964914783 15.2502628999576 15.5125503103294 15.0577916389882 15.0185983754689 13.5811395250805 18.3629206426122 16.7148016946404 14.9019543704594 12.6118131781936 12.5578127397447 13.232974394833 13.1975002439447 11.9747558224363 12.0108228469658 12.3322531671084 15.3066008926009 15.2369471181574 15.2369471181574 14.4061738419361 12.8299328431675 15.5172852133312 14.9115663200399 14.7047360035855 14.6424173733692 14.5067566246297 15.5029372835201 19.6356945532307 14.0904213915216 19.6640640621299 19.8977399763638 20.1709410918845 21.3941853479776
17.539604712191 15.5630858686977 20.0717184881588 20.2365004273408 19.9269551806449 20.4915687705535 19.8786985934291 15.3326027526021 15.8460908313149 20.5823171379321 20.1980415918359 19.8896637634067 15.6369837988027 15.3005659775981 21.9378763545686 22.6284866255933 15.4190484403643 14.6398753966099 16.4247887757573 14.7405180650225 15.9572573057462 19.95878161882 17.88602427538 16.9020461563904 15.4053578198945 13.4894738955679 12.3423615268856 12.2897333272263 12.1099358022538 12.1024904688588 12.8090756097204 14.9887631975886 13.5882640562279 19.4265628676044 15.275810209872 14.153348683778 15.7078894910233 15.023157681859 14.1183920691897 14.913191465847 13.4108437133119 13.3057097496436 20.8651675891005 17.1185118644983 15.6720617103326 17.0744461302949 16.5839942062166 21.0517532333963
17.5416323055643 17.4950805237416 22.8410096295909 21.4828099866683 21.2565532125634 21.1440958202092 20.8088978260051 15.2611953519621 15.8962577939403 21.1520540302682 20.9842786305824 20.2625280230521 21.6853959255347 17.1416855998789 22.1062833305537 22.9013374877434 23.9817754308984 24.8743308645185 29.0447427689074 30.669451063817 19.95878161882 20.152825619048 17.5984586921889 17.8973076503437 13.5425882649961 12.8601824391577 13.3223776708411 13.2571616375364 13.0885688431246 13.0885688431246 18.2493829026263 16.3344211536696 17.9422657988091 18.0381227365541 17.3395101079969 10.9333578307407 15.0150764471535 16.5056589716228 13.9406548229736 18.2167061815888 18.8710096179476 18.6368370915034 21.1936160803316 19.3608140303273 15.256734799328 16.2369937694918 17.8497935087135 21.1527841913867
17.3160531933798 18.9487003321743 16.805260564588 16.9419651378461 15.2469670299048 22.8269519882056 22.0836706419436 15.2642433563927 15.2642433563927 14.3952476513218 13.7281362832827 14.641553554692 15.413926045748 16.3531538853459 21.7881688795585 22.9889511247617 23.2544917481127 26.0244703721441 28.2770402772346 30.641140959838 32.3644421814512 32.3644421814512 21.9379152101698 20.6697344169188 13.6584584926303 13.5807425309396 12.2768333518532 11.7526818533582 12.0108945058432 13.6317794342673 16.7620984815407 17.0918824623928 26.031503773955 25.6231732723917 16.3467778600942 13.1992254555729 11.2557717003723 13.7977584905652 18.2691460071076 18.5119576777382 18.9790570720197 34.7919114552626 17.8286822154954 17.7546245227406 16.4987301257473 18.8479125027788 19.7320420176807 22.3138211410138
17.6901584575346 19.6585673513034 15.761290106104 16.281979819719 15.5743251501867 24.0909862930456 24.5184972620209 15.6633315184855 14.4064847676935 14.330450636836 13.9314290084966 14.4309651956755 14.5393301650393 14.7039837331841 14.8634958085421 13.9212096756923 14.5995291973653 19.6748556811551 21.3019234634159 30.7411466771222 32.6213370475404 32.6213370475404 22.6453531422882 16.4018418431576 12.7538617298281 13.7128208011158 13.8009185494592 12.0215375136978 11.9707490870111 16.3615431562759 16.6458449097614 14.6666050956714 14.4677821064254 15.2877417314893 17.2547413084491 13.1995009446113 13.9884059141336 16.5014362570568 18.6212324391832 19.185376458764 19.1245105699087 19.0577380267898 16.4934634503767 15.0498761210308 16.832710195028 16.3565912012436 23.2743650909851 23.2070121940507
17.7369084783486 14.5963989638888 14.8568489816092 16.3797084081897 15.883583493746 25.5893044238759 25.4577997040829 13.3847041749708 15.4383738063579 15.8667910607672 13.7350510991835 13.8442217234369 13.9391100925694 14.1298682950542 14.2624978370544 13.8834373693993 13.3822965461512 13.3922866333944 16.6297284038129 16.4741312236422 34.7262808357527 26.4320074493088 16.8245317811254 16.0405099327044 14.7348777596784 13.3794329890972 12.6313569519701 11.6450787018716 12.4463808667238 15.0527879462226 17.9349811388468 21.3745208567005 27.2877090338891 15.2823549131047 14.8246562364275 15.0813706636544 12.4374339915823 16.6931179799117 18.5931784634203 26.8159626899363 45.3753903429919 16.5490213887397 22.0249750823597 20.7075230924265 20.4028613521046 36.0571752227405 21.7027713979246 36.7481399607399
16.3557261188068 13.7125218442688 15.5242471249417 17.9761031032881 15.6758978621552 25.5447696627754 25.7076183203085 13.1614107233761 15.7013531366237 14.8622632375892 15.0693079112721 13.9449992037066 14.0954000445534 13.9928359405803 13.7652788038515 13.3190476681201 13.2866259044222 15.1476018266474 17.1065771242234 22.4115552085618 37.4109569181494 17.8874567099652 15.5019793169257 13.3567802574101 10.9223813212644 12.9519366134992 13.3057097496436 12.969046442803 12.336083057801 17.5331047437474 32.6908182850157 32.9275502869044 25.9201261747878 21.4395105680358 16.4907541554502 14.3903118063978 19.8656170720478 20.6150207085293 16.6765624548373 44.5656222480144 56.66235062386 29.7107152597362 21.0131498400038 22.7422202383587 23.6608778004334 29.8807667752609 59.2318831858173 73.9258600696358
17.1016991033162 16.4228005473027 16.8366489869209 16.7367265836426 15.1324879711063 27.2215571234874 27.5632059921162 18.8237583367013 14.7000861630712 15.1021947441255 14.8281082543667 13.2831670587123 13.7822660993892 13.609072025485 13.5811395250805 13.5937563059885 16.8305404785081 15.0165786478882 24.0738494980195 31.865720926185 28.8878866743228 17.9781584280563 14.1835362494659 13.4301228323211 12.3787034679535 12.3927332024814 25.0089540229811 13.7950438393968 14.7158085229478 15.8992568236121 18.4871397301215 18.4871397301215 16.580611981025 16.4476563026202 15.8642861382356 16.3306288464168 23.3868781123634 23.5920432495362 21.2164050121062 34.7035412844016 35.7308297450435 28.5219727018261 21.4191725982976 23.1469758450332 39.0541166329112 53.7955221911733 55.8726594053172 82.2013115852884
16.9287516014003 15.4498640507016 14.913191465847 15.0126213524927 15.2074821755502 13.3276515229512 14.1661593609532 27.6133653922464 14.7747255574203 15.0884408060161 12.7716713639145 12.3052645108064 12.6253823593695 13.3305081839686 13.2200994256883 14.2154398170934 22.2506377167144 21.797783092287 38.6292342196537 49.8123070046514 41.6154879675586 16.2055024905982 16.7067804066116 13.5659681310548 13.8647876667289 24.953541630659 25.1502893594181 15.3802612014532 15.1863752383977 15.0799123140726 15.8803626359571 16.3756605477667 15.5360645360709 14.0066265779512 18.4533657266929 19.6595983832327 19.9562630545989 18.6133032204812 36.4037603649893 34.679792466251 26.8753815702913 23.5092456908833 22.3246210370817 21.301823710844 59.5323466376637 68.2558737467995 83.010713003012 95.5486155131339
16.7077471508033 15.1753807982751 14.8295796230729 15.7779798897288 15.7779798897288 14.2436568019237 14.1661593609532 28.1618420895588 25.226546910474 14.6813234669514 12.7716713639145 13.0998945707622 13.7016071420219 15.5242471249417 12.8603924002119 15.9953362591692 44.8390222840282 44.1071341045995 59.6662924349275 50.1929474051188 45.9640687530964 18.6054544065171 19.6886378173128 15.5776705200511 15.8143613898454 14.3672130847363 14.5660767040741 27.6150183775649 29.4352046086263 12.9895867645589 31.5069806316423 31.3988944207064 18.9634513274914 15.8248803587158 18.4533657266929 20.0253203682974 35.3117339456963 33.2972246864138 67.7520963641419 56.5563779112081 37.0717120186862 40.5110965028588 24.743703344487 51.097739169635 81.0539560023234 81.5378202719394 83.0039981057294 96.0818472848858
15.7214913877771 15.7383184556995 16.678980488992 16.3128957049448 17.0875549796909 17.0875549796909 15.443333912456 28.7212917470974 26.2917942496713 16.5880379698125 12.6309931173871 12.314980146254 12.7886244570806 15.0969868607733 13.5404192319439 32.2255706117487 36.9837118113753 47.1440010468143 61.9301513838971 61.6585226817081 46.2279659631808 24.2412417209712 17.1181806509674 16.6199877030833 14.2390070702866 16.002331815948 16.6662101399627 16.7077471508033 30.3674853066833 46.1268621717306 31.8837104240855 40.5471632016402 15.5071188263773 10.8094549243309 16.2828365405558 20.3123208157209 33.6124808753892 45.6851928861159 56.6302723803676 56.4616082163384 46.8878918179982 58.3629009521843 63.3964860934429 63.6457659033015 93.8304632776661 94.7209306713316 123.990935678818 123.990935678818
15.2016700840336 33.2212180549292 33.2381150262892 16.5545524539259 18.5665302493275 19.8861748460023 15.6001611530624 16.3509951420457 14.5857922326361 13.8605382274653 12.6860794216458 15.5117787812859 13.3284349089166 16.7960694688085 12.4661357207596 32.5470452247976 38.4762417490039 49.7397875430851 49.806559505216 52.518711458365 18.5851800827334 16.1295188051602 16.1208412765017 13.9114539876264 15.0946220063419 14.1802782478641 15.3397868647955 16.8632499939217 21.7341058636053 37.7608083006941 37.6891978680445 29.5064529061675 27.5181167570893 25.2529737678313 20.8991115065654 46.490419733165 44.3750766415053 55.8237572923593 79.3357830443514 107.53824516501 71.0741864075578 69.8226892535151 74.5901107383589 90.0779975778866 128.919971146772 139.803721100683 150.667135091018 156.300068615067
13.9769178349984 23.5144408309274 19.4635128179058 20.075209765561 19.065735308681 19.3298903235352 16.6439729049236 15.3757387277611 12.656270544039 12.4422996231002 12.1715822015853 16.2628280399169 17.1112686111953 25.5019615868675 23.0688981071296 22.9248094438969 37.8657404170736 37.9742466373733 40.7912685542737 47.4509369322175 19.1950184496851 17.4064348211907 18.8828150282509 16.625488662728 15.061465441776 17.336232940392 17.1327413585864 15.358545535146 14.4240665830291 31.7448807446764 44.404164335745 44.5195372747537 46.9497114326461 44.6044799918598 39.0524045398952 48.6618969979552 69.5324496270284 81.3996636641133 95.4314577807691 128.213674928794 113.407533583121 103.702927640986 130.503977488996 119.154327250021 142.636363060405 138.734503079396 234.558420716357 -9999
16.845937805081 24.5070096082669 24.196811372939 30.4481383342913 14.8526777904771 19.2318587801202 14.9520982519416 15.3762040912958 12.656270544039 12.2042357322953 11.8849176064973 14.0711701609014 18.8444695142905 23.4384202637269 23.0640733049094 36.4582544847633 42.0340756917036 28.2042141855749 37.7079577109707 35.5286179136498 21.6621986761315 17.5396845245512 19.9252789280761 15.9113061130493 16.3203660655834 17.302461904157 17.2634579214366 16.132806341824 15.5896964712613 34.3436370563247 40.1847259224038 87.9646284479346 89.6899854241146 78.3109603637023 66.954429626137 61.7263230214877 81.3996636641133 82.0309779593463 127.677100184277 130.8668217382 127.646901065053 119.154327250021 106.925892795455 115.928093595362 127.275886675048 -9999 -9999 -9999
21.9498985632982 35.4660182410879 25.6186613661055 29.9714032946285 12.5719369706938 17.3306876590517 15.7768531133107 15.3497713280358 12.552544937732 12.8373473850343 11.7111581207891 16.8131312539478 18.0273590861039 32.4034745754059 22.1637275107202 23.513697549893 58.1053633948332 47.1664367682586 46.7663863071244 44.3337775942219 20.8833256587099 19.6743268646736 16.4549135806596 18.6634601645058 25.6115370435245 18.2402139872088 26.4156901035816 26.3028123225622 37.8467765738037 35.4711724223895 60.2133742110336 66.0814148595024 109.841474138674 90.6144535353949 75.4676998073802 91.532818921366 115.34859777661 -9999 -9999 128.012441803165 148.676197990594 148.676197990594 148.042364342704 138.541603159821 148.065819922356 -9999 -9999 -9999
20.0417943953752 39.5231228122013 42.8358913737826 30.3110500099115 13.027589475973 15.9086174891323 16.0069223868302 14.1035559123049 13.4478119466339 14.8447382783062 14.0143781779512 15.573687421624 16.7335446029456 23.5642221737595 47.4383146198946 56.2439402666114 46.6117417808236 47.3015296451801 46.4637904208112 40.8020738851823 23.0150782501446 18.6313099837595 15.8143613898454 19.4165138033553 19.3987468100362 26.2150980039023 31.3978128046953 39.845907023899 49.9927464743327 42.3377573397899 75.9794923114718 67.0522998832157 95.8358471339224 87.6251195902718 87.6251195902718 95.8858751694008 110.392553049013 -9999 -9999 -9999 128.722783542126 129.391809497641 129.391809497641 175.363513881267 -9999 -9999 -9999 -9999
37.8774831049961 36.9550777891371 19.4613620953117 16.2484031348075 17.499029478927 15.5588114266968 12.5138828447602 14.045320843609 13.4809817875299 13.3752890884799 13.0548528151551 16.9927355222778 18.6569774986262 37.7804198977405 36.5426349393119 55.612116904938 47.3015296451801 51.0884281414025 38.177906173419 19.3130994601802 16.2239886689385 17.6742918438938 16.2527057448112 18.2501576760683 20.1301082939977 34.1918646847216 32.8479515521096 38.839834232617 49.2734568529212 45.8191907214086 62.8461601295254 58.4030136235422 100.687545022322 100.096731702923 76.2004777828378 83.5761250843448 103.034601500751 -9999 -9999 -9999 -9999 129.391809497641 -9999 -9999 -9999 -9999 -9999 -9999
72.5662742902066 72.2905484622103 37.6230930366692 23.8179849767972 19.2732628097511 18.5997881695473 16.3509951420457 16.4812689919411 13.7102855895856 16.9077556315449 19.252984009608 18.3813026864725 21.7397552884594 37.3726871731893 46.6823186557119 51.517659725122 53.7664922462073 55.9047526886102 56.1267287546074 26.4077486535964 20.9629208691912 27.326579626079 27.0470074082255 27.5641270243324 41.4022740776226 40.2043487070973 43.6454563762813 52.9680767416056 53.027660258806 65.6134569494122 75.3120039810961 64.4188200990973 113.814668635403 93.1192567332525 74.0930316281231 77.6095232915961 102.244918889989 134.875833158057 -9999 -9999 -9999 -9999 -9999 -9999 -9999 -9999 -9999 -9999
75.51270262123 83.0078060830321 39.864162545015 21.3277574794502 20.0591459100151 21.3774886381465 17.7214446961213 18.4966891286835 19.3314715667168 20.9384458289594 28.7151206133117 30.3143834817291 29.2804851890802 23.7860331156779 46.3420514094727 56.946006785143 60.2044346671814 60.2044346671814 49.7514178441524 17.3990054418769 21.5774935532642 34.7718099101511 35.9021540432353 35.0882957148694 46.303708234114 61.2102998211533 72.4397635595311 61.3032104532518 62.8586034604811 62.8309708092699 63.2792560266989 -9999 -9999 104.623778053528 94.0314315826233 83.2311284148905 -9999 -9999 -9999 -9999 -9999 -9999 -9999 -9999 -9999 -9999 -9999 -9999
