data/derived/r_cv_scmc_1250.asc
NCOLS 186 
NROWS 74 
XLLCORNER 443300.206538099 
YLLCORNER 4085841.77455235 
CELLSIZE 500 
NODATA_value -9999 
[rows 22 to 43 of 74, columns 50 to 99 of 186]
-9999 -9999 -9999 -9999 -9999 -9999 -9999 37.4465430947049 47.6124972072341 43.883343802038 48.1045692920835 40.7921037272623 45.3329361768282 42.0846899525114 47.6124972072341 43.8781837007844 44.8998886412873 45.2910813657838 59.3021022123765 54.8907832176784 58.5716772918437 59.9144689515278 62.0345442419755 66.4258470957892 58.7492296528671 50.946083894054 53.3092894520302 48.8837622540187 47.5416546501654 48.3629002520352 43.2630560095277 49.6971118310549 49.8033810708776 52.3145983496483 43.5807597398695 42.9426667046832 43.5360151527975 49.0827547017973 51.0486577992832 47.2143979317381 51.0486577992832 37.8542324506045 52.0673052260656 48.5122641695532 47.5416546501654 54.3449192349023 57.4679397800556 -9999 47.9315751612222 -9999
-9999 -9999 -9999 -9999 -9999 -9999 -9999 -9999 40.0156955077651 45.948896011051 52.7381228286656 46.8895843968479 43.2390757620292 45.3482989699331 55.970980445981 54.1946762797135 50.7949623991219 51.2401821027199 53.6354580435132 66.8935694002361 60.527008367666 59.6663748467176 61.3691869924382 54.522989740626 56.8674682766401 52.8058854528692 38.4144138306561 42.9426667046832 48.763163903157 40.3655558350461 48.526158606197 57.3620185898181 65.3140718210045 51.176917873949 42.9017416961065 45.1799374402964 46.7707173346743 54.309045636328 51.2459278520667 53.4400641451753 44.4749589996661 46.1567479442053 49.6971118310549 49.6971118310549 52.1309964234848 50.2189738473052 -9999 58.5111250693839 55.2777486120378 55.415823205457
-9999 -9999 -9999 54.1946762797135 46.5415342727915 48.763163903157 50.2189738473052 -9999 53.7210643070383 56.9739057880283 53.6932303672449 60.0652016720461 66.0759614884875 68.4190108315724 66.1403274551735 63.0257326059838 54.7578653460225 59.6887680542922 52.8136770900356 60.220855749066 65.9629868271307 64.5954266723321 53.154281478 48.6072434954678 47.6181165472582 47.1252171785141 42.2469686683863 47.2598240981202 45.2471553491341 45.1704054502535 43.4204431432411 43.5406148962648 48.9342275706622 41.484115661455 35.3498976835261 47.2143979317381 49.4899195468344 51.176917873949 46.1567479442053 41.5553195630528 48.526158606197 48.9199590470229 45.3482989699331 55.970980445981 42.6280087072635 55.2599051567167 46.8895843968479 45.3482989699331 51.2401821027199 58.3579829576464
-9999 -9999 77.3492468153762 63.5975017312819 59.0346198618167 50.0495126452434 40.2030110613311 51.2401821027199 59.0890130477488 56.0219737108712 60.4666877122188 63.0289582069192 75.1522670839892 63.5975017312819 69.5538667840645 65.9865593957791 64.1993571220989 62.2649425995325 51.307685900639 64.6593007611932 73.4181075918777 63.4795453612107 55.5515701619021 49.4899195468344 44.0858185721974 44.0858185721974 37.5888690561857 45.3445600493865 42.3659272868162 51.1945842668509 45.3143732579718 40.3655558350461 46.7033951874005 42.7403492088383 40.3436253026243 47.3349284935654 44.8998886412873 45.9305125926512 41.7027295961672 47.5259887075632 47.2832602257938 53.0844007068602 54.0593338904317 54.0593338904317 50.8456210284542 41.0338227088552 43.3704998691566 40.7743067502452 40.3334009375646 40.4574447869482
77.3492468153762 77.3492468153762 62.0345442419755 63.5975017312819 55.6130944529654 55.6914577070709 42.1280100499564 45.3012305282096 46.2235371279112 49.8814214033777 49.0827547017973 73.6660212873459 65.6330123313894 64.3048650163599 63.0289582069192 60.2558647002035 53.7801793629186 56.4879030490882 62.8834391797787 62.5678907410022 65.2694797162956 70.5655080434972 55.4700196225229 54.522989740626 57.4679397800557 48.526158606197 48.526158606197 54.4856007119648 50.0113778588343 48.526158606197 55.5515701619021 56.7669045921715 55.2599051567167 49.8831703544584 46.5415342727915 44.2989070112702 45.3445600493865 47.2143979317381 39.8048658167441 44.6535650453682 53.0179569358281 57.7811830581785 56.8727399287967 53.0374200768173 53.6717657266275 52.6179543526345 53.1324910108224 44.8998886412873 47.2143979317381 35.6562409876241
62.3609564462324 81.3403779733466 63.0289582069192 58.177447388274 56.0219737108712 54.1946762797135 51.2459278520667 47.4121337974192 48.3629002520352 40.1124954283034 48.0384461415261 50.7949623991219 67.3718579354165 76.8324720217585 71.2491600509961 57.4679397800556 56.5136135950629 70.5533682950557 64.3048650163599 55.4700196225229 52.8559769030937 56.7220961387109 58.4705346204686 47.2143979317381 54.8155848101767 56.1574235548862 46.4452203067056 49.9846130170229 43.5360151527975 49.0827547017973 55.6130944529654 47.2717186551894 41.3449115297362 50.581818059893 53.4522483824849 40.7921037272623 47.510322764961 39.1604195781718 35.9486813709167 33.1496772065898 43.0979855879245 51.2459278520667 53.0374200768173 54.8155848101767 47.5416546501654 46.4574670984691 54.298066361188 60.1969526909472 43.7450011685417 44.2989070112702
60.4666877122188 56.4879030490882 56.3642003129919 45.2910813657838 48.8837622540187 48.8776224237335 47.510322764961 49.6977228468204 43.0979855879245 45.3736393685451 48.526158606197 55.7102546990451 66.8935694002361 66.7000103386224 64.3048650163599 65.6330123313894 65.7903789167047 58.8348405414552 54.4749609226236 55.5650514201759 53.2757957498154 58.8348405414552 60.4967418067351 57.5888523208409 54.6668230141604 51.8172485728138 42.0846899525114 46.8895843968479 51.7345476338665 56.9962245434378 52.9150262212918 49.6971118310549 54.6668230141604 50.9159948489177 46.2235371279112 42.8023795594243 48.763163903157 44.4749589996661 43.0979855879245 44.0858185721974 41.4792477356731 45.8651357246356 46.1567479442053 44.6535650453682 59.1291863952201 49.8361427337883 48.2933481139514 49.8033810708776 51.7345476338665 36.7434142797813
54.8907832176784 56.3642003129919 56.4879030490882 47.2847610219483 45.3445600493865 59.8107208755052 52.6960388131996 68.9871660785788 56.8944368407109 50.3980050136593 54.309045636328 60.2660350906597 66.8935694002361 56.691778587484 65.7383985872015 71.6394551798207 72.0148160005226 70.7106781186548 65.6330123313894 59.2011760391989 54.5978303316448 59.5737083281413 62.5678907410022 61.3819794737107 50.5629376591073 54.6668230141604 47.5416546501654 52.7381228286656 54.8743207740897 52.0673052260656 44.4749589996661 61.3691869924382 57.4679397800557 52.0281901818547 49.2874210545926 39.8048658167441 45.948896011051 42.9742896865358 46.8591666967672 50.3980050136593 47.5416546501654 53.4400641451753 43.3629090391994 48.9199590470229 48.1495178415742 42.9426667046832 56.7669045921715 57.6067241507313 54.2881269548491 55.6914577070709
41.2032451221234 46.8591666967672 59.0890130477488 54.3894716363497 46.5415342727915 53.9551028086559 56.990027617674 50.9373088784185 52.5665008370189 54.4749609226236 59.2246927891749 63.5975017312819 64.1993571220989 47.9315751612222 64.1131123368019 70.5533682950557 54.5978303316448 68.8622317691577 65.0443635587991 68.137618411088 65.0443635587991 42.9463392960653 54.5978303316448 65.0443635587991 59.8107208755052 58.5716772918437 56.7610758488158 52.2976360368491 55.4700196225229 49.0250384990451 52.7381228286656 45.8651357246356 48.526158606197 52.7381228286656 52.2429642307255 45.3445600493865 45.3445600493865 50.9373088784185 52.6686798886372 58.0119351115321 52.6179543526345 48.1045692920835 61.174403898262 56.7610758488158 57.5511169094111 49.0827547017973 46.7707173346743 52.0519493706308 58.3465761615666 62.0505622362093
54.3449192349023 48.5681317212827 52.6686798886372 63.4795453612107 55.2599051567167 51.2459278520667 47.0497100275359 47.7295140230418 54.8907832176784 59.5737083281413 61.2531114052079 58.2528637933469 51.307685900639 51.8874521662771 55.0894601846273 55.4700196225229 59.2011760391989 62.5678907410022 56.5346010578127 55.4700196225229 62.8159705317537 47.5416546501654 43.1895681884802 63.0289582069192 67.9366220486757 59.0834374572238 58.177447388274 59.8107208755052 49.224759248542 50.6369683541833 43.3629090391994 53.0179569358281 46.8591666967672 50.9373088784185 54.8557553655755 55.1356848252506 58.3465761615666 54.8743207740897 52.0281901818547 48.1045692920835 45.3482989699331 49.4899195468344 46.8591666967672 49.224759248542 50.6369683541833 57.7811830581785 54.1946762797135 62.6958469977815 50.7993161995562 46.6659563835427
52.7381228286656 48.5681317212827 53.3676790298888 60.5878854920136 54.3894716363497 58.4705346204686 40.6712901953435 54.5978303316448 53.4111312622598 57.0463777388729 69.4808333779651 65.0443635587991 57.4679397800556 62.0173672946042 72.8890973522139 65.0443635587991 62.3609564462324 55.3056636475641 51.1141234745425 51.1141234745425 51.2459278520667 49.9846130170229 43.1895681884802 51.2459278520667 58.8505277409185 66.3091612846796 60.4967418067351 55.2777486120378 49.1365798513921 64.2111900144899 52.2976360368491 51.4407799916938 50.5629376591073 51.1141234745425 49.1365798513921 55.1706940229913 54.6668230141604 57.5511169094111 56.6339477328431 52.2976360368491 54.7460898008771 50.9373088784185 50.9373088784185 52.6686798886372 65.7168578051818 54.8907832176784 61.174403898262 50.3382225707634 57.4497717634924 52.6686798886372
52.6686798886372 53.9071693375093 53.4400641451753 55.970980445981 52.954475098761 52.6686798886372 42.9718037863201 52.2931086909516 48.5681317212827 55.7725632090814 54.3894716363497 73.6660212873459 69.5538667840645 62.5678907410022 61.2531114052079 60.3125761148273 58.8348405414552 59.2011760391989 55.5650514201759 51.8874521662771 51.1141234745425 51.7329789084396 52.2792935194313 51.2459278520667 51.709205496712 61.3691869924382 70.076880857878 62.8557241414887 59.2011760391989 65.1828050709931 48.3357923575823 45.8952989968998 56.5136135950629 53.7801793629186 51.4407799916938 57.7985255261433 61.3819794737107 69.0120793308853 66.1001571044334 60.4807396956758 55.2777486120378 62.2649425995325 64.2111900144899 73.3799385705343 66.7000103386224 59.0834374572238 66.0292480018931 51.4407799916938 60.2211949939032 60.4666877122188
47.2717186551894 51.2401821027199 54.6143896254469 42.9742896865358 50.5629376591073 54.6668230141604 49.0827547017973 42.3659272868162 46.4452203067056 54.1946762797135 63.2379230925148 61.8169875549772 56.5136135950629 47.5416546501654 53.6657507836424 53.6657507836424 59.2011760391989 62.5678907410022 53.6657507836424 40.0082311114015 40.3404316703531 65.6330123313894 66.8508690310303 54.9517469896045 55.4700196225229 62.5678907410022 53.3092894520302 51.1141234745425 62.8159705317537 58.8348405414552 54.1946762797135 55.4700196225229 55.0894601846273 55.0894601846273 62.8557241414887 65.7903789167047 69.6833070549902 69.4808333779651 67.4037775704688 66.1001571044334 81.5188406441896 67.4037775704688 67.9757898939871 65.7383985872015 65.0443635587991 62.3609564462324 54.3894716363497 56.3642003129919 62.2750489041924 67.0270128709142
59.0890130477488 52.2976360368491 48.526158606197 49.6971118310549 36.655274271091 56.5346010578127 51.1945842668509 49.9846130170229 51.176917873949 43.8781837007844 48.4756005411086 60.0325271329093 61.3819794737107 65.6330123313894 55.415823205457 48.0384461415261 51.307685900639 70.5533682950557 50.6580407514143 43.5089513336491 44.2989070112702 63.5975017312819 63.0289582069192 55.4551907679554 55.5650514201759 62.3609564462324 62.8557241414887 61.3691869924382 62.3609564462324 49.9846130170229 66.3091612846796 62.5678907410022 54.4749609226236 54.4749609226236 61.2531114052079 58.5111250693839 58.9591389993395 70.5655080434972 61.3244140671867 60.4807396956758 64.0190874497834 54.3894716363497 62.8834391797787 63.5975017312819 56.7220961387109 58.0119351115321 48.3357923575823 48.5681317212827 49.0250384990451 63.3429258507714
61.3470800276419 54.5740467117836 63.6086746564843 67.7105166137462 50.6566112320223 47.9248743708293 46.3423918615003 49.9763327675256 42.0376409178919 48.27922687196 57.3212921175676 58.1898583104776 57.5238651286765 55.8356465156798 47.4045817381002 47.0191761951952 62.1626760208648 66.7864771169239 68.5970520908556 57.4995140592361 62.5669358513195 62.1322785086359 59.0876130351326 71.7092160087283 63.585590915947 54.4749609226236 57.4679397800556 47.9315751612222 58.0119351115321 59.2011760391989 72.8890973522139 65.6330123313894 56.4879030490882 56.7220961387109 56.3642003129919 55.970980445981 60.3279622566911 65.9744303073361 56.7610758488158 55.970980445981 53.3676790298888 54.1946762797135 58.3579829576464 64.1993571220989 50.6369683541833 50.9373088784185 54.3449192349023 41.2032451221234 41.1222109873823 55.6130944529654
65.0443635587991 56.5136135950629 69.4808333779651 68.137618411088 60.3279622566911 53.9071693375093 59.16448957406 64.0512615220349 67.7266165321625 69.1832695550361 71.778976837636 62.8834391797787 61.635239349906 65.7903789167047 53.3092894520302 59.2246927891749 62.0505622362093 53.9071693375093 55.4700196225229 55.970980445981 50.5629376591073 54.3449192349023 55.4700196225229 64.1812337777233 62.1262921582986 57.1504348247209 50.0152527798838 51.0697424909051 63.3057409578453 56.8632863956581 54.6918676760886 54.7787432429454 51.0677433521545 53.8528502640858 51.0877721198133 55.8284253159172 62.3309867366995 56.2845400571135 44.0071775891981 47.5043422691707 50.960771421781 48.418781955079 53.6496971668317 55.2527960040861 52.896532121997 54.6438318272616 55.4454499578992 50.9163093322959 48.4783625877395 48.6738179489839
54.5978303316448 51.709205496712 54.5978303316448 69.0120793308853 59.6141439076848 64.2111900144899 69.5538667840645 65.1828050709931 67.9757898939871 56.5136135950629 47.9315751612222 51.7329789084396 67.2874926974369 60.3125761148273 48.1430533934905 53.7801793629186 70.6516474508081 51.7345476338665 45.3500157841641 50.3980050136593 42.0846899525114 47.5416546501654 53.9071693375093 54.8557553655755 58.3579829576464 57.1403154541624 63.0289582069192 61.2531114052079 65.6330123313894 64.0235516952905 62.2649425995325 52.6960388131996 56.7610758488158 44.3721741176365 46.6659563835427 58.0119351115321 55.970980445981 48.9199590470229 49.1537569751697 52.6686798886372 44.2989070112702 48.3852986323927 46.7707173346743 54.6668230141604 48.8521558833955 54.6668230141604 56.4879030490882 43.6771371279335 43.5410741607092 43.3629090391994
62.8159705317537 59.2011760391989 55.3056636475641 63.5975017312819 59.8107208755052 67.9366220486757 71.2491600509961 71.8027852555511 72.0148160005226 62.8557241414887 51.307685900639 58.2528637933469 65.2111368107408 66.4258470957892 58.2528637933469 58.5111250693839 56.9962245434378 53.4818445110833 51.1141234745425 53.4818445110833 47.510322764961 53.3676790298888 44.4749589996661 48.5681317212827 48.9199590470229 58.4218695867483 68.137618411088 59.2246927891749 61.3819794737107 61.3819794737107 54.1946762797135 40.2666477767652 54.1946762797135 51.1141234745425 51.2401821027199 54.6668230141604 53.0179569358281 49.224759248542 50.2189738473052 48.1045692920835 47.2717186551894 49.0250384990451 43.3629090391994 53.9071693375093 46.6659563835427 56.7610758488158 58.5716772918437 49.9287241262732 49.1365798513921 39.1826862136743
58.062629991892 62.8557241414887 54.5978303316448 47.5416546501654 48.0384461415261 48.1430533934905 45.3445600493865 46.5466519273305 48.1430533934905 55.5650514201759 55.4700196225229 60.3125761148273 54.4749609226236 55.4551907679554 60.3125761148273 59.2246927891749 65.6330123313894 56.4879030490882 63.1639341135463 48.8776224237335 45.2641464354409 51.0486577992832 52.0673052260656 51.8172485728138 55.6130944529654 56.0219737108712 58.049742232969 56.691778587484 56.691778587484 59.0834374572238 51.1141234745425 45.2910813657838 51.2401821027199 54.8907832176784 55.970980445981 56.6339477328431 56.7610758488158 47.0760378580621 58.5716772918437 46.8689615946125 39.2868151164432 38.9316004765989 48.9199590470229 54.8743207740897 54.7460898008771 56.7610758488158 56.7610758488158 50.9446246793559 47.0760378580621 49.1365798513921
58.062629991892 77.3492468153762 51.2459278520667 47.5416546501654 40.3404316703531 54.4749609226236 54.4749609226236 55.4700196225229 47.9315751612222 51.8874521662771 54.4749609226236 57.4679397800556 60.3125761148273 53.2920715485327 51.709205496712 51.1141234745425 59.2011760391989 60.4967418067351 56.7220961387109 50.7949623991219 46.7707173346743 50.3980050136593 50.3980050136593 52.6686798886372 54.6668230141604 56.6339477328431 54.69107862441 58.3579829576464 52.954475098761 47.2847610219483 50.2189738473052 55.970980445981 59.6141439076848 56.3642003129919 54.8557553655755 48.8521558833955 52.6960388131996 54.7460898008771 60.4807396956758 49.192921064866 50.2189738473052 44.2989070112702 46.4574670984691 47.1404520791032 48.8521558833955 52.9150262212918 52.9150262212918 47.2717186551894 46.8591666967672 60.0325271329093
69.4808333779651 65.8721869487107 62.5678907410022 56.5346010578127 58.8348405414552 49.9846130170229 57.4679397800556 57.4679397800556 59.2246927891749 58.0119351115321 54.4749609226236 48.0384461415261 53.6657507836424 53.6657507836424 46.9187569911872 55.415823205457 61.3819794737107 57.5511169094111 61.8595235781845 47.6124972072341 56.5346010578127 51.2459278520667 51.2459278520667 58.3465761615666 58.3579829576464 53.0179569358281 52.6686798886372 51.8531409637897 45.3482989699331 50.6369683541833 46.8591666967672 58.6315446858824 54.3449192349023 48.9199590470229 54.7460898008771 52.954475098761 57.5511169094111 54.3449192349023 61.6616124752023 57.2349496366301 48.9199590470229 51.2401821027199 45.948896011051 48.9199590470229 52.9150262212918 49.1449797063656 48.9199590470229 54.7460898008771 54.8557553655755 54.7460898008771
80.860754006264 72.7326808323367 72.0148160005226 55.5650514201759 51.8874521662771 62.8557241414887 58.2528637933469 51.7329789084396 51.7329789084396 51.8874521662771 51.709205496712 47.5416546501654 47.4601030168697 52.6919567646933 55.3452839421618 55.970980445981 50.7949623991219 48.3852986323927 52.2642723103038 64.637551188489 53.4818445110833 48.3852986323927 53.4400641451753 58.3465761615666 50.9373088784185 56.3642003129919 54.8155848101767 47.946873574044 55.2599051567167 52.7381228286656 52.6960388131996 52.2067625780357 58.177447388274 58.3579829576464 56.3642003129919 44.3721741176365 53.3676790298888 47.2717186551894 50.2189738473052 58.0119351115321 47.9328510761773 45.3482989699331 45.3482989699331 50.5629376591073 57.5511169094111 55.970980445981 51.1141234745425 58.6315446858824 65.3140718210045 66.8508690310303
