data/derived/r_cv_scod_1250.asc
NCOLS 186 
NROWS 74 
XLLCORNER 443300.206538099 
YLLCORNER 4085841.77455235 
CELLSIZE 500 
NODATA_value -9999 
[rows 22 to 43 of 74, columns 0 to 49 of 186]
-9999 -9999 -9999 -9999 -9999 -9999 -9999 -9999 -9999 -9999 -9999 -9999 -9999 -9999 -9999 -9999 -9999 -9999 -9999 -9999 -9999 -9999 -9999 -9999 -9999 -9999 -9999 -9999 -9999 -9999 -9999 -9999 -9999 -9999 -9999 -9999 -9999 -9999 -9999 -9999 -9999 -9999 -9999 -9999 -9999 -9999 -9999 -9999 -9999 -9999
-9999 -9999 -9999 -9999 -9999 -9999 -9999 -9999 -9999 -9999 -9999 -9999 -9999 -9999 -9999 -9999 -9999 -9999 -9999 -9999 -9999 -9999 -9999 -9999 -9999 -9999 -9999 85.0913095534587 73.1100187343166 45.9674082298977 -9999 20.3821378729294 -9999 -9999 -9999 -9999 -9999 -9999 -9999 -9999 -9999 -9999 -9999 -9999 -9999 -9999 -9999 -9999 -9999 -9999
-9999 -9999 -9999 -9999 -9999 -9999 -9999 -9999 -9999 -9999 -9999 -9999 -9999 -9999 -9999 -9999 -9999 -9999 -9999 -9999 -9999 -9999 -9999 -9999 -9999 -9999 68.3576354080791 67.4233895731923 67.9761312539934 59.0838008599911 25.4329462731759 30.2324293950108 25.1452360653094 -9999 -9999 -9999 -9999 21.3846165338488 21.2945062949897 -9999 -9999 -9999 -9999 -9999 -9999 -9999 -9999 -9999 -9999 -9999
-9999 -9999 -9999 -9999 -9999 -9999 -9999 -9999 -9999 -9999 -9999 -9999 -9999 -9999 -9999 -9999 -1 -9999 -9999 -9999 -9999 -9999 -9999 -9999 -9999 -9999 53.2699441871688 50.9170131830473 60.2852204498431 61.5097112043528 42.8172657969011 25.1062305218474 28.2836677702844 29.0374249534681 26.7681950401843 29.294024308359 27.4717435979759 17.0542838404557 30.7700939821287 33.5456333616689 -9999 -9999 -9999 -9999 53.9477758299169 59.9203866713671 49.7571816983795 -9999 -9999 -9999
-9999 -9999 -9999 -9999 -9999 -9999 -9999 -9999 -9999 -9999 -9999 -9999 -9999 -9999 -1 -9999 -1 -9999 -9999 -9999 -9999 -1 -1 -1 95.410001588161 88.926600745005 32.0746043227701 40.7487766624152 38.3104729310846 59.9165312594447 63.1307501814193 60.6221645756752 29.2566160930057 32.33111359804 28.0951447442992 23.8602376717859 26.2362451893446 28.5630536231609 28.5630536231609 29.2378249828656 -9999 -9999 -9999 -9999 -9999 68.3353975256862 51.6373290512211 59.1648778659941 55.7392119037618 60.3221830381359
-9999 -9999 -9999 -9999 -9999 -9999 -9999 -9999 -9999 -9999 -9999 -9999 -1 -9999 -1 -9999 -1 -9999 -9999 -9999 -1 -1 -1 -1 -1 79.531237517101 57.1256975578079 45.0697856599431 54.9687788056946 63.9864931114532 63.4618450641906 63.6797285181188 38.8995623994349 38.9097296668526 32.1314832788792 29.7025444694303 28.5630536231609 35.6423145541745 35.9401483584275 37.4103513745893 31.076506162795 31.0869747643607 -9999 -9999 -9999 40.0218241736637 41.4578961121768 40.5016013392628 55.100046015435 48.8521558833955
-9999 -9999 -9999 -9999 -9999 -9999 -9999 -9999 -9999 -9999 -9999 -1 -1 -1 -1 -1 -1 -9999 -9999 -1 -1 -1 83.4011048620769 -1 -1 -1 -1 -1 57.3165684691507 63.4618450641906 63.4618450641906 56.2238553130315 42.5081340120841 32.8569079965906 30.8050869614826 30.8050869614826 30.340697936046 38.651599286702 39.5794955292263 39.9619510800969 40.0212158419391 36.2838393599497 33.9230126115 33.8247781337252 -9999 30.4496436760761 29.6918093024965 38.9980038601006 34.0179794858825 41.5415216965787
-9999 -9999 -9999 -9999 -9999 -9999 -9999 -9999 -9999 -9999 -9999 -1 -1 -1 -1 -1 -1 -1 -9999 -1 29.8111736144986 32.4048761696592 27.8520077843196 18.6220524608842 30.3822488075952 38.3400080171839 36.4698980006841 54.4762087704408 56.4226269580353 63.5349369383292 64.0813844975286 59.9571505136948 35.8656734259325 33.6830646194983 49.4675034573717 28.2535536805732 30.0157620407585 32.4850688319575 33.9230126115 41.1775221504391 31.2459140699124 32.2843388175613 34.5438620272868 35.8669643987822 -9999 35.4309942629848 38.8346239498617 36.73220823892 31.4058188963172 35.9701360010295
-9999 -9999 -9999 -9999 -9999 -9999 -9999 -9999 -9999 -9999 -1 -1 -1 -1 -1 -1 -1 -1 -9999 -1 20.574099406882 26.7085742730717 30.7290921098101 22.6361466243261 29.8358180999146 30.4923782278737 31.1925481848392 25.6267264379596 29.1654242242766 49.895566585401 63.4618450641906 50.2493037079758 43.5316009579974 32.7691221380916 35.7057651364325 35.0409556938466 46.6281739995684 30.9060521644432 41.8085556556076 41.9950625284948 41.9950625284948 35.088870812665 35.088870812665 35.088870812665 28.357382573954 23.8288229117869 36.2614385574478 35.8933550624415 26.7728426580906 26.7728426580906
-9999 -9999 -9999 -9999 -9999 -9999 -9999 -9999 -9999 -1 -1 -1 -1 -1 -1 -1 -1 -1 -1 -9999 28.5955117244692 26.065356390095 24.9959693382884 25.0318098855098 34.1100898142439 38.0166557497406 26.8956382878169 23.8187809873247 29.6521212142082 31.5994794043063 33.7950564522064 45.4714482491472 49.6358576117121 42.043459475192 36.5871966167913 41.0777905935186 36.8876985165628 37.5224209115234 41.6002075581147 39.0058795335788 38.2168085649939 39.860176541548 41.9950625284948 29.4005012983687 38.76087802665 36.851759836321 41.9896849355878 29.7798160484198 27.5006731941956 37.7516505653529
-9999 -9999 -9999 -9999 -9999 -9999 -9999 -9999 -9999 -9999 -9999 -1 -1 -1 -1 -1 -1 -1 -1 -9999 52.197577170347 34.5798770952146 30.6085681545054 31.3771488572385 33.8847122905995 27.1562332051757 23.128719669545 31.6087757944343 31.7312459010042 32.8835474394191 31.5994794043063 33.0112430979549 30.3600578495189 31.2987909640484 32.643604716529 36.194460729083 37.1667233675419 37.9876150110897 43.709699844392 32.5234116859272 37.7444912626941 37.7516505653529 41.9950625284948 31.8487617914436 38.2789731295992 36.452493368305 40.7995408549902 45.1465883416754 45.5459030306682 39.0058795335788
-9999 -9999 -9999 -9999 -9999 -9999 -9999 -9999 -9999 -9999 -9999 -1 -1 -1 -1 -1 -1 -1 -1 -9999 -1 38.5655284643512 27.641111472216 32.5462084302086 33.5158097670674 35.7997191664256 28.7542061005175 30.9602398227282 30.9602398227282 31.2703884346394 31.3998012032871 30.8093622663462 27.1732535324838 28.6142034678982 36.5526100978036 33.4604108759265 33.0193416511735 36.9642038839766 46.2620625388112 48.5752622288206 49.7036686196649 33.9230126115 41.9950625284948 31.8487617914436 35.4208585847887 35.4208585847887 35.8058406954384 36.1908228060882 35.4208585847887 28.6830183667229
-9999 -9999 -9999 -9999 -9999 -9999 -9999 -9999 -9999 -9999 -9999 -9999 -9999 -9999 -1 -1 -1 63.1054577942257 -1 -9999 -9999 42.1560526534402 32.1477666749088 34.8023930251436 35.7295359901456 34.528091177382 30.48967513921 29.4577892923796 35.1435442960224 35.8283367050362 27.9664119302189 27.3034889411456 34.7120222326203 33.3936762456813 32.9044857131915 44.6245681213079 41.4101321150834 34.0615478349825 39.3213810947519 49.976847840286 40.09277664927 46.7101447972338 41.396250268459 31.072842991625 45.9416938284214 35.4208585847887 36.4797557638635 38.7364211179607 36.1908228060882 23.4054522707499
-9999 -9999 -9999 -9999 -9999 -9999 -9999 -9999 -9999 -9999 -9999 -9999 -9999 -9999 -1 -1 -1 73.5730009911921 63.897611972047 -9999 -9999 -9999 40.4655798268767 29.3371773554666 40.7796311655196 41.800512646278 30.8006410189705 28.0921841513394 33.3163551056219 31.9208801130822 30.5480867510939 32.2314705266094 30.4760792605695 27.0001392523056 33.3541191080379 42.8861630838698 44.026750605721 43.5346520521146 41.537502319668 36.5670282842241 30.3582322576603 33.7895600704271 34.9113721440002 36.452493368305 35.9366759765468 38.5840571627942 38.9724196143759 43.7282473288308 36.4259164833921 35.7994288915521
-9999 -9999 -9999 -9999 -9999 -9999 -9999 -9999 -9999 -9999 -9999 -9999 -9999 -9999 -1 73.7302972852963 73.0609607612376 73.0609607612376 73.5730009911921 74.5220339038238 -9999 44.6492293230457 41.5788784529967 39.6609333711168 38.0844377791041 42.5111523341792 27.6565204949916 30.8616093915326 30.8304797212342 28.7285082142259 35.1164994381624 36.1641057967278 31.5503055584673 40.8956774007724 40.8956774007724 39.3177427822782 38.6642506131826 39.860176541548 29.8743969735505 38.7593016181829 29.1216506247684 29.1216506247684 29.1216506247684 35.4208585847887 36.4797557638635 44.3487779660778 43.0928214487461 41.3878879016224 40.6089630547773 36.6630842602308
-9999 -9999 -9999 -9999 -9999 -9999 -9999 -9999 -9999 -9999 -9999 -9999 -9999 -9999 -9999 74.0674236024801 74.5220339038238 86.7578031048081 -1 -1 -1 53.9207930494065 38.3360858161259 40.7183193871412 24.1105482337966 22.8715943038648 27.4152453462209 31.032780609339 20.6635529716601 32.067876680355 31.5552009376026 31.8919451601907 38.2254321192769 40.8956774007724 40.8956774007724 41.9950625284948 36.9219121599692 27.7099372081642 38.7593016181829 38.7593016181829 41.1576334144745 42.054216861354 30.3671924952039 30.3671924952039 36.4797557638635 38.6525653431233 40.5947280540723 39.5061574618402 37.7539415732727 41.794099101373
-9999 -9999 -9999 -9999 -9999 -9999 -9999 -9999 -9999 -9999 -9999 -9999 -9999 -9999 -9999 83.7305098852737 72.1231764056859 -1 -1 -1 -1 -1 52.9893817021202 39.9899990479081 35.1116714252426 28.9354074270806 33.8249717232515 29.6623851364655 32.0217211436237 40.2914811689283 34.9459544009641 39.2432601090223 42.9870842844679 47.4961220899199 47.3070747907191 40.8956774007724 34.7562673391554 40.2932376918653 38.7593016181829 38.7593016181829 42.054216861354 33.197762055199 33.197762055199 38.0979971200962 38.0979971200962 37.0354415610768 35.9730684548902 46.3048617944889 46.3048617944889 40.3797345371236
-9999 -9999 -9999 -9999 -9999 -9999 -9999 -9999 -9999 -9999 -9999 -9999 -9999 -9999 -9999 -1 -1 -1 -1 34.5306277513383 106.565072217955 -1 -1 50.7274249191777 48.391933772212 33.0798300233081 29.8564689672072 33.6568522175702 34.5246072292058 35.961536015918 30.7826148630536 38.0352050452503 47.8574142807908 43.0959969981547 41.6573963667054 49.665220371839 44.0212958150521 46.1026008562208 53.889111993478 51.04282631651 41.2599017225818 36.6834749106194 36.6834749106194 36.1908228060882 38.5815466912553 37.4287869473041 41.9179637446014 51.7718331437661 49.8363334397601 42.32096224186
-9999 -9999 -1 -9999 -9999 -9999 -9999 -9999 -9999 -9999 -9999 -9999 -9999 -9999 -9999 -1 -1 -1 37.795103733932 24.4721094421958 26.0353757856659 44.5748779450107 45.6553176656739 52.2200090391779 49.1700716174762 37.4182079395053 41.3186841527754 38.9192214685194 43.6543139857335 39.3414220582084 40.2986387425816 37.9876150110897 52.0362609671253 44.4175172192708 41.7702954166677 42.1550769826067 41.1775221504391 45.3275598840455 51.8807864543748 53.8461073330953 49.1684003753553 39.1991086197779 37.7364846893855 34.5066330480088 38.0365410192481 38.0365410192481 49.9666669282295 49.8070421530008 49.1535817522313 49.1535817522313
-9999 -9999 -9999 -9999 -9999 -1 -1 -9999 -9999 -9999 -9999 -9999 -1 -1 -1 -1 97.1818228126099 67.5310268805979 44.42248845786 34.6709982852081 19.2066554871175 31.0673511621028 31.1838443462675 25.2091406734441 29.8584846036485 46.4677165937459 41.3386833669796 38.9192214685194 40.0590867111495 38.8589560016537 38.5817923105868 42.7289465525438 41.3716621969619 41.9950625284948 39.860176541548 42.3083545176615 29.8743969735505 28.7921670908574 41.2599017225818 41.2599017225818 39.7183042264098 36.5001771044555 37.7364846893855 37.1642058346543 36.4888716862032 38.1711117587837 43.8851336678916 56.1922769284251 49.1535817522313 43.1703756550748
-9999 -9999 -9999 -1 -9999 -9999 -9999 -1 -9999 -9999 -9999 -1 -1 -1 -1 -1 51.6513825145786 59.3767490463461 55.6025831633839 20.8565834482508 27.7532894718549 33.6830646194983 31.3079477845267 27.3687330690278 26.2474184352121 29.4460451201154 45.2870687002342 35.8802987839475 36.7255136104225 35.8782686515416 37.7171013583726 44.2140838736954 39.7995929761192 39.860176541548 44.5894205016071 34.6195756234518 33.0982943726248 31.6707678667969 31.2469544966491 33.197762055199 38.7538800874309 37.7364846893855 37.7364846893855 36.1908228060882 37.1642058346543 37.1642058346543 43.8556539836552 47.8995320405613 43.8556539836552 43.8556539836552
-9999 -1 -1 -1 -1 -1 -1 -1 -1 -1 -1 -1 -1 -1 -1 -1 47.4973670189033 41.4674424125544 47.3201236235845 50.712727784154 51.1033945677645 47.9501000712368 24.1735640699578 27.6133423103656 26.0652370211758 25.5293268877811 37.4359872489599 51.9994644752521 38.0135848523417 36.5027150669976 31.4037146510664 38.6642506131826 39.0058795335788 38.6642506131826 29.6670470672891 33.4222871210148 31.6707678667969 36.9417647688277 38.7538800874309 33.197762055199 38.0979971200962 38.0979971200962 39.66009426266 40.5211340074373 48.8903662333333 50.6973571272526 51.2151065415811 43.3356196034952 46.11249597171 43.8556539836552
