data/derived/r_cv_pre_snow_per.asc
NCOLS 191 
NROWS 93 
XLLCORNER 442474.332677425 
YLLCORNER 4080120.41147431 
CELLSIZE 500 
NODATA_value -9999 
[rows 42 to 62 of 93, columns 47 to 93 of 191]
15.668787924686 16.9805064872849 15.7256258770027 15.7054762476731 17.3164551571412 30.6064941939523 33.8335312836003 24.2466772702808 22.2670901660647 36.9823137043089 56.1226568185069 31.0654442936164 19.5555275988668 18.8659359351997 17.5362262265288 14.9267027426279 12.7215242779356 10.8862106045436 11.8690315511236 13.5325407542102 15.8872713709801 16.5019220462429 12.6162606179987 11.2404080458403 12.8514638500142 14.4895983785435 16.8655186226715 15.3238061856226 12.5136609194103 15.0394118959124 14.838541667223 16.4245227689586 14.4336438964478 13.4833219702977 14.8014574240731 14.4905522365319 16.991913142421 18.4002707674934 19.9086029053617 18.2530573823531 19.4758032794233 19.9239021793868 21.1709171176758 22.3920696105993 23.2021596369736 23.7982914799427 22.0364004074919
15.3626094468639 16.0259173855485 15.847400468875 14.5162685170599 16.4123425326373 32.2707217599449 21.1165713871304 17.7175885645916 18.4785730072504 26.1221138768572 54.0924741316843 46.1248738673622 31.4061017667014 21.4667329443003 17.9643510020278 15.7803912247951 12.466982799647 11.5419267353955 12.5850415062018 14.4413459525951 16.6062035750741 16.4841412075507 14.4859786619741 12.3360549027401 12.7491664433517 14.5531359373802 17.0753782036446 16.664289446933 13.9432276036677 16.1609989295379 15.777834294365 13.0698009884519 13.7149533452362 14.8960543812782 15.3325314931925 15.6950648967667 17.7868808387051 20.0312788911546 21.1937166036248 20.1745429968723 20.5291087539472 21.7124314610733 23.3455418839978 24.9852903858256 27.1370399891453 25.5468586770846 24.00105128541
14.4484470545805 14.683172563579 14.7166283312637 14.0488281106858 16.4229980876937 25.0713286236641 17.4003997332649 15.8234756886933 18.0541871917589 24.713636479485 52.3959460822032 31.250304016635 27.4957423687504 23.3567201706988 18.6864761890837 15.5919130756693 11.3576507798033 10.7924780215647 13.434836703769 15.799689117306 18.1371767732611 18.2533019236388 15.6736163267777 15.4313201553568 15.8330394566096 16.8796341970238 18.7158234717559 19.4319858541531 15.6337047341383 16.5530326109523 14.914279124291 12.601365012237 12.561400588277 14.8625384514559 15.8543798463069 17.4310333749442 19.3601912088449 21.4058816534685 22.5919224660761 19.806872006651 21.5673560162744 25.2128643056091 25.2470928124037 26.498087316004 27.8272212517358 26.6000614305561 24.0944961715065
13.4406699041949 13.6067270463472 14.0294382320973 13.5435991408723 16.9436611694602 18.5176855793367 15.683906744881 15.8162222751287 19.4869648352313 37.0555026177134 29.2811216457835 28.0662090066427 23.5767194846917 19.5859477104251 16.8170668031664 14.4149509591786 10.0056451764706 10.3493816980558 10.7797189651828 11.7831909051557 16.7308204936303 23.4824089834208 19.4642248940097 16.7241894393493 19.7907428219505 21.5808072515744 24.4775364754132 18.4304137312792 16.5185750566456 16.1217623151032 12.9465155132303 12.8865458451469 15.2435299906471 13.3663934374411 15.8508651855435 18.948016273959 19.7520837927334 20.6753396855043 23.3170202159528 20.5136221938039 22.5272916012367 26.308368278341 25.8424294299443 28.696975464802 31.2055562276359 26.5240489963519 24.8524520249815
13.1967196284681 12.7341884809371 12.6869575369848 14.201444768597 16.1785478871355 15.6621247483061 13.2427529066326 16.7810587935054 17.9972971856978 28.303979415651 20.8847197650186 23.9228204478844 20.3193796207595 15.698890812224 13.7208014223147 10.6361617645804 10.9334483907657 12.1111517948016 12.1761865322554 13.6055631602458 16.2113283328424 23.5548806283926 26.6137830661802 22.6925771249706 25.1117740311005 25.6486065907674 23.480358515451 20.5020518818199 17.0313421543466 13.7175973934374 12.7696288466542 15.5104736018453 15.4531869411335 16.0200265822076 16.605152907773 18.7261992777776 21.4393978518873 21.4295959904857 23.2920515523441 19.7276788005887 23.2475521722278 25.9299305507059 28.6556862131818 30.7639200151984 29.2917689323912 28.9029618074425 26.0585766364037
13.2917972553122 10.9587220328234 10.7787730515863 13.958317029672 14.7265718378197 13.733132609064 12.3107915945451 15.6870532018268 21.8959306966425 20.5676027873969 16.5966297891156 18.771216904186 19.5324101463695 11.9153828366583 8.74637951573611 10.2526764596088 11.4181703359516 11.9189287625062 14.4980138289429 16.6166968812242 18.9511294760505 19.5559989553814 24.2531087462164 31.4168772663644 30.6101469063304 31.6358693383707 23.9734454387186 18.2877479110935 15.5318107954334 12.4617433309566 13.5106658551338 16.7300750803918 15.4928671334487 17.8718244021273 18.9312554897053 19.2234893528541 22.6260560574635 23.1115413153632 23.6410257041811 20.2977554309293 22.740232552494 25.7485850584392 28.5291572144821 35.0127854343848 33.1746097098701 29.3636015431735 27.505005668187
12.9291374397321 10.858634376983 9.86385210116917 13.0807398843512 14.0658154588773 10.74135587614 13.8270587415257 16.7314961262767 17.2605400533874 16.4454481323184 16.2914234224671 12.4335719487557 15.8648801110626 13.5828081833667 7.9866818276164 8.59520046081477 11.2982200383891 13.4049665770765 15.6584731595571 15.4633062921064 15.5801054064446 16.2036409298387 20.3839092390543 25.0269138660923 30.4414945686616 40.4429895226514 26.4195925869229 18.1672130986149 15.5972954586374 12.6092722372777 14.7637887288509 18.166194583399 15.9774349784259 18.1046380270265 20.0826649779793 23.3049535040892 24.4920094008117 28.3126076462014 23.3529366985591 20.8730680444884 22.9511837808869 25.3582006370253 28.6951505988459 33.2835272013451 38.7748820989248 32.2093977018113 28.423705260972
12.187566060861 10.5102923342092 9.87723485396234 10.8975294639721 10.7602408236008 10.6347097931368 14.2066381466609 13.882974071396 14.9098782730284 13.2099636485248 11.8102206329854 11.1788262742181 11.8407629249736 11.0856523267928 8.3874677081415 8.80561623215693 10.0173200686568 11.9627590160083 12.0895549015135 11.7698977909325 14.0798623317604 15.8990015326012 17.0521571718787 23.7017832668897 29.9672626000341 40.3137230976953 25.6164160236626 18.642687621961 15.7087567903494 12.6115486117374 15.6976837443326 18.8626697094343 17.7068772639454 19.4701030088632 20.892806343192 25.2893690404703 29.0369624531674 25.8009415461653 21.8580812070162 21.6664986852252 23.7591441759447 26.4806677979964 27.982422839426 32.3744269238311 41.0555869160531 35.144104462245 30.5180187597922
13.2804394481041 10.7861004969575 8.87085960115249 9.76838809366782 9.29674375387184 10.2489072144618 11.1804325702106 10.5412576075007 10.8733829036775 9.89546762593742 10.1223861107609 10.4775773353768 10.2851264618065 8.17922767560481 10.3296066356961 10.847084472172 10.942665556808 11.9618620885319 12.2707844403499 14.310493572347 15.6968596191701 16.5396672955319 18.4581118617244 25.1117343020986 30.2932323493116 40.2014100474101 31.2935577578171 21.4110416244246 17.9827369776397 15.5838391899038 17.9056817454024 19.000374550075 20.3841047574957 23.5144382825526 25.7660623343042 28.7794484023527 32.3272003055248 27.151845137959 23.295590186659 22.5343224611214 24.0894548143657 27.1803897463762 30.9279766308034 33.3426599039231 41.3985001704899 39.9298753195714 32.8151889364821
12.0219857387164 10.1186006570315 10.0126554524272 11.5730724961526 11.9208402820989 10.8872965822278 10.2469306499614 12.0075563435738 11.6629068425645 10.1817711349208 11.4461865987635 11.3812022040648 9.0393691942955 7.49452704777978 9.289606351662 11.8160394191923 12.1746201078612 13.648350458707 16.0107382485775 17.7779249531191 19.3675497632339 20.7441896685906 25.0164983249643 28.7609273396558 33.2861933430006 45.7900804489474 37.2301401667758 25.1390688677941 18.2069594692154 18.6184261379838 20.6890592964352 22.7078212743634 25.6861157646751 28.4775924763582 32.9934327605253 36.7426959506263 39.5196220648952 31.1345094206716 27.9786698015626 26.2119600174629 27.4168238662254 30.5030494621062 34.4851921515073 40.2374682995051 50.409018176059 52.8821786001219 41.9981207939172
10.0442144104579 10.0203993790123 10.5939750963365 14.3862544561994 13.3864781823057 11.7243132736939 12.4047994212753 12.8914535378581 11.6769403474663 11.4670293035323 12.5987559961847 11.554913587251 9.4474445035116 8.17919885944288 9.0214320492623 10.8764202569097 14.7268032877265 15.0664216111656 18.3785524999747 22.2995703659679 27.1728257329646 29.9859479820196 29.2977386956356 31.0999970153226 45.4479029559502 57.9672323802662 37.0142562978605 28.5602380220651 20.8304467704928 20.9067036042188 23.8576601618838 29.5689553740304 31.7334578740359 30.6447673720564 39.9593941040727 51.3268828975666 40.7255777726591 36.6196964926421 30.5208178548123 28.1493086391519 33.2685792340984 35.6498861336125 43.2464612211361 49.1317893987504 60.6623510697563 59.1726658676179 45.5886980414259
10.4470926916911 13.0913247445404 11.7026695792037 13.1217812288776 16.4755005509276 16.2100404828606 15.9015074585371 14.7782123611366 11.945233924576 12.6892246463603 14.0324857187673 12.4900832320316 10.846602487597 9.48067395040385 9.99792167995721 11.0599106499151 14.3640459027394 16.9167467355635 21.3094265782294 26.4052297417749 32.4663742457075 42.2835744105655 49.4249192001527 45.591004895951 46.0434614886565 53.856955163408 37.6302649337915 28.8454405822292 20.9722903357323 26.8170991909235 27.9459873600114 31.7816432392576 34.3619887120894 32.2589483474305 41.6189882914536 58.7909037159994 45.6808007296756 39.3024751262976 31.1363175960036 33.1966354181905 38.8726917501562 42.0057108691927 50.08027644267 65.5269658500143 75.2298989996216 60.1401684988411 48.1428077847144
13.4079801884744 15.4218159495238 13.2699430885513 12.4944503698773 14.6806533227999 18.1340568236927 15.9490889893589 17.7320623063495 14.8373982469045 15.1173350423708 17.3255200820708 13.1646681847178 11.5982218921314 11.2249370315327 10.7022240555404 10.9134577159714 12.6685623789777 15.9628203833401 19.37437316909 22.7490696705765 28.7913686405148 35.7821616148098 46.7474871577355 64.3488274681142 68.8970303269707 52.3584457205802 36.8480439358456 28.5859785122522 22.7196892038647 22.4595113096968 31.5850857372689 35.8900424099415 33.5601472847717 35.2517204112501 47.5643075201563 64.7583773801156 50.1747771860064 41.061292476841 35.1745616807456 37.1101411493532 46.9823530363145 59.1184091479292 59.1173047390203 73.677052050615 71.4747459828681 60.4275141336721 46.3339340801614
16.7965984094774 18.0812384346895 18.1102902440056 15.6117129214336 14.5721591098823 19.0287657493837 18.4438272744756 16.9578722623785 19.2191691283946 18.6266382394852 19.1213795938677 15.3969568585349 12.310864056604 12.1037516169197 11.5356913962558 11.3061813575825 12.7241960618772 14.913512779753 18.1655169506419 21.9333044717666 25.2392343059517 29.2923110288317 39.8742017620363 54.9397983669812 72.9789696460589 52.6597494560652 37.2476911146771 28.6072946688239 23.4491545244799 22.9192457912086 30.5365023232398 38.0044503531988 35.8731856915674 41.9212802987779 52.3628762539304 69.4644266075738 57.4090390070751 43.438852554453 34.510590490074 41.5455455121507 50.5874173347153 70.7050758802877 69.3812596985026 84.7622638869252 71.3299829968347 54.4971214882676 52.1201970424901
20.9331861945808 24.0141451310704 27.413332104031 20.5489133795098 18.0948378716604 17.5321752812675 23.0187916463302 17.8366094136257 22.2379802481571 24.6582824142714 20.3885396698659 18.4448674843133 15.8511919878735 13.2715155463129 12.0773735635526 12.4791292343788 13.2781605312727 15.670697900737 20.6673443821805 22.6890782285477 28.958292988847 38.707633917121 56.1185857537964 72.4258782524091 73.4950384422612 45.7609124807049 34.5719083641163 28.431380190661 22.1800193748827 22.948630585605 30.5492740060795 39.5866264030046 39.2410027279136 47.5002932094983 56.865124346713 74.2465491398187 66.1528268599711 48.5009685327331 39.8174431871332 46.9159691772646 59.2660710344181 69.5751239359298 77.9266168421286 91.7903322174163 65.8189965801007 50.3965837846174 57.3733763426292
31.7613551464001 32.0053339336821 35.74978771732 26.3226272738674 21.8194832203666 22.9816289303942 22.983576661503 21.1469604788652 24.649483613907 32.504881269986 24.2227823694199 19.2460025310634 16.9837897306305 14.105128372439 13.085968819864 13.1018594691418 16.239201357123 19.0502553508023 25.4955248034657 28.2446628662529 35.1604364048094 46.7492903615483 63.2746399108879 83.6143813139727 67.4364081650421 52.3807085540753 37.225275144262 28.3981094303333 22.6083044533119 24.9804545541385 35.0859645144763 45.5677461295575 54.1565362310834 50.3668310304979 60.3550848934563 79.4251194258197 65.3190033232239 46.1542933516064 45.5889960563235 54.857644047746 68.2475175188443 74.2318990681149 89.2027909593043 89.2368761300818 62.0899318152459 59.8022802328199 62.2354726781502
27.6392405142592 44.3013311174791 46.7478642677034 33.4240100937421 28.2939173393463 26.2767866588731 35.3653915768351 38.739436345432 35.1315342860705 35.9015670763127 28.4970691216562 21.4463485563918 18.8078818240902 16.2981902672136 13.7380578801296 14.154008551924 17.9965474533932 22.1507917010895 29.4098484013696 32.18671332098 43.7165972506733 59.9028516837528 71.4158412354602 83.2636902095758 64.1372102791716 49.5071694917533 35.509689159216 24.750921398458 23.559556087591 28.2230960421052 39.7458545346634 54.2758835374715 52.8799657981136 53.1587262758845 70.4379708257405 82.3767028348304 62.2075955512504 49.6891014119177 51.8101397602295 60.8151059855046 72.7816213188737 78.3115420394416 97.4547766610601 82.8633732459669 62.1033508376818 64.3188339253173 68.3143936663591
31.1608863264197 41.8200745550453 65.5177131535452 55.0935737096333 35.7546877846825 31.5885280885255 35.893381273949 52.0174087511208 53.5947149642701 50.7177127422795 31.1333620933527 23.8015304188575 20.2292699292258 17.1051483132359 15.6369086813283 16.1074721071696 20.6184238647422 26.7942930551542 31.3468659416298 41.3843428990909 54.5072406932237 68.5820655064141 81.7682859776048 81.9165178296229 62.1458817621765 41.2406000290913 29.3205555795495 19.9551904039791 24.8941554554936 29.5201938132358 36.1579472047202 54.4350994286744 65.2344975366923 57.9434974137811 73.2497580575481 83.3461713718489 64.5578342930115 48.2123203113166 55.6400200517915 69.0293803563684 74.540177798915 89.7426818271089 111.054691575444 79.8053874373647 69.1208452804133 70.7501178197365 74.0257253046036
40.3957310198173 56.2571567365788 69.2608347492567 59.8320209500128 51.4611801438025 43.9598156884009 53.1253139886234 61.1410911682907 67.6304287836246 46.7617642617674 32.7084864486733 24.9433081397785 19.7960474586864 16.5840886547973 16.2499931823197 18.4172334117216 24.6751710768361 33.3095461436422 50.553314488322 58.411030459568 67.59735008033 78.6539620037941 83.3578165075823 81.2077712729736 58.2146474519537 31.4141621674003 24.662695435561 20.8784246312632 25.9989089557794 31.3807907462344 37.925140716292 54.7587391015214 79.3564565491558 78.9185693271685 84.0870179452887 73.5033429017193 51.2646964116044 51.6110748094912 63.7741436636878 73.8303161351135 82.0644081303575 91.8401982945275 120.535299039989 89.3755274784665 73.6898022786345 83.6205008966299 86.5183777690674
32.618643325262 44.7701336570043 65.0697698151972 75.6730462475153 69.2859207518594 57.3055787894221 66.6295426823369 74.6918370629331 62.1494334436634 39.4556602906184 29.9804598029441 25.1811792806622 19.8066818363998 17.2333512559007 16.89535554981 18.90878227284 25.1655955634532 32.1963413805086 59.8995320629865 74.4076824740697 79.0958040796022 82.3808183978218 89.1252496530164 77.9045892435585 57.4168739288417 32.1765779034372 20.2716412573823 23.2173852618533 27.1587158144907 32.1377615074736 40.0617156615346 51.6520582877242 75.8926430128976 83.6758288036709 83.3794332872774 58.5199474014006 41.3548995805222 52.3977013599315 68.1008189873453 75.6312998546264 88.4367041059148 98.2235061842373 120.493544519737 92.2211971830204 74.7732038754495 88.330405123567 101.078414611558
28.0798533199227 37.2245570944137 54.1399692110317 71.4262995099707 77.6606235442238 76.8650869321911 78.3017664385472 73.1777170909013 61.7991392601644 41.6832990062542 30.4382337977803 24.5290791717809 19.9305371534905 18.0230814396078 19.8025643785478 24.7950331570564 26.8181487053192 34.6528032127179 53.9451513045553 75.1501084409621 84.7582747946783 93.6831817927665 81.2091346910222 69.4832866819309 53.2880026031451 26.5343521456367 23.2745839914026 25.1170266942455 28.9018300101268 34.1139383838457 42.2572783233919 56.7308702600869 78.9785972083432 91.1314299731275 76.8133222929297 58.089803739433 53.1193354765044 55.3004502082089 70.6637472880354 79.8490491055069 91.5454687580868 107.653855027171 124.354951946035 90.1046855955449 78.169500740663 100.429156421865 118.891000324298
