data/derived/r_cv_scod_1250.asc
NCOLS 186 
NROWS 74 
XLLCORNER 443300.206538099 
YLLCORNER 4085841.77455235 
CELLSIZE 500 
NODATA_value -9999 
[rows 44 to 65 of 74, columns 0 to 49 of 186]
-1 -1 -1 -1 -1 14.5963782450162 14.7561277767875 19.9418803093184 30.1277268226836 33.9793887374702 33.0856219240111 21.2318985185527 -1 45.3989252732964 59.4844621407227 30.0975111835845 44.2654935557572 31.5036010632827 48.0044535482978 58.0693461828216 58.7970991978226 39.6129582659977 44.6765689470496 46.8637453141541 41.1613202005898 34.5331214964452 49.7420066960879 41.7191941082567 41.1689384004661 40.0451589430202 38.1510368705972 37.7516505653529 38.1510368705972 37.221399985264 41.2875213900062 41.2875213900062 46.3067157741677 40.7879260657303 38.4259386037635 34.6114744090893 40.5211340074373 39.2642332808168 40.0200653745791 38.448625006307 46.7155535583915 43.8556539836552 45.7206997157489 45.7206997157489 45.7206997157489 45.7206997157489
-9999 -1 -1 -1 -1 -1 30.1826512711459 18.5164219762361 36.0155703335321 38.2969264914164 32.6918957700693 29.6779222245207 31.2999024563554 32.2874176137764 36.3945053784898 43.7959800276072 26.8068115974632 25.833609564037 50.5590585491986 55.1559371169915 50.6803146437769 38.9686531886808 51.0013658340742 51.5159780691278 42.2969851606845 37.623448210161 45.6224166655019 52.3424584981165 48.2999811656777 55.9427368141475 39.7047118472041 45.035598455057 45.035598455057 38.8750408387894 37.2530627458248 29.1958519949546 27.7099372081642 39.7183042264098 37.3936469163113 35.6588174600733 46.3909994700681 47.8746222013712 46.7155535583915 40.0446997358586 40.5733127652297 43.1703756550748 45.7206997157489 45.7206997157489 43.3763176176194 41.2117601607529
-9999 -9999 -1 -1 -1 -1 -1 60.371082236173 73.8433560420569 74.9601558847998 -1 40.1126005349309 34.4434900506152 41.5891135758132 32.0852951831589 21.6019805208003 -1 34.2263477212196 46.7164545047328 60.0743892495568 47.7090511472984 48.9739567199609 48.5862566572224 58.141857146507 58.5356346774251 57.2959758120533 44.9809350220086 42.5328761786265 48.1999049392164 50.8698283764688 45.3805341511911 39.9070898731849 39.9070898731849 38.1510368705972 41.9950625284948 29.4005012983687 30.6076732486836 35.3225670704741 36.9417647688277 36.7730446910375 46.8457551795246 40.5733127652297 41.5095995935096 41.6021166654399 43.3763176176194 39.815776231061 44.5472063028857 32.8201611755813 44.1126027830661 49.1251824550646
-9999 -9999 -9999 -1 -1 -1 -1 -1 -1 -1 -1 83.8809604934963 96.1280184303298 20.8321371656482 30.4515290979591 20.0105175592088 -1 -1 -1 97.4158896736446 -1 -1 56.8935545119576 48.2879981903451 56.0146637355907 51.0648644447383 54.2135150860996 48.4920893276123 39.2628676328829 48.5448722121603 37.4894727185027 44.9681142736455 40.0504444755557 38.8059135534504 35.9347297510227 31.7647710398017 36.6423899852475 36.3239658083318 36.1952442379449 45.6167878412755 45.5101571733517 41.8718442101522 41.8735896335117 41.8735896335117 39.4301571284827 43.6230092200997 37.5611405992973 34.6388780618514 37.8732781239869 35.3975090316034
-9999 -9999 -9999 -9999 -9999 -1 -1 -1 -1 -1 -1 -1 -1 71.1150073083639 53.6782512123618 -1 -1 -1 83.2363334022231 88.5136173519689 67.2254991596256 55.3505022608932 54.3888857424722 47.5893110835136 30.1781756058437 38.0697079240684 48.0357920435609 46.901664053589 38.0046859244407 30.8769232341874 39.0058795335788 39.0058795335788 39.860176541548 42.3083545176615 34.9688617629286 37.9187820613287 39.5285278913509 39.6202166695046 38.7319764546254 40.5733127652297 40.5733127652297 40.5733127652297 41.2117601607529 37.9689481766486 36.411302538989 38.1174821321264 34.0685314299543 35.1878569445636 34.1925756439937 34.7820142383135
-9999 -9999 -9999 -9999 -9999 -9999 -1 -1 -1 -1 -9999 -1 -1 -1 -1 -1 -1 -1 50.9123066501181 56.7014113288193 49.004618308328 45.7453947448345 50.4084398341643 56.2388070535233 54.0769975449582 34.1808680595551 45.5253620800005 45.7972128041386 43.1384268983413 38.1316537995554 39.0058795335788 29.1958519949546 29.8743969735505 31.6707678667969 36.9031047222507 38.4252897648342 48.4699139312795 47.0992958692224 42.5354191062704 42.5354191062704 48.4699139312795 39.982597131498 29.8376721505154 34.4923314136761 37.6471063365071 39.4899196720968 32.4983207903244 32.8343134703175 33.7931660489426 33.1374587432717
-9999 -9999 -9999 -9999 -9999 -1 -9999 -9999 -9999 -9999 -9999 -9999 -9999 -1 -1 -1 64.8169170776792 61.3740048600358 47.2119566382181 46.3736750715831 45.5524760042093 45.5716273823245 55.1875737234543 44.4443383090764 30.1674632618207 40.5564605705153 50.9169265185701 52.4150804797701 43.1460561401473 32.3163680546127 29.1958519949546 29.8743969735505 29.8743969735505 29.8743969735505 36.9031047222507 32.9136443985588 42.5354191062704 42.4649120244215 46.6350640245238 44.3174786531531 47.0992958692224 41.55436593575 33.4456007054035 37.6333214637092 34.8874531807228 28.2006159957781 41.173022143903 40.9474929593468 39.8249215414004 37.5287786818428
-9999 -9999 -9999 -9999 -9999 -1 -1 -9999 -9999 -9999 -9999 -9999 -9999 -9999 -1 -1 -1 93.7652286942854 69.4497188042469 61.2921244284367 61.2921244284367 36.7255925841077 44.6748333565916 33.0468481579599 39.4135011929492 44.5542975357026 48.2494258046566 40.6411354987658 43.3691937920534 36.2961768549055 21.9843166889462 32.9377553594696 32.9377553594696 30.0117772262102 36.9031047222507 48.4699139312795 54.0939325620056 48.2656120889601 38.0409652829839 46.5312129855429 47.0992958692224 42.5354191062704 39.5903541687008 36.411302538989 38.8117903533578 32.5688712188102 39.6813070282812 41.0154900806152 41.0154900806152 45.1374821675134
-9999 -9999 -9999 -1 -1 -1 -9999 -9999 -9999 -9999 -9999 -9999 -9999 -9999 -1 -1 -1 -1 108.994848149245 82.1206117353912 75.336397955985 54.301467398334 41.3908891158873 41.5383378551151 39.3637925991292 37.0236152664849 32.9086380991141 50.675568840896 54.9289508669795 38.1944617638541 32.1887871655808 31.6707678667969 33.4222871210148 30.2310565403548 35.2875084600924 46.3909994700681 47.7918808396452 47.4155445268293 35.3975090316034 48.4699139312795 47.0992958692224 42.5354191062704 38.336831917361 38.8833630875155 38.8117903533578 44.5924463205825 42.6380138669619 39.1604195781718 31.6233213701879 41.5956423030888
-9999 -9999 -9999 -9999 -1 -1 -9999 -9999 -9999 -9999 -9999 -9999 -9999 -9999 -9999 -9999 -1 136.116112825694 83.4328316268099 49.2404826959305 22.3808020245475 34.9370496159523 38.0391872552487 52.7303020277189 43.8719942575052 33.7528212168288 44.9798662834181 46.84032580992 30.8681058327751 35.2318779417343 39.8581751486471 36.0958598923201 32.4129257225332 32.511215830028 37.9419696557116 39.5285278913509 39.2037431315032 38.4817437463794 38.4817437463794 47.7918808396452 47.0992958692224 36.0777887017322 44.792306588632 37.0340360169802 38.8117903533578 43.3106442005812 41.0154900806152 39.1604195781718 32.3153553576013 40.5627909462851
-9999 -9999 -9999 -9999 -1 -1 -9999 -9999 -9999 -9999 -9999 -9999 -9999 -9999 -9999 -9999 -1 77.5413027207511 38.4447878494288 44.5018927860205 27.0494404522248 42.2707100094781 39.8379430918049 43.3799702653116 38.941699518683 35.3597465307722 37.2764284186531 43.4290771703848 48.8700370852348 33.5112373834749 46.1796811558295 38.4531381769495 28.4494394850876 29.1958519949546 37.6471063365071 38.8117903533578 38.8117903533578 38.8117903533578 40.6841504356755 43.7955813882837 47.0992958692224 36.411302538989 37.21780911211 37.8075228352461 39.2037431315032 36.3614779640877 36.7559526531274 42.9676306135058 31.4024153384602 43.3837580524436
-9999 -9999 -9999 -9999 -9999 -1 -9999 -9999 -9999 -9999 -9999 -9999 -9999 -9999 -9999 -9999 -1 104.938816040831 58.1082900289288 56.6526508711564 48.4481788441426 48.2102483452209 39.8485820510376 48.9871562470593 32.6056227988302 45.6139818508891 46.568795544039 54.0409805003257 49.5869093026415 34.4265207290795 36.3392339850029 29.1958519949546 29.8743969735505 29.8743969735505 29.1958519949546 30.6047188939407 37.1155221126623 38.8117903533578 40.6841504356755 38.3307941958719 47.4155445268293 38.8117903533578 38.8117903533578 41.3531459416392 38.77650505575 34.9925280207314 38.1640232836217 37.8919214206578 47.4979381768739 50.4584696808617
-9999 -9999 -9999 -9999 -9999 -9999 -9999 -9999 -9999 -9999 -9999 -9999 -9999 -9999 -9999 -9999 -1 -1 87.8386021154451 47.5845578216087 54.3723202222345 44.7246991909109 40.6692230152669 41.3909178437064 46.1320904466072 43.4070540153106 34.5762624194405 47.8589105547902 32.8846105388136 30.5869884860915 37.7516505653529 29.1958519949546 30.6047188939407 29.1958519949546 29.1958519949546 30.6047188939407 37.1155221126623 37.6471063365071 38.8117903533578 38.6061683599913 39.2037431315032 38.8117903533578 38.8117903533578 37.8296112439693 38.7855175155832 32.590995036734 33.7931660489426 40.7537314650862 34.428860546016 37.4113040196597
-9999 -9999 -9999 -9999 -9999 -9999 -9999 -9999 -9999 -9999 -9999 -9999 -9999 -9999 -9999 -9999 -9999 -1 141.03492330797 83.0969483072279 -1 -1 80.2097633641507 47.7987097963879 40.2886854379656 37.5860542369704 36.6310014445303 33.6658695005902 32.1279514082144 33.8467098300394 29.3966542241096 29.8896334214976 39.0462395200964 38.8108852265656 38.8108852265656 27.4446547486894 30.6047188939407 30.6047188939407 38.3059678383286 38.3059678383286 38.8117903533578 39.0370991299707 37.7509530977975 41.3447868188817 44.4611594694551 32.590995036734 43.1124271004594 39.7231415491884 33.0787605276192 33.0789543826517
-9999 -9999 -9999 -9999 -9999 -9999 -9999 -9999 -9999 -9999 -9999 -9999 -9999 -9999 -9999 -9999 -9999 -9999 -1 -1 -1 83.848447581064 76.985157003724 62.0688615897878 42.1056859062587 42.6293034067959 38.4253530170439 47.9929715741047 33.8277705710133 32.932219803588 29.3966542241096 29.860129873697 35.0932029183933 34.0469168117879 35.158256973946 32.2539178700964 22.8800013743095 30.6047188939407 29.0683457347783 28.2800531439036 37.1260159324374 44.7447591161503 39.1991086197779 44.1250475192959 44.1250475192959 40.9888701136122 46.0635543049992 41.0607819635402 32.7759113243172 41.9450236122092
-9999 -9999 -9999 -9999 -9999 -9999 -9999 -9999 -9999 -9999 -9999 -9999 -9999 -9999 -9999 -9999 -9999 -9999 -9999 -1 -1 61.0493877947952 61.2738535964276 42.9187463210543 38.8068389709885 41.3554904509897 41.4653610711922 34.3410139132698 33.8477125763998 39.8040426836924 38.4899882446045 38.2248066656293 33.2180334708733 32.0882073955947 33.5423766389531 35.4911226776203 36.0718629372229 34.082964935877 30.5602134249781 35.2526352828413 34.0975034223283 47.6665223013573 47.5528171492806 49.7566389251506 50.9009576659381 50.8758038788445 47.4114794816944 36.6950132856068 31.1159694239257 59.0204526340392
-9999 -9999 -9999 -9999 -9999 -9999 -9999 -9999 -9999 -9999 -9999 -9999 -9999 -9999 -9999 -9999 -9999 -9999 -9999 -1 -1 88.0541847238431 60.3179226697176 43.4606366257599 41.7717206791895 47.7578981833924 37.1474199511103 32.1335673999348 38.0016349748489 43.2678070099974 40.6130059662793 36.0931221807638 36.0931221807638 49.476290104032 32.870395025693 36.9353285434527 43.5549267403772 43.5549267403772 44.5623281177522 44.5737424683655 40.251148158109 41.7065542090849 41.9300797176076 46.8329105670864 52.332426153125 49.1425476163266 33.9512820998825 53.884111348548 45.0171193065314 48.9530757754383
-9999 -9999 -9999 -9999 -9999 -9999 -9999 -9999 -9999 -9999 -9999 -9999 -9999 -9999 -9999 -9999 -9999 -9999 -9999 -1 -1 82.6709569043084 72.3603023353319 44.9512667228957 46.9631780218958 35.3641452370863 35.4368238187105 35.9311441183393 37.6670835126583 35.0406409248298 42.460036782051 34.462301727897 33.8087150907892 54.1074071142106 45.0454380003907 37.9624121937218 44.8714457854132 43.2254027997673 44.5623281177522 44.1997512305763 34.9093667086184 35.7889390534111 35.394715315691 37.1247577887574 37.9272059776256 37.1247577887574 34.0999241797852 62.3275947267145 77.3805666651311 79.5639829662221
-9999 -9999 -9999 -9999 -9999 -9999 -9999 -9999 -9999 -9999 -9999 -9999 -9999 -9999 -9999 -9999 -9999 -9999 -9999 -1 -1 82.1689212743001 50.1021027960368 42.1164041513025 43.3677426488038 50.901022071719 57.9030694122517 43.3396590267161 56.2147769232451 36.0931221807638 33.5737508690932 47.0058447415866 55.6483197871121 50.5346535353997 45.7555879009979 38.7153716242012 43.971612179286 42.6166959875967 36.1294163643755 35.2837937544284 32.0498252598553 53.0014100820304 46.4826741713426 37.7177591319288 37.9272059776256 36.4637336030107 45.5016484342982 59.7362541101452 81.1580505304581 93.2261692426842
-9999 -9999 -9999 -9999 -9999 -9999 -9999 -9999 -9999 -9999 -9999 -9999 -9999 -9999 -9999 -9999 -9999 -9999 -9999 -1 -1 -1 72.7839561545281 51.351954853104 40.1378589796168 65.4011611893817 61.0163262669779 50.2385284645284 53.2242448088305 36.4328449789649 45.3389986119157 50.2780540375645 50.9416731115608 60.9666179693773 52.5217569103607 54.4347400681022 54.4347400681022 52.1559741895457 40.3908940760809 37.3070420244675 42.1345286682597 50.1288187565781 48.6235888603994 31.3943360998186 28.7074465261072 29.0170712614457 52.5339568024864 54.8807682369653 -1 70.9589982291491
-9999 -9999 -9999 -9999 -9999 -9999 -9999 -9999 -9999 -9999 -9999 -9999 -9999 -9999 -9999 -9999 -9999 -9999 -1 -1 -1 -1 93.6394775754082 82.6740847442019 49.9644472282619 87.8121130836199 50.1150173663788 50.5460128629568 48.2973526727305 56.1142606037026 53.7777968550743 58.4428447649549 51.646233490058 54.5336017055067 61.6446249008097 53.0838385825481 62.2142069469035 59.7464347694314 61.2900340838066 52.4837799899903 52.1226847759339 52.5516368702359 44.6610907315954 29.8604320146993 42.5345892026996 40.3518170414239 41.9624022196994 64.2995019723545 -1 69.5692359178792
-9999 -9999 -9999 -9999 -9999 -9999 -9999 -9999 -9999 -9999 -9999 -9999 -9999 -9999 -9999 -9999 -9999 -9999 -1 -1 -1 -1 -1 96.0311597586793 83.5404959533655 62.0411241877547 63.2061854477219 47.7701441743697 58.8778632876001 55.1317642947234 -9999 -9999 48.8458101090143 49.4579902638091 70.0628540704202 65.0922734724229 52.9688903868267 54.3992087493031 53.689569506632 65.8623589361612 52.8379126534048 54.5014497681757 54.0130245693641 50.045482393289 50.8482487765377 40.2155913125169 52.6457832358924 76.5703141119972 -1 86.6411427973834
