data/derived/r_cv_temp.asc
NCOLS 191 
NROWS 93 
XLLCORNER 442474.332677425 
YLLCORNER 4080120.41147431 
CELLSIZE 500 
NODATA_value -9999 
[rows 21 to 41 of 93, columns 94 to 140 of 191]
-9999 -9999 -9999 -9999 -9999 -9999 -9999 -9999 -9999 -9999 -9999 -9999 -9999 -9999 -9999 -9999 -9999 -9999 -9999 -9999 -9999 -9999 -9999 -9999 -9999 -9999 -9999 -9999 -9999 -9999 -9999 -9999 -9999 -9999 -9999 -9999 -9999 -9999 -9999 -9999 -9999 -9999 -9999 -9999 -9999 -9999 -9999
-9999 -9999 -9999 -9999 -9999 -9999 -9999 -9999 -9999 -9999 -9999 -9999 -9999 -9999 -9999 -9999 -9999 -9999 -9999 -9999 -9999 -9999 -9999 -9999 -9999 -9999 -9999 -9999 -9999 -9999 -9999 -9999 -9999 -9999 -9999 -9999 -9999 -9999 -9999 -9999 -9999 -9999 -9999 -9999 -9999 -9999 -9999
-9999 -9999 -9999 -9999 -9999 -9999 -9999 -9999 -9999 -9999 -9999 -9999 -9999 -9999 -9999 -9999 -9999 -9999 -9999 -9999 -9999 -9999 -9999 -9999 -9999 -9999 -9999 -9999 -9999 -9999 -9999 -9999 -9999 -9999 -9999 -9999 -9999 -9999 -9999 -9999 -9999 -9999 -9999 -9999 -9999 -9999 -9999
-9999 -9999 -9999 -9999 -9999 -9999 -9999 -9999 -9999 -9999 -9999 -9999 3.10901801585592 -9999 -9999 -9999 -9999 -9999 -9999 -9999 -9999 -9999 -9999 -9999 -9999 -9999 -9999 -9999 -9999 -9999 -9999 -9999 -9999 -9999 -9999 -9999 -9999 -9999 -9999 -9999 -9999 -9999 -9999 -9999 -9999 -9999 -9999
-9999 -9999 -9999 -9999 -9999 3.07088185558631 3.12661978363874 -9999 -9999 3.24106749505274 3.2318700426982 3.22412524406324 3.20931883340133 3.11609160113794 -9999 3.0390959001338 3.03737423161547 -9999 -9999 2.84608834857626 2.81848587134064 -9999 -9999 -9999 -9999 -9999 -9999 -9999 -9999 -9999 -9999 -9999 -9999 -9999 -9999 -9999 -9999 -9999 -9999 -9999 -9999 2.58201436904895 2.53337032500622 2.50072874573354 2.47010002981533 2.45119097581013 2.41042708459699
2.58886948838056 2.75300351220962 -9999 -9999 -9999 3.18353511089518 -9999 -9999 -9999 3.33926238705891 3.37596482054704 3.33308066253625 3.34094647082143 3.24183817732747 -9999 -9999 -9999 3.04386965421251 3.00205120224061 2.99954276040479 2.87270546982847 -9999 -9999 -9999 -9999 -9999 3.07740932435873 -9999 -9999 -9999 -9999 -9999 -9999 -9999 -9999 -9999 -9999 -9999 2.76902222695233 2.68341840918657 2.61306593638122 2.57735048629384 2.52844365267198 2.52140504674162 2.50125783078358 2.45530551417627 2.41516251698541
2.70965875136259 2.8623297566611 3.1650068290182 -9999 3.25432254412849 3.29818152557502 -9999 3.3948760738987 -9999 3.47665337127726 3.52341955043046 3.57185500707008 3.49985488477659 3.30590298446742 3.20201695775722 -9999 3.11608660880698 3.16952460954999 3.12678389146163 2.98778918273293 -9999 2.89605952894193 3.00441518435064 2.9305261545652 3.00625144768079 3.04972760601673 -9999 -9999 -9999 -9999 -9999 -9999 -9999 -9999 3.38907639224208 3.1411423310039 2.98529633061905 2.82698352392458 2.73383222984593 2.678569078945 2.69000969038379 2.658441094255 2.61540413736032 2.56268564828614 2.59700695184619 2.50898492375954 2.48496715332759
2.95355499020356 3.12305375719207 3.23044748370268 3.22722683556717 3.28183382949097 -9999 -9999 3.49826745519595 -9999 3.51593729275214 3.60176085597133 3.71092135566535 3.60579998342643 3.42931996490204 3.26626428923768 -9999 3.12842601419241 3.34118666207195 3.1726544147163 3.052509544505 2.90054358158267 3.06844531679589 3.17063958372831 3.09187434962409 3.20639158024957 -9999 -9999 -9999 -9999 3.12115076096646 -9999 -9999 -9999 -9999 -9999 3.13939804021523 2.99934102885885 2.89599532711118 2.77555765995195 2.78826923053526 2.76551679069134 2.82125607378849 2.74573135561052 2.68773366074915 2.60234458285059 2.61529986127068 2.60308257803984
2.94742527233273 3.25378843666382 3.26274964497562 3.26578256153722 3.2572985127312 -9999 3.43645453835691 -9999 -9999 -9999 -9999 3.57418890098596 3.67206709390902 3.60321464685502 3.31893404556638 3.14024188686083 3.30786731647126 3.33260002361555 3.36498651563895 3.09518415251447 3.01809163824579 3.22003294370082 3.47422627250342 3.46080527782477 3.46954966011024 -9999 -9999 -9999 3.24399806124703 3.23067783669942 3.27403617540368 3.79552822773866 3.80598878001355 -9999 3.48774840766956 3.30826986675388 3.05000910637542 2.86299232235006 2.91519987868875 2.93068823629848 2.85991744685168 2.84638219892348 2.8675529339732 2.77197818390068 2.69734245725755 2.72001373463833 2.70110374394962
3.16166158696734 3.28646086834526 3.24252036874546 3.20242016939727 -9999 3.40593212107599 3.47040550239516 3.46670097171775 -9999 3.52620575616186 3.58081655451931 3.63304752030819 3.68699899209348 3.54652259879808 3.26143405489823 3.12466926884274 3.1539682976217 3.39830038705581 3.32895759777616 3.12456096628579 2.99996849237862 3.52432309877634 3.62852271337205 3.85267706820437 3.9556417437388 3.58627978128524 -9999 -9999 3.37433710257057 3.33687313578943 3.4026791504062 4.0084792300527 4.17887748991719 4.11475131953343 4.04063572472738 3.78564488321084 3.16818323505213 3.009308551381 2.98721825920408 3.05818904244613 3.0129552503927 3.02571948341463 2.99954008755665 2.91593663997957 2.81660602457266 2.7971666928253 2.79706409379753
3.34814920803061 3.37601887671582 3.29008860897915 3.19629619164316 3.3365203348202 3.48297956767144 3.48494178764511 3.52268345372031 3.36442631599298 3.4981508759024 3.63881020507142 3.70123321119921 3.78654224588011 3.5272965362892 3.44662992676773 3.20675670723995 3.13113163968157 3.34851729903824 3.53909920321886 3.27930129303395 3.30109735768042 3.48523151069653 3.89978029209852 4.09659168967835 3.99132799174915 3.93510565290407 3.88358094232892 3.62343014700926 3.44475253355628 3.58734099542697 4.12532466279797 4.14922676002159 4.3138180377614 4.54945675193349 4.28114095043509 3.88475011592031 3.35844849154451 3.15504767333917 3.07216726700393 3.17104728880271 3.24795112114228 3.14419692767872 3.02136013875834 2.92369642228303 2.92753041944338 2.85654475660623 2.8042911742337
3.45488797452374 3.33061837358545 3.19551211131994 3.2667549423591 3.44950453716679 3.55623962671616 3.51256948769304 3.50464922978182 3.38710470499672 3.45439977562568 3.58900166405735 3.72009387568472 3.83119578369934 3.68893864901825 3.42917002662719 3.35773665934002 3.19845170539305 3.24856865942149 3.52439528395821 3.39593821155245 3.41415547503285 3.65233860584306 4.04242959214702 4.18668852299163 4.12052717250205 3.99558097332074 3.98938598911122 3.88606313854977 3.87311849402535 4.0678513150006 4.28670298346653 4.38085309427581 4.60428097572886 4.76968759036064 4.4136518775658 3.93689502856321 3.61490330909771 3.43078358341156 3.29723857468932 3.25213470845722 3.30930615583478 3.15452319991293 3.10118748586892 3.06592659504543 3.03864226809146 2.92574035579938 2.83014829465755
3.4642457876564 3.34267986853526 3.24210047751283 3.34222887865542 3.44176416811658 3.60469690062253 3.61008398112499 3.48177650692016 3.33407629858816 3.48612451015542 3.46795818809574 3.77269424388582 3.96378265979289 3.73411835911678 3.40649530892215 3.43768036159205 3.4030827377898 3.4955989416319 3.61329948440981 3.79506782899374 3.65804916533556 3.67877012652456 4.24475858173669 4.54484597509634 4.44766355519289 4.17983151397246 4.01569847493193 3.95864455538999 4.02187241708035 4.3948631427834 4.29309222426503 4.5073218007829 4.67311831639365 4.65215552685895 4.52413506723208 4.1693959883792 3.8178711351242 3.68020128775659 3.9711349117586 3.53719090441506 3.6272095054863 3.21348649682496 3.16827498662455 3.17120914200241 3.17311414919408 3.04811005515499 2.95995346144317
3.45343609142054 3.31650233784828 3.57629048064402 3.40018821712021 3.52672630090013 3.69485445188713 3.68718319685598 3.52967435997909 3.32256230873557 3.50394359009931 3.63347898351256 3.66916713818493 3.90509959729085 3.77395111527856 3.67897515578443 3.42956604573613 3.40345708468341 3.50580093901023 3.95102702201507 4.0285250736229 3.88668280000203 3.73582043927038 4.23220965559604 4.77968949810039 4.86284292717525 4.56788800834369 4.21321284974995 4.13097378828587 4.32883015337331 4.69800803335574 4.62284307551519 4.50732021625146 4.52554147324469 4.41333611803286 4.67231868806263 4.22263853835106 3.95873364755156 3.71255876718704 4.09367826588303 4.13679377281532 3.5918403322646 3.37090172929661 3.38567244291703 3.27024615542121 3.06388002358399 2.88471579415245 2.89878985629595
3.56955454716542 3.3169645569125 3.65752689923061 3.54985935549415 3.72567311962183 3.72611569431088 3.61031581591718 3.398713504308 3.34045096723128 3.52679302581742 3.71689500876938 3.84254801047467 4.00706141961494 4.03504206325821 3.8300340339966 3.60165543617695 3.57206448605377 3.58116423914854 3.93794227062716 4.26866125799473 4.00021676719154 4.08338808198685 4.41606993684731 4.83893567121415 4.86179447571957 4.81257662609563 4.50417519057211 4.14674010273851 4.56110532738414 4.77005616861616 5.04865525811849 4.87775820620615 4.55114994369212 4.41724561186187 4.58991403322449 4.22878442632962 3.83568234230394 3.90122864616201 4.0691127004528 4.22106167213575 4.04350901063229 3.46791330266283 3.55921985732998 3.35583184733068 3.01824345198441 3.11772186180414 3.15460077421361
3.75220920941836 3.55488409966916 3.78249282931524 3.82501199637906 3.72621944524368 3.5438295687206 3.46205608699061 3.336018227193 3.36645045142451 3.49760994599484 3.76309364748693 3.90994794294013 4.12105122869932 4.05945422799741 3.92093287944799 3.85318099320705 3.87863706036963 3.92505662250109 4.38506428962149 4.41954389123559 4.16354071907873 4.5410798366467 4.53437904208789 4.99342393890795 5.03900895948542 4.83091357142679 4.54885690797317 4.37382800118856 4.54801865375624 4.65509824417645 5.00100839849837 5.02275971836932 4.66309303302078 4.33384439258658 4.21910198630252 4.17025719500724 4.0384047967091 3.97616538723684 3.9827101903016 4.10833910198474 4.16258929328957 4.0557262602901 3.61023309592823 3.34739644826917 3.271087188855 3.35679231322082 3.21240540908413
3.84270775051948 3.77743480643528 4.01833671961059 3.86718241941628 3.55529647304977 3.4175851826677 3.39663501366654 3.50167219040801 3.47848813653094 3.32361719675753 3.67928624080249 3.89664273266749 4.05861425605374 4.24248279851461 4.00016693907329 4.12735556547159 4.35902343101674 4.26419828670644 4.70090218559327 4.66266735775792 4.51309283318116 4.75976869575376 5.05404029594237 5.3629449350317 5.17177952783934 4.82585543154549 4.77975290187804 4.94635358972598 4.86153483893025 5.11928885270809 5.05491583750936 5.18793535316746 4.88287544632564 4.50676017959748 4.39077118155866 4.32417908510916 4.2321399766895 4.17988327526965 4.28667124760687 4.0971088610819 4.26556918286587 4.23920662434579 4.08921349524776 3.79664599883945 3.53682052207055 3.51963206908943 3.38488028779241
4.23953501078459 4.03417742042341 3.83184551304225 3.85814603404885 3.76615746275921 3.6523338093987 3.60739816746069 3.7197429584892 3.63539545687943 3.39269201565342 3.49452304260855 3.59941948986799 4.12484538327892 4.58381886263295 4.3897616232041 4.29010360627812 4.33478868023562 4.48780043615904 4.89262783440869 4.95742946231634 4.82657782528935 5.12481902695693 5.61353997207147 5.31153375151544 5.24600985768516 5.218512908166 5.2560287781238 5.38238515914971 5.45827179518917 5.45015252183151 5.63523671611916 5.6334653018388 4.96384221748842 4.76401388213774 4.76877847347548 4.52470238046914 4.30805169435066 4.39185930045024 4.52483660889363 4.36220764754835 4.45239936201785 4.45433929030972 4.18904324405308 3.98841042986923 3.74754940097363 3.62980042763925 3.49467558950986
4.60811586073605 4.62134010714323 4.3729519036925 4.39823432962253 4.27976674689437 4.20903192943482 4.12365677292349 4.30120989239336 3.98934731879841 4.07638452183433 4.23555111055245 4.24284223409196 4.2388455757762 4.65721786394036 4.92012459488848 4.66546487652234 4.28851398127729 4.62551766702654 5.04180309658689 5.56723363985243 5.60820381427806 5.7954666400579 6.30679396709028 6.21865707388624 5.93017217117274 5.98736730205588 5.96577400572073 6.08740617227179 5.94242434652226 5.96198301989352 6.20589919295086 5.77160047096297 5.32965922967498 5.24895904850649 5.4036403099714 5.06418401305395 4.80536967884045 5.04237020842933 4.92492208234405 4.60566742405083 4.79015362779996 4.7649411877284 4.38884158549141 4.60075756120956 4.18800043112363 3.70552743736492 3.47332353373552
5.41929371221222 5.82046407164141 5.43868467435436 4.99454441344945 5.2272293150407 5.29835975022146 5.23535662096116 4.97918054383798 4.89846190142179 5.01997965419302 5.08018359867609 5.10874210562252 5.12741223211792 5.23755901005977 5.05433188726919 4.98449453545583 4.54869360832737 4.42601766431909 4.89453418334161 5.7781427994906 6.71042545644103 7.00183147715201 7.33479692205687 7.16351379470083 6.87814267338256 6.93456405130419 7.20947475984829 6.99213214035553 7.17057588025323 7.07406588605882 6.97052968964554 6.67828637173854 6.32352314505891 5.88175645534496 6.05781416047357 5.66131879596925 5.47293094694041 5.97006484987734 5.90267036707081 5.85254380677077 5.16593481189897 5.06724155139877 5.08767960849295 5.0626523522699 4.59386815360406 3.77676062429254 3.69429083395695
6.37708299933043 7.75609165023329 6.33705046114249 5.22007207142156 5.02838674189024 5.42489114258602 6.07450575422264 5.90615479390814 5.85511368926635 5.72833395564978 5.90195586114414 6.06956358837077 5.97695905978087 5.46393848793248 4.80024462025745 4.59387585672189 4.61790180731944 4.44580862018544 4.93340542995196 5.55699953115156 6.73518178874887 7.78750069150245 7.81308006408409 7.79340943342143 7.7585784230582 7.97484710906502 7.42618898035201 6.75054410344933 7.04336559412839 7.11284919452396 7.04379688325603 6.96113770312186 7.05655755358044 6.84724026957726 6.87184627369689 6.46245394154541 6.21929183787697 6.36096072068075 6.5948865642114 6.53004155432832 6.31212911876698 6.79422032612494 5.85738672298082 5.26563876320708 4.5994802332025 4.09400209645416 4.02559268724811
