data/derived/r_cv_scmd_1000.asc
NCOLS 186 
NROWS 74 
XLLCORNER 443300.206538099 
YLLCORNER 4085841.77455235 
CELLSIZE 500 
NODATA_value -9999 
[rows 21 to 41 of 74, columns 48 to 95 of 186]
-9999 -9999 -9999 -9999 -9999 -9999 -9999 -9999 -9999 29.6397764550546 13.7950438393968 15.7416007477719 14.7890722848283 14.3527037923916 15.5562519390911 16.132806341824 13.5115774074285 12.5175023139898 12.5138652282024 15.4111598659791 14.1577800354923 14.1365399559895 14.9163470539656 19.0103975595702 23.3365352686082 29.4893245546657 20.1186280805469 21.7915587392336 21.639944915674 36.2406796117177 41.2735036033027 37.0797636751827 28.4109286262729 19.6144479669178 20.7132446251503 22.0756536448074 18.3396413659961 17.4630328870387 25.4140521772126 22.9187962232529 22.1712625118221 20.7236113282149 16.080212233074 14.042602290856 17.0316752598276 15.299942784268 16.3776037212338 24.6439839953451
-9999 -9999 -9999 -9999 -9999 -9999 -9999 -9999 -9999 34.476654456542 29.8863380928579 20.0656298979976 13.3431852274877 12.1534884960733 13.3957901585211 12.7774595038129 11.020376758374 11.7524745613928 15.1120479816511 14.9152101449032 19.4753678111789 23.9768767066021 24.2612494498752 24.6585621564117 28.0676383902796 30.5757904934837 29.0227481487552 32.8789619385241 35.8277087568847 39.4194421808276 34.0618961166795 36.4127992041519 28.4062416976182 20.4337498043927 18.7976299622731 32.6348755910197 16.4780443435496 16.3984320507027 17.9519660717077 17.1805037936699 18.9219966716506 18.1136197086378 17.8472250650215 11.1992035791275 15.227103379115 16.0557984964566 23.9175127390622 24.1552260623284
-9999 -9999 -9999 -9999 -9999 -9999 -9999 -9999 -9999 -9999 13.1716738646623 12.6830162993193 12.0363198957377 26.3042480271998 25.92559145037 12.3320543084684 11.593043389164 11.6951713771502 26.0174234276975 25.0891606490642 24.3522532068931 24.067081624261 27.728581896925 29.9677360306481 30.7522386115386 29.9535662389352 31.1831754478908 31.367268499036 38.0037750295748 40.4982062543882 34.0392007999545 38.8139840811535 26.692384318088 15.0935783309443 17.6388699456635 16.0528520310657 14.4800647855965 17.4314256380202 16.6741834213621 16.5574614199112 17.1181806509674 18.1136197086378 16.4633664702486 11.7089622056221 11.5453972563989 13.8303732309548 16.2646528252318 16.5287136422829
-9999 -9999 -9999 -9999 -9999 40.054537284824 35.7010402102172 35.2273132005484 26.9802632328908 -9999 25.007579247509 24.6902001455784 18.4977293416503 11.7862682238802 12.6857421920602 20.886726388927 17.6859346352238 18.7463352832439 24.2681800482633 23.935645354129 23.9042980836252 23.8165967874039 26.1347026514412 28.4229146287682 28.9830451553419 25.9551799436315 18.9051698919316 27.6883795076948 27.7675654610927 39.6835042798932 37.3051902071291 31.5045221383007 34.8259296216444 21.2696429901467 15.7526421473554 14.5369562409773 13.5232885105049 17.6405504774562 19.3445819036323 18.9956326855574 15.5553015487991 19.2568240601322 17.4040311589076 13.965011459147 12.0721780050107 17.336559542853 20.5136163476084 24.4735427777633
-9999 -9999 -9999 -9999 48.1842608423423 50.8703158965963 43.7920452119149 36.6028801264468 26.7116093743568 25.6359564153512 25.0885315380854 29.9207106795197 23.9076580725809 13.5173312217531 23.4586725646952 23.5975664986002 23.2423140344907 22.9741453529392 23.3499380876086 23.7980614401935 23.4020292801749 23.5812900505791 24.057163670564 26.0677745696497 26.4250012749422 27.262855213704 19.4850610747253 28.0247268421615 34.2007614776521 37.8371666139827 36.6639295887249 38.4351542777522 37.5660344563775 15.4268009084293 21.1054785332471 14.1476368561537 22.204755391503 30.0729211399993 29.8344327355056 17.3802393185519 17.8004556591371 18.5546783225598 17.0245929757287 16.6287064224657 16.4605853596717 16.6095228092714 17.6601576013147 21.5923074776361
50.6280328634128 58.0033639532823 68.1371889978554 68.3688786631465 51.0374362333651 58.4162696064887 38.4318152481036 30.0387670458789 29.8445447564967 27.3500437775586 33.2192559767293 31.596037534399 24.1052607357612 23.8629027528203 23.3006120490478 22.9434284045972 22.5464379072847 22.5414895129612 22.4611316348907 22.3724832240791 22.8502479514694 22.6794750820993 23.2189150884864 24.7140444327008 26.3796253040363 16.283300748705 18.5142362607291 32.6100710657074 32.7799095053582 33.8732276572477 33.8480674049199 35.9969105185464 29.1525459431733 14.5705190624133 14.6574771067785 17.4670558220208 14.644357050704 30.858773159495 29.4098636287032 28.428285542336 17.6898125143659 17.7956250179658 17.2934381818758 19.9661625895739 19.6901755859859 18.0059985540127 25.3760330061229 26.9541317795696
35.5029723504263 35.0733759071897 32.7815271703618 44.9775752055419 50.081153014329 38.640177379978 38.0346443904357 33.1604371379273 39.6397387793474 30.6169982285298 33.8933326877314 26.2896040216003 24.2066999675301 23.5213590113888 23.3854897577584 23.1255323991408 22.240296832907 21.961010137581 21.4914332798196 21.7053392413052 21.7710485235955 21.8270808464418 22.0827036240956 23.4548376131049 25.0215411912306 14.9543277006591 16.9178178753908 17.5023956668732 27.9843351043442 33.9223357660158 36.4026981662752 37.9021182415198 28.8848583021735 28.5289056876943 15.5151046438688 15.9683377411324 13.7436951024066 17.7028633605476 28.3252509315231 26.8905716900799 17.4226984789718 30.0007516009473 16.0569593329789 17.0089675713494 16.3885210063826 10.7874517499747 18.0282345593217 27.1940190705588
26.2518992197031 20.7826719314033 18.6233467651515 19.6611603221338 37.6838379576792 35.3549733619418 32.5356885227538 29.3640793141852 34.3370450072757 27.8523463459153 20.3352542375236 25.3498308643918 25.1145810802949 23.4393161678146 23.1255323991408 22.5943435637468 22.1202055937686 21.6173485071584 20.4150342656121 20.1738688267103 21.3784996700244 21.6828807678612 15.2609210421225 15.3082412903577 14.5984492876819 14.9163470539656 15.9080628995959 15.8389042121645 16.1343547639013 15.1346958197523 29.815622146934 29.6550744760256 36.5578117023188 35.3617029413641 27.2722567410178 18.1893160510645 18.7406136809546 20.0627879999109 19.2474260675314 16.7637504805238 17.7865096358882 17.0288646648011 26.7619258834602 16.821114936065 14.0847009771024 26.1809990993936 18.0163417587648 17.9022219705311
14.3122294289478 14.3397950526964 13.5796845901806 15.1955543849867 18.7585640824414 14.1464640906222 31.3942493444114 29.2703480686849 32.3092028809113 26.0593289463205 26.795720637893 24.2752653814032 24.3811713290798 23.3761663943133 23.3769120230378 22.5673768823945 22.0334350496497 21.6747266158224 14.2258952975201 20.262698997981 20.272566336836 22.1202055937686 15.1064714887634 15.3859128422591 15.683132977087 15.609756097561 14.8009612022865 16.3703010639975 14.8329015675002 14.8140062010154 14.7622616585576 15.3949714122082 17.0913364763425 16.5163437145663 14.4669865965789 17.2666217306194 18.4403773871872 24.9169194128176 24.4721061266755 16.2669870532152 26.2458366879077 15.8206188225426 15.9965857533676 27.7848801341894 24.1817379250072 23.9498725475877 25.4825021301375 25.582447892608
14.7430693787738 15.2244304534107 16.4018418431576 13.2117919868783 19.4265628676044 20.4380118573272 33.5526766137884 31.1772257461665 31.0725593975896 24.5339292670484 24.6688469725242 23.3017371110947 22.6422028019475 22.6950080971557 23.2657528585596 22.2833090993206 21.9658066465379 21.4914332798196 15.0947666457489 15.1393484617757 14.768578653351 15.0082666426609 14.7419162369064 15.460776825465 14.6231924220678 15.4672290078329 14.9640128609512 15.5907792297293 14.7472206117329 15.5632582600147 15.3501691195793 16.6854368335544 16.6730998890604 16.1852859143623 14.7428794816247 15.0728539874751 17.0003823486311 24.3169212744778 22.6670102673264 15.83770322444 16.3229010841121 27.7866613328482 12.2774146216161 11.8729609705866 22.5428178965347 22.8747765525855 24.4548737910956 30.4062394532239
12.9901354618808 12.956690612245 15.2244304534107 16.930914545692 19.1841695057547 25.6137126489509 39.0047873504308 35.703199394408 32.7758681027295 25.690525620972 23.9135998435259 23.1117611382296 22.0160299711284 22.0054720980535 24.6621647686418 22.0277142580729 21.9787575244321 21.3679140077149 14.7388446077568 15.1677093292181 14.0552712421209 14.7587530384749 14.2927287305855 14.8254813527452 14.1762037643879 15.8733722834574 15.3624599083196 12.8502443334913 13.1410293937396 14.8447382783062 15.916494934237 15.83770322444 15.916494934237 15.0728539874751 14.7428794816247 12.656270544039 13.2784523542626 12.8646645282615 22.4032042842632 15.9533588541374 15.9418004214604 15.5684154867205 12.5578127397447 22.1239232192492 22.173491135894 24.1887197374449 24.422977057128 25.4188503479336
14.7114658879086 14.0776797653714 13.422199198412 16.7888460579833 18.0351784269802 23.5740588228846 26.0590222653125 26.1129731516515 18.0024316942394 18.1831750066703 25.0515824296102 22.944044350422 22.0836706419436 21.7260574153437 23.740103714441 21.6371134286837 21.4258908448771 19.9332440824252 14.722546054585 14.8138653554365 14.4339371924416 14.4375609034432 14.5027631231036 15.2902741177928 14.3677833056674 14.3697619383199 13.9449992037066 13.1337883498712 14.2273796599394 11.7265164795882 10.8869375643796 11.6660722055985 14.1159854450184 14.227035420323 14.1573062942596 12.879021397287 12.9352475286187 13.1190248693592 12.7716713639145 12.7019737863742 13.422199198412 13.3704535814297 11.1608073567506 23.3872433050795 23.8269874018685 23.9279038491336 23.4291090647742 23.1918296831183
14.1577800354923 15.4881418142059 15.8877696567894 18.6084795866984 14.3663657585435 20.3049437222433 23.7984922396498 21.5005769385421 17.0806323859533 15.3964547562548 25.3791895693835 24.2609637910359 23.914621691696 21.3763393920434 24.0830561893643 21.3141257500452 21.2575827413574 16.3456420405995 16.4019795292377 16.0805938355516 14.789491860649 16.1981628311057 16.0193841752148 14.5657305242463 14.4632346041943 15.2187133785211 15.1989478436538 14.6719187529085 14.3716656398421 13.0015561699839 11.9196975002112 12.7886244570806 12.5673860024018 12.5673860024018 12.6309931173871 21.7604169606926 21.8147889600425 12.876234743512 13.1975002439447 13.7716809361462 13.6769753678084 13.6769753678084 11.6348622395381 11.3011457525773 11.6348622395381 11.8337726780956 11.7694513092674 11.0564399537311
14.0961462853018 14.9163470539656 15.8877696567894 18.5107416783008 17.9693160917933 17.2197612759288 20.3535306624149 36.2773977687095 16.853482314357 15.2275074394449 26.1416798197575 23.9762498828299 23.5670774202052 21.8366605558278 20.0887758482485 16.3541327739393 15.9880423737922 16.6885344129697 16.220072303984 15.7994484564754 17.1796827815543 16.9760440230079 17.0283755091928 15.0716311382447 14.4041778087753 14.6468848990205 14.691171002684 14.6231924220678 14.1934814269099 14.3588871962193 13.8500368018131 13.4971740957717 13.9855496326461 13.4242447050371 21.4306740661204 21.4293789602734 21.1660876982856 13.0450615292637 12.9810748736619 13.134741767515 13.0378050790842 13.2370117917198 12.9250093914316 13.1975002439447 12.9480193414418 12.6701922308495 11.8337726780956 11.8805612029693
12.9912109953744 12.7260418985265 15.8436547006113 14.618778958288 13.581681478141 13.1475317207375 19.7435584631817 35.2636224571377 40.5122553913475 35.9251085361724 25.7958660023393 23.2377629635955 23.5862136876342 22.1269563227676 15.3318700821266 15.4283811975934 15.9450351825629 15.9095691356348 16.0859301534398 15.5536262234809 15.4938427070351 16.5938920113745 14.9517378033646 14.9393883304092 15.1862416352387 14.7749235259905 14.5534868086094 14.5561076154841 14.1791950929518 13.8111904601498 13.9681008200162 13.8409713969799 13.9928359405803 13.7627719747618 14.8403237154921 14.7568410839215 14.0111038590113 14.6942093776588 13.750633553964 13.3222890555897 13.0378050790842 13.0352454086038 12.9024682877894 13.2370117917198 13.1337883498712 12.8417366910391 12.6305045789535 12.6305045789535
13.8216618497371 13.7433850224798 13.1628019473205 13.771563983601 18.0948511941599 19.7056411266293 17.9729887947034 37.5245040803216 36.6941652945091 37.9985883055116 33.278616473223 24.76002026758 16.6525735026764 16.0675736972861 15.0924185437232 15.4510213781929 15.5775181608231 15.4805341705475 15.5426101852202 15.1755742565121 15.7659350133086 15.9294278273638 15.092924135705 15.0333852257477 15.3598783458938 14.4503525172825 14.936829426781 22.1251518507439 22.5929496410534 22.4113529596789 13.9681008200162 13.8820668244606 13.6765464028731 13.8986434671471 13.8500368018131 13.79549629841 13.4975928032527 13.7419469228854 13.3222890555897 12.1276945464137 12.4216164147319 13.1178854436875 12.940983348602 13.0914410490228 12.6271252609156 12.5673860024018 12.5673860024018 12.2218038451191
16.1981628311057 14.4761964254001 22.8815466850453 22.9204787957766 14.6797104184496 13.3222890555897 24.2618535123573 31.009631225398 31.7545606137779 31.009631225398 29.9184544435808 24.4658807556407 15.8408283508949 14.2564198301627 14.7498770157107 15.9095691356348 15.5590998544042 21.468233034574 23.2985188438974 15.8667910607672 16.7023945138184 16.1153010659087 15.8332962032157 14.9534116022971 14.8009612022865 14.4562055786643 14.8046926054643 22.4016475259143 22.6479405704909 22.6007740074928 13.4090109193398 13.6999789226088 13.6302624075784 13.2362955589212 13.2571498944797 13.1841566315264 12.6447564843416 12.9096987598375 12.5222372742503 12.2638298104917 12.8578559870739 13.1242322796192 12.5237635992692 12.5760135918936 12.2207251819596 11.8211884885903 11.8701819914458 12.3826801127019
15.7966465985779 18.5959757156072 21.7285331947608 22.0971967301735 22.7447836895224 23.0023733342072 23.8928359762318 24.7190645090607 24.87934536742 24.7498059914078 23.520601255192 16.2559004833708 14.6147617138667 14.7426160956843 14.6415308181693 14.7606921132358 16.1108058609776 15.6974627618263 15.6224762612701 16.9408799611729 17.1191626986996 16.8731637460905 16.5530855753119 15.931704208365 15.9282140213754 15.486147082122 14.324301900026 18.5815038099644 22.6982348014919 22.6182359215364 13.4436406275258 13.532421051433 13.3222890555897 13.3073973015701 13.1410293937396 12.9250093914316 11.8082960141195 11.8805612029693 11.9196975002112 11.649012314195 13.1403720677563 14.0862395737372 25.2353390297919 24.5906963122877 12.1029798522251 12.2817761550595 12.7200110982393 12.2774146216161
16.2859458775779 21.4215437759112 22.0277142580729 21.7929747093036 22.0836706419436 23.0423453931111 23.1390416297112 22.6333074555844 22.8648881578499 23.1151875877059 15.288264279023 15.2290519984655 15.2696325807693 15.510583075807 15.0112703107516 14.7506736855877 15.5536262234809 16.7967547605618 16.251533123994 16.2488968768321 16.243654822335 16.524408419583 17.2446863999634 16.2379968134061 16.0115914782262 16.0076569781416 14.4562055786643 22.5396859796649 22.1731085761397 13.5324622490295 13.5613785360775 13.134741767515 12.8259114719315 11.8805612029693 13.2404112243231 12.2128666308149 11.6958334896492 11.297199379881 11.6348622395381 11.6549181908899 12.61620064618 13.2819393109458 26.2714239761915 25.8213565237404 12.2768333518532 26.8547450096017 27.9296004089636 17.6697316234342
15.0793110308115 19.7726166338223 19.9046377100683 19.9725359475292 20.4129206645782 20.7499611921111 20.6902267301795 20.9015776415896 21.0710807459628 14.7317284610842 15.5557994973769 15.8107283721026 17.0746919997179 17.0707212798758 15.6538820448177 15.3974482212166 15.8627912873595 14.9402380263701 15.3441463047759 15.0185983754689 16.2867407862017 17.3028536642012 18.0369707747059 14.1655579874379 15.8397414848547 16.2327869274358 14.9111630896547 13.4155462174085 13.9593433351074 13.0046389992549 13.3783732331764 13.1975002439447 12.0997204616497 11.8805612029693 12.280328555292 11.7942217606076 11.2603119028347 11.2284998956847 11.2964294684255 11.6549181908899 11.7585153669603 19.2887455171513 24.7554277772826 14.542613949661 13.875395966881 27.0274065916085 18.4270764301924 17.5788172962918
19.4039657254789 15.4018701720789 19.9411733452214 20.9443407716475 21.2993205820461 21.4635246979429 20.0351936012939 20.1264190705045 20.381612560421 15.8024216894744 15.3005659775981 14.8819949762914 16.8687002567191 14.8609770389554 15.3014548798938 14.8627800976738 15.6567335581086 14.9517378033646 15.8733722834574 14.6015898020446 14.9190527757318 13.4846225897416 15.2206146860212 13.1755163002768 14.3359407868418 14.9449632739496 13.2178461111071 13.0249443906021 13.7057987510283 13.192829602991 12.9401422426914 13.0352454086038 11.9747558224363 11.6414290823306 11.6951713771502 11.5024968548022 12.2267009694982 11.6753424807488 11.8298331250616 12.05196859949 12.4455439612769 14.0404484167188 15.2074821755502 14.3409235544556 17.5379131394734 30.8364403900972 30.7967072933039 19.662135353057
