data/derived/r_cv_pre.asc
NCOLS 191 
NROWS 93 
XLLCORNER 442474.332677425 
YLLCORNER 4080120.41147431 
CELLSIZE 500 
NODATA_value -9999 
[rows 42 to 62 of 93, columns 0 to 46 of 191]
-9999 -9999 -9999 -9999 -9999 -9999 -9999 -9999 -9999 -9999 -9999 -9999 -9999 -9999 -9999 -9999 34.2995966255587 34.2638718166621 34.4278595228832 -9999 -9999 -9999 34.2714825802865 34.4028232965975 34.4240946390456 34.4592265975277 34.4547326273151 34.3488674035801 34.2506234375203 34.2044809295402 34.3198478304827 34.3464981709493 34.4316209669492 34.3994769654922 34.441935832754 34.5061175134936 34.4290147221133 34.3202187268304 34.4885721870408 35.3341402263424 35.3869195432346 35.1773382445975 35.3092116087081 35.3923540043156 35.6058783887834 35.9007042503684 36.1171399037103
-9999 -9999 -9999 -9999 -9999 -9999 -9999 -9999 -9999 -9999 -9999 -9999 -9999 -9999 -9999 -9999 34.2569402097128 34.3658168212494 34.2243072919603 34.3352439584731 -9999 -9999 -9999 34.1086131085507 34.3245664120129 34.3418244399663 34.1670808377924 34.0024378909211 33.967851896972 33.962479251782 33.9709102020904 33.9874199934796 34.1673663024493 34.3468870722571 34.4074977253779 34.5391897923035 34.4807491000651 34.3448454874213 34.4996056445142 35.3861832102324 35.5507145230726 35.3396921047202 35.5100472231779 35.6459005611957 35.7439897866759 35.8663004406791 36.1840173287924
-9999 -9999 -9999 -9999 -9999 -9999 -9999 -9999 -9999 -9999 -9999 -9999 -9999 -9999 -9999 -9999 34.383234082886 34.5098424543162 34.3962612726597 34.3640794853209 34.4720396611153 -9999 34.2951226669316 34.2930632544349 34.1575027312512 34.1005291396809 34.1128254763011 34.0769540824916 34.0360073549479 34.1317810704077 34.0367568040783 33.8802388019175 33.974749898034 34.2234560814219 34.5517198290605 34.6076052628482 34.593855951684 34.5849779645245 35.2572856887523 35.4402133548935 35.2980946742652 35.4572798949106 35.6442403311838 35.727318592072 35.8610251318582 35.9690556687771 36.2776404399196
-9999 -9999 -9999 -9999 -9999 -9999 -9999 -9999 -9999 -9999 -9999 -9999 -9999 -9999 -9999 -9999 -9999 34.5378045197791 34.5294088677198 34.4506050336092 34.1752749872488 34.0134570259593 34.2296886087432 34.2624380618795 34.2045601864699 34.1284626209121 34.0883738477109 34.0500253588393 34.060993907488 34.2195895741123 34.1621220939724 33.9391907156826 33.9441555747695 34.2690272082606 34.4273679145696 34.5930105388871 34.6488218139174 35.1044682062145 35.2250486518232 35.2856414041829 35.4160565736867 35.5900562096426 35.7281530497339 35.8619530765238 35.9979414599569 36.1280197508837 36.2492604587434
-9999 -9999 -9999 -9999 -9999 -9999 -9999 -9999 -9999 -9999 -9999 -9999 -9999 -9999 -9999 -9999 -9999 34.5858658483615 34.5010023446263 34.4326974855471 34.1044791117887 33.9270472997649 33.92430693941 33.9154043015419 34.1591863118173 34.0595561361785 33.9969585031157 33.8700940575775 33.9418537176315 33.9525628821858 33.8615806311673 33.8835768801513 33.9546703548904 34.1298033636152 34.1533923833222 34.1661673883314 34.6520974934726 34.9019544638397 35.2096954666001 35.1595766359262 35.2780043596783 35.5700208270353 35.7959930675776 36.0129478034003 36.1415235795319 36.2357502872109 36.3458551187381
-9999 -9999 -9999 -9999 33.1727268751532 -9999 -9999 -9999 -9999 -9999 -9999 -9999 -9999 -9999 -9999 -9999 -9999 34.4939351786766 34.3625899771571 34.2963620850951 34.2648365847722 34.2162910716192 33.8246148985664 33.5911635454677 33.4928890159631 33.3922109028687 33.5476974673189 33.5814946663001 33.663356396081 33.6804719803416 33.712573020899 33.7991624616652 33.9394436639706 33.7919653921458 33.8246407236107 34.3480625415464 34.5439390061951 34.6822697415205 34.9067679438275 35.0869483729461 35.2318741865337 35.3872728591549 35.7523910197807 35.9623179107959 36.2189961639116 36.3875971281314 36.4474700340624
-9999 -9999 -9999 -9999 -9999 -9999 -9999 33.2866516798526 33.4054793587961 -9999 -9999 -9999 -9999 -9999 34.2429861285084 34.3444972438061 34.4374922803996 34.4854627129757 34.5657284123679 34.5366682028956 34.5023291171159 34.3832224325466 34.2087729210956 33.8583791823815 33.5158602935608 33.4264224871009 33.2423043478767 33.215298574108 33.5203056591897 33.5814390551498 33.5992215003334 33.4273188371486 33.4639110173211 33.6256856868333 34.1659602402891 34.4200072912331 34.6402798476575 34.8465094771178 34.9919584177843 35.1990372514175 35.3683124894699 35.4844073181659 35.6697641222341 35.9956016576133 36.210206309139 36.4537162157051 36.5514350410366
-9999 -9999 -9999 -9999 -9999 33.3817568135908 -9999 -9999 -9999 33.468394046754 -9999 -9999 33.8807977854741 34.1330574378839 34.2449866068804 34.3435720364808 34.4333967539495 34.4942045990101 34.65674743853 34.8103105264673 34.6907376783359 34.4460497301802 34.2758459015165 34.045881955616 33.63731551835 33.6708784890129 33.4534974427295 33.3075864631687 33.1043539053054 33.2072740644541 33.2141608880863 33.4561191371169 33.7111733339244 33.9237782759312 34.1728659227251 34.455665958942 34.7305391440668 34.9567779110288 35.1503467189967 35.3654050953513 35.6029608424077 35.7399106530641 35.8296244921205 36.0211651536297 36.137770522048 36.3454023790795 36.5295330894563
-9999 -9999 -9999 33.3635933529777 33.4941102839522 33.5129873525386 33.6610457555482 33.7654491377123 33.6646925538216 33.7529693565529 33.7725542261796 33.8440414447654 34.0116905180124 34.0588913223292 34.2639807139582 34.3615128653312 34.4003065101438 34.4669599686204 34.5610540957599 34.6182930164275 34.6960376304254 34.5455705510544 34.3449125365442 34.2530611110679 33.9472619010917 33.9090922420947 33.752777766053 33.4240789121042 33.135198652437 33.2920770573778 33.3582649578074 33.6017973369673 33.8104807226897 34.0107804140365 34.2174550577509 34.4166629152728 34.6824942443781 34.8420176418348 35.1083316398967 35.4262702425859 35.7732352363803 35.9127206639948 36.0597282832095 36.2612072805177 36.3676993127252 36.5409901010737 36.6495845679282
-9999 33.3865492311602 33.6138917110737 33.6723225119233 33.8709802043966 33.6166699425067 33.7719013652308 34.1322711416446 34.1473166645275 34.1980626583588 34.141662068032 34.1387552454199 34.1240939360521 34.1069689314881 34.2622890204576 34.4024109288369 34.4631272565136 34.4564736079592 34.5461841972662 34.526326625356 34.5252335751044 34.458713314687 34.2620861978276 34.1322444291936 33.7198893321054 33.5844840117428 33.4482571983816 33.3664596844414 33.333717493662 33.3972938300997 33.5199217862731 33.7393006978822 33.8530696574103 33.8884117546254 34.0033012833662 33.9099417325795 34.4269407626937 34.8316405941519 35.0081865814968 35.4412094639297 35.7598231392513 36.0375301776463 36.1922373568046 36.4663593740115 36.5568056633632 36.7754993549666 36.89962472031
-9999 -9999 33.4674971856413 33.6342921729546 33.7027749455941 33.9515262395797 33.8530410561495 34.1183141638631 34.1909459283738 34.2128440815754 34.3083139503901 34.4071083756713 34.1785194008403 34.2590583963264 34.3364111157468 34.3991754464455 34.5055623917298 34.6157525576571 34.3935678915506 34.335364080683 34.2021274987368 34.1641852669652 34.170739756291 33.9175087733984 33.5498726795887 33.5463400757038 33.3391868550523 33.1854405211143 33.2932293488483 33.3912096524508 33.5098711292951 33.4752678382612 33.4293695024398 33.3983204149673 33.5179553034226 33.9093650543691 34.5262884023412 34.9296431958728 35.1404605205646 35.4337893480499 35.8710548005106 36.1514398335099 36.3919713060002 36.6219802477538 36.7599362082886 36.9974771780298 37.1788657221746
-9999 -9999 -9999 33.3374582168935 33.7477328219283 34.0142317948232 34.0007870185043 34.0718584021411 34.111437496079 34.3395326123053 34.5087534373481 34.4439072589878 34.2520899455633 34.4889637988947 34.4263033478195 34.3726277489152 34.5005289600204 34.3613629230487 34.2320735440565 34.1342920486208 34.2343865483625 33.930818221067 33.9319712321557 33.5662951472913 33.2628483314272 33.1452994396643 33.0256949119686 33.0963059207151 33.1564764883134 33.1722131908436 33.1393756304399 33.0631281058295 33.2555427073686 33.5447186288981 33.6399605050296 33.9539975602565 34.564670600139 35.0549090043455 35.253869156333 35.5340912170351 35.9041844852749 36.2975265676482 36.578372615839 36.8727077189579 37.0058631744185 37.1791194808437 37.2098355569594
-9999 -9999 -9999 -9999 33.4531801064522 33.8570521713914 34.0108189291918 33.7638873905071 34.0536350075304 34.369041820844 34.4564913817256 34.2078622528577 34.0857216487772 34.1628479641773 34.219146073865 34.5515840426856 34.4948625279799 34.1248847114021 33.979098116738 33.9161009321358 33.7555084910165 33.4996086197815 33.6346878283529 33.3359364054914 33.0494279835089 32.8125432484332 32.8197181871084 32.6176613918322 32.6615335229189 32.9066147808019 32.9650569959455 33.1822130292724 33.3354678083959 33.5585557977364 33.9729164312399 34.1801508972718 34.4713843010022 34.9470043739872 35.4279204138791 35.6871908580318 36.0516915878983 36.4381380310427 36.748137920958 36.8492876266076 37.0982867771366 37.2025058336536 37.2274549544592
-9999 -9999 -9999 -9999 -9999 33.4102905435977 33.5554616395609 33.6463712377987 34.0234399071572 34.0818969320141 34.1193323870632 33.9030156589622 34.1777125006266 34.0797858973197 34.2127939982099 34.3048987030103 34.3987320606569 34.2821151890056 33.7193686331676 33.8572548133371 33.446418697682 33.4977692462519 33.1541177312432 33.0797481695647 32.986304141634 32.8641330782817 33.0413416003299 33.0742568792826 33.0054570074211 33.218616079964 33.2904200469228 33.3878455873244 33.4626135754017 33.756124853094 33.9918554042497 34.3254027467555 34.6084449862764 35.0637066942109 35.606636727804 35.8767368408204 36.1762827838678 36.6076730530045 36.7088495678929 36.9539752031452 37.1601885728805 37.220169010261 37.2932988441236
-9999 -9999 -9999 -9999 -9999 -9999 -9999 33.2163229260939 33.6180440114757 33.7199026466933 33.6110823423354 33.6514001333766 33.677668583464 33.7566691826965 34.1333326091122 34.2753046179252 34.233882671739 33.9404033256492 33.7226908063405 34.2191527078458 33.8289249665217 33.9639970486313 33.5534938686127 33.0907572138629 33.2471652087028 33.0933068714021 33.1179525672436 33.2694156655161 33.3841209896732 33.4883928790673 33.5488209726624 33.6372783293187 33.7772546267601 33.9662809011106 34.1856822741819 34.4757636850468 34.7910261348088 35.0541688101941 35.5744628611115 36.0717315268332 36.3704787296655 36.5199738845985 36.730467623558 37.0706233062628 37.2126055839279 37.2697047856897 37.3894495269599
-9999 -9999 -9999 -9999 -9999 -9999 -9999 -9999 33.1546332463648 33.2874431218754 33.1446926097181 33.2776910163549 33.3865242800608 33.5318170210004 33.8223197593661 34.1002248882186 33.905536885971 33.5042430114637 33.949722506722 33.8019973349538 33.5333406816402 33.7308412634106 33.6111232473746 33.241059330295 33.3843245692492 33.2903130738411 33.2585896321301 33.3884302018718 33.5256728885055 33.7078699037121 33.855614702475 33.9794000827321 34.1941946441393 34.2661122565702 34.368561000868 34.6594196479105 34.9650154231442 35.2154152894926 35.7428635403883 36.1090829315703 36.2762411185038 36.5448142801527 36.9284787755946 37.2201986529358 37.3100670431661 37.3932922981096 37.4737294275689
-9999 -9999 -9999 -9999 -9999 -9999 -9999 32.6294765997799 -9999 -9999 -9999 -9999 -9999 -9999 33.4640371377179 33.7712875195087 33.426576217793 33.6881984493194 34.2602888848904 34.3496207393594 33.641830385653 33.7308803776424 33.5282108586582 33.4306359406766 33.4902445130028 33.5839159121754 33.4217458016825 33.5011738901123 33.661810359887 33.8878121216369 34.1828880246839 34.2533883133284 34.3826464866683 34.5444938440282 34.6903511823398 34.9003769821455 35.195834873217 35.4391989562452 35.833787323452 36.0144246483343 36.3477600790491 36.7063889223624 37.0593154057596 37.2988882632572 37.3834492016665 37.5218371666371 37.6504470801534
-9999 -9999 -9999 -9999 -9999 32.6429745182527 32.6315879000254 32.6410770066172 32.669265541227 -9999 -9999 -9999 -9999 -9999 -9999 33.3602369571301 33.1584799281232 33.9857514551931 34.3051826011457 34.0987683549615 33.5702487469427 33.5774553138856 33.5625667426093 33.8126645001781 33.759813092778 33.8143982896626 33.7464824802273 33.6987240057504 33.8327506047787 34.0419462358291 34.3064417394745 34.3091119844363 34.477379398901 34.7107323327944 34.890909514794 35.1439078524381 35.4153687689951 35.6271409855873 35.742732413985 36.0401644688646 36.5089231475269 36.8719834494459 37.1874690224671 37.3929233484012 37.5032786404814 37.6115865493055 37.7398206462574
-9999 -9999 -9999 -9999 -9999 32.6323776808606 32.6345609716599 32.6401250975396 -9999 -9999 -9999 -9999 -9999 -9999 -9999 32.9854772115497 33.3126550087368 33.6179345908617 33.8805029897035 34.1068480215775 33.738658013668 33.7904453129722 33.7908082415933 33.9043878017998 33.8532543907219 33.8359026623536 33.8647492685214 33.886823271187 34.0124300198881 34.0837604660097 34.1835547258504 34.1750307159071 34.3884667756198 34.6703360518761 34.9511019960377 35.2498078507163 35.5062043752571 35.7847535668992 35.8704617641337 36.0612572379286 36.6820075946347 36.9999660420991 37.2491547577128 37.3986734912464 37.5608231623872 37.672198097925 37.8136403063962
-9999 -9999 -9999 -9999 -9999 -9999 32.6310283903794 32.6345670056007 -9999 -9999 -9999 -9999 -9999 -9999 -9999 -9999 -9999 33.7443537996981 34.1787687779025 34.5696242790999 34.1240866733241 34.0520186299402 33.9503647813005 33.9656640977555 33.9052699540389 33.9023246857162 33.7522855982522 33.8164889207244 33.9642317121503 34.0824099639466 34.1478869029406 34.2681692960171 34.6948315821487 35.1639046600037 35.4683046908383 35.7867319485675 35.9905279393801 35.9410463859164 35.7619147321203 36.1002984046897 36.6320563063715 37.040642628257 37.1883401504137 37.4354138055997 37.5961785320906 37.7719655389041 37.8990577441789
-9999 -9999 -9999 -9999 -9999 -9999 -9999 32.6306804681247 -9999 -9999 -9999 -9999 -9999 -9999 -9999 -9999 -9999 33.6906129032245 34.0556752168156 33.9045636980048 34.0919497074489 33.992886040834 33.9224072600231 33.7591315951851 33.7184400858739 33.5802525641265 34.1530204845751 34.0754497976051 34.3590410304091 34.5229580866081 34.6330274422726 34.7827439117483 35.4096366107848 35.6268994961557 35.8923771715714 36.0433445563203 36.030796239303 36.1237191322289 36.4946035626083 36.3360560065744 36.7571420039483 37.0381909919906 37.1772692334148 37.3408975424881 37.5685180074621 37.8292296746564 37.9603463470185
