data/derived/r_cv_pre_snow_per.asc
NCOLS 191 
NROWS 93 
XLLCORNER 442474.332677425 
YLLCORNER 4080120.41147431 
CELLSIZE 500 
NODATA_value -9999 
[rows 42 to 62 of 93, columns 0 to 46 of 191]
-9999 -9999 -9999 -9999 -9999 -9999 -9999 -9999 -9999 -9999 -9999 -9999 -9999 -9999 -9999 -9999 138.596578834099 138.506171033784 99.5481730690477 -9999 -9999 -9999 79.4265604934699 58.17876715561 51.4006457157609 42.0700698478493 36.8036255252484 33.9779507338249 35.967138423044 36.0776441078833 28.9464875851903 26.3385144828604 21.9901544840209 22.6826614148058 21.6323128465339 21.7162105083163 23.8973053518739 30.1783870667906 24.1338331568582 21.3752514749068 23.7270372807933 21.2364663015332 20.708530754604 21.0441073947325 21.2812415430892 17.7450028695636 16.0134414640584
-9999 -9999 -9999 -9999 -9999 -9999 -9999 -9999 -9999 -9999 -9999 -9999 -9999 -9999 -9999 -9999 135.444765984081 129.095565032273 123.569078353432 107.01118904107 -9999 -9999 -9999 87.9397242585145 56.3897003089952 47.1401183991498 54.8397976558728 51.6894767556872 49.1952271568723 43.6894313318632 40.6440740731482 37.6223916214576 27.861395103126 21.9198376107039 21.3710218000859 19.179326582872 20.7553760045455 26.8963766872717 22.3850059648118 19.3635050511672 18.4048751531731 18.0304487447891 17.6254267638673 19.4963648739243 18.6830156106913 19.063307910492 15.844164128091
-9999 -9999 -9999 -9999 -9999 -9999 -9999 -9999 -9999 -9999 -9999 -9999 -9999 -9999 -9999 -9999 133.058371844651 123.063452732227 120.063949330143 103.170145446903 84.9951412451825 -9999 81.8659984091362 73.0775064592902 69.8718817374856 66.082012771637 53.9319470853747 42.9005811239093 40.3599615357651 31.8305222185307 33.4888636189678 38.8798532460546 33.2370085920837 22.570549943465 18.3058136048236 18.3881506743847 18.2052139375261 18.5035604981651 18.5245514156963 17.5722436619925 17.5448634843425 17.1111227588815 17.8592369657501 17.7712349543686 17.2839212199682 17.2422389950174 15.4267168838493
-9999 -9999 -9999 -9999 -9999 -9999 -9999 -9999 -9999 -9999 -9999 -9999 -9999 -9999 -9999 -9999 -9999 120.152768264035 114.792235047944 119.260269101733 112.980582576201 105.499243016592 89.7625642090082 72.0960463354069 66.0762075217122 59.646736830067 52.3725685027164 40.8123936451706 35.055653136619 25.9259097861049 25.9858817480445 32.695489941628 31.9297835993483 19.9386824529562 18.6018968227376 18.596282611234 18.6692796343912 18.2557213498954 17.9092410456233 17.4537734862336 17.0851323586959 17.9161088773924 17.6750436777453 16.736571679285 16.1829455326879 15.7921219945413 15.3350595367993
-9999 -9999 -9999 -9999 -9999 -9999 -9999 -9999 -9999 -9999 -9999 -9999 -9999 -9999 -9999 -9999 -9999 120.453533940583 123.841123336262 127.407162094344 137.748671609571 130.194955977765 101.201256745423 86.6431150542237 66.7355539777447 61.9413697524786 54.872066959715 45.1958185930045 37.1132084363157 32.3673470381252 34.0734985973985 31.3532718693593 27.6321937107093 21.0564777544626 23.2465567601371 23.2335703929383 21.4259651912566 19.2600193078279 17.9948203046404 17.678229652354 21.6895361849403 17.5505625802203 16.6573211444038 16.0148383935338 14.9451591412806 14.9200035411426 15.0256466732473
-9999 -9999 -9999 -9999 167.841783597702 -9999 -9999 -9999 -9999 -9999 -9999 -9999 -9999 -9999 -9999 -9999 -9999 141.292260620009 180.865845319487 178.12839254632 134.229348397068 106.035624758157 120.918697667199 123.10567301146 103.657516689647 96.7009275628551 85.3285752588742 68.6192402159397 47.3693553664418 40.0371282248307 36.2961883130743 31.3875065822266 26.0590267317338 29.0569313596061 30.167042828892 26.3804080359299 23.3276273634343 23.3116680503733 21.3776251807347 22.6332602483737 22.6653048880953 22.091042475361 17.7486948015534 16.161408433134 14.9905271083147 14.0190054406654 14.2810626992055
-9999 -9999 -9999 -9999 -9999 -9999 -9999 176.053506341383 179.257320100758 -9999 -9999 -9999 -9999 -9999 178.28525474243 180.506409914185 178.948868122325 160.47766926019 132.709754393714 125.517628242044 104.066926681838 93.3714204244961 81.3412355657978 91.2252316655077 99.1861339570665 90.1054527476864 87.3534679490672 83.3846385486652 50.8336943512955 39.5284011533456 38.0033818245305 42.9122030861021 39.4747396413321 33.3026693152667 23.4221290193998 22.3548142504336 19.8359641578278 19.6679270584403 21.9639480069587 20.2997426840852 19.4639979968502 19.9178877450861 19.0395413658266 16.4178664058433 15.6160474940904 13.7230520203915 13.3447776167831
-9999 -9999 -9999 -9999 -9999 178.908588148749 -9999 -9999 -9999 186.43074332598 -9999 -9999 182.07814221203 155.901008063179 161.936042131102 179.073667454758 166.0059674627 150.991740488118 120.704105420212 92.6809722600414 84.9531242925657 92.3937402520457 81.0636704316983 69.8742983335758 85.6208034723291 64.9272401004189 66.3426630764105 88.7807266250982 79.1785590502425 54.6796741138304 48.5650663776226 36.0210846426989 28.5191114533438 30.5457110452072 24.6375136884305 23.4461015380611 20.4559734036332 20.9594792519953 19.0426403620287 17.730617096287 17.0360404090504 17.43849238312 17.6221746255059 16.9411361762006 16.5889477338151 16.0006209537155 14.415038543273
-9999 -9999 -9999 184.456147667891 174.763842633512 173.394616903739 144.488402634706 135.212465236707 145.679399388841 140.166479675119 145.619393508718 145.36487262154 133.025150315269 149.739235269721 136.525559359855 138.927971087578 148.71702747092 136.14448455417 126.865526592684 109.154015167477 87.1551456973825 79.7589069166369 69.2758498200652 50.4270076700958 55.4660962620044 47.2080829351781 52.6668919759104 68.9664291272908 87.8865245592695 64.6670800175117 53.1555561295382 29.8479799095147 40.5487116364904 30.6421810418434 25.4756814708198 24.1317321145336 23.1682940568073 22.9291569024191 19.4141874839741 17.8097395608922 16.1019955031021 16.2467610525483 16.3827775877747 16.2469189561076 15.954727015222 15.0751046030679 14.5519019951443
-9999 180.603058696809 153.756857210979 140.132009858974 133.524114707714 150.971972791346 139.772097383981 124.752082954022 126.915098349279 123.90937328234 124.608726596085 122.795083214126 127.86101583446 128.090418589424 129.925588273927 126.570104420066 126.293131709986 130.775190908805 120.106379399721 109.405538301588 93.8261032178938 80.8035484268256 80.3828163759617 62.8862871379787 65.8744046023064 75.0007747532317 73.4417739533235 67.1244304409039 61.4583961081664 52.2909509311582 42.4835124716335 36.0396071020755 33.8083936285126 32.9828020343361 30.7423564336778 42.9046276157619 27.5930305811634 21.6393450017322 21.8728013822335 18.0991873935848 16.4857997050987 16.0114865208049 15.8218696594814 14.488434428357 14.8740650922572 13.5193374479026 12.9919448457855
-9999 -9999 177.970402848888 146.346239209392 137.336871908595 129.08225969169 133.29132315742 125.594812073364 123.574744046808 123.625612300504 118.796383038903 110.929350843897 122.270754011641 120.350569797361 120.736337377447 118.199637950874 113.700614294902 109.274715186997 120.324519425809 111.207227741929 113.932686676364 96.6555633875411 80.7338037496785 78.4530939804289 89.9698350828802 73.8373718091762 77.0737630824854 80.6725125623884 59.5195048731606 49.6314434277351 45.402161368782 47.2877492005576 49.1828633397849 58.7403654763975 57.4271308729025 40.2362245718475 25.0366819250962 20.5276422967662 20.180989872831 18.884525367383 16.1201173613257 14.6133550469325 13.8076130869608 13.3159153783241 13.4802950601275 11.0089678994068 10.1029098669013
-9999 -9999 -9999 184.265605342198 145.613749157655 128.642653994334 128.827845010736 130.302544492155 127.02330388633 119.84775894705 105.04782057236 111.085714364021 121.27012698085 108.985005256196 113.207068952348 116.004348783854 113.20926092947 121.54273013413 134.182179112006 115.730968612621 98.7881104534465 108.166393070966 96.4630800628721 100.154705605834 99.1000664942885 97.0582779916209 93.7541766217421 86.8670595818268 71.7638234586237 64.553371132818 66.0640211666204 71.8590007733505 59.0987955580721 48.6122913487969 49.0961547335224 35.9785370476419 24.358836628973 18.7367604034959 18.9940022160409 18.2124951103165 16.1517077687246 13.4884509637032 11.7703316031513 10.239480101432 10.3407033235985 10.0692831814018 10.9059749795325
-9999 -9999 -9999 -9999 179.907174277405 138.43434024613 130.216863105368 141.107081263042 129.040771269373 119.360372754824 112.920394582845 124.210105315557 124.916316539224 122.693176886047 122.178420447455 105.59191410846 109.078922713314 134.136222290839 141.10152644251 122.638493837432 127.81538285325 130.407261787199 107.964019760355 119.597350766555 120.85086740722 116.067692375201 102.742824492857 106.503854745451 99.1192084727401 89.2699935682625 81.3362898791121 61.9984006205876 54.3689468510011 44.3976069405693 30.8504872463774 29.3052825958044 25.2993143596303 20.6471055821689 17.3158789502584 16.8756415248072 15.2428967776445 12.555762466331 10.5499795033919 12.4953266663646 10.5262382889216 11.7349740196899 14.6859985071862
-9999 -9999 -9999 -9999 -9999 182.743863569356 172.038395966489 147.176009395332 128.4904968684 129.915932824231 124.139333477655 131.065260700712 122.228566575002 126.914593337507 125.353211855889 115.439047288052 109.496974507979 122.638233341553 134.001217039984 123.54774735024 116.411984465549 129.063448976051 129.862004991186 132.539619461701 123.049176016071 106.428604171094 91.7170495150006 86.7960909347482 87.7063124971674 63.7848092968581 57.5444673393136 51.9747740413334 50.6721247492561 32.934425085927 33.091986239045 26.6695339728067 23.530035316888 19.1711225037796 15.2896531110381 15.1517703446885 14.3528718636983 10.6578172891782 12.8487880642899 12.8035005764953 12.0196401151737 15.3966636995152 16.7078944191557
-9999 -9999 -9999 -9999 -9999 -9999 -9999 181.334782760703 147.124049079085 143.96619683815 162.384451592071 155.071770707771 161.235341485717 153.520216447115 124.53523647678 116.876890925071 116.656138710594 120.661268887394 120.052766859156 121.842240427679 103.345177013822 88.8326756521383 106.825944769662 129.989044384202 104.785261290788 98.6690089965809 89.859364848667 75.6781444600725 63.4734857100015 57.033643033328 46.5382267931454 42.1907732252064 35.8721515380612 29.1807072781068 29.3366296078568 24.9645596078596 21.0287439593557 19.183057843381 15.8784187968146 13.5272898783008 12.5824937919184 14.1544642933962 15.6365668889707 12.541234057892 13.2854097958987 16.9149941832272 19.5997769775538
-9999 -9999 -9999 -9999 -9999 -9999 -9999 -9999 191.122552648836 187.610792815923 173.886764342002 182.669637698961 166.167396692885 131.663315151688 120.591921707746 127.86517871201 114.567243435107 168.655514427906 112.36561840202 119.451610742443 113.225876509302 97.4754899736812 98.539785229138 111.641078733245 95.579909916813 91.705968985396 85.0093636341637 69.1850949803036 58.2536091257648 46.0741146145965 34.5723194975562 30.2581775438059 22.9931702433627 23.8075914633483 26.8983598284088 22.7845773043086 19.7461039181824 18.0794060147478 14.0307929029929 14.5843103850638 16.7049736552996 16.5367127252598 12.8969139985199 11.8369938045532 14.3578400596262 18.3513451868494 22.4191764553699
-9999 -9999 -9999 -9999 -9999 -9999 -9999 195.465713985976 -9999 -9999 -9999 -9999 -9999 -9999 162.096464335759 118.102259105978 177.599616463243 127.964216489779 113.991441851288 111.48324227751 108.730019593107 94.4264141208881 100.824958066946 100.251986592564 90.8607316289842 71.1615978275407 73.7169121500728 66.0397032798487 52.4279443562917 37.1448565399833 25.0044203000169 22.8220360727991 21.2745209376875 21.3148044526291 21.8310618618759 19.8507492621353 17.5667650651207 15.7437423696927 14.6902780629809 18.1841980198203 17.4579374638186 14.8883923000257 12.2961873738545 12.0107771198514 16.5154872929737 17.8241954036804 21.1351642932415
-9999 -9999 -9999 -9999 -9999 188.940807575299 195.299935984381 195.109422062863 195.673434303296 -9999 -9999 -9999 -9999 -9999 -9999 175.193537416734 218.833506848486 109.82789410675 110.84299247178 119.443435164892 127.033002564134 121.013524127667 114.461368374402 90.027585957374 84.9580435943611 70.76609519973 63.521678122768 59.5622426600535 48.3715082639419 33.8297012565209 28.7892187980515 28.8835537731757 25.3019383466828 23.5407734284192 22.3105886631486 17.8265983812269 15.4360384035501 13.8217610831754 16.0570620833051 17.4673162425653 15.8193893956038 13.0711718298154 11.2324085830787 12.2878635417648 16.0447056005319 19.8182305355243 23.1379972860463
-9999 -9999 -9999 -9999 -9999 188.872122271733 180.904755637448 195.707986322402 -9999 -9999 -9999 -9999 -9999 -9999 -9999 225.99249997712 200.041194549776 135.258068609019 128.194602451566 111.703489115699 111.509818000297 109.008271618022 100.008224237666 86.8204997366958 81.8572862829022 71.4302558069371 59.5435683701053 53.7187583400975 42.0169730863248 45.3638914151165 39.0754001790278 41.7208832238504 33.0181810957069 26.6770572473602 23.4289694843092 18.5358159787746 14.064504459561 13.0795082829266 15.6801244506742 19.6337332162226 14.0798191512452 12.1265865026062 12.0841971455563 14.5578753160437 16.3586983015254 20.3822565293051 26.3889174800971
-9999 -9999 -9999 -9999 -9999 -9999 188.333450390936 191.46188095899 -9999 -9999 -9999 -9999 -9999 -9999 -9999 -9999 -9999 120.750149615738 108.980097394797 96.3432278339922 87.8506486207902 85.0896163300583 83.0501218910347 84.8645617313467 81.2163121401222 71.843042036656 76.8662976041045 69.7530822662393 68.2392654802664 62.5784536515955 55.1076252863579 48.4833995934636 37.9636139148922 28.4977214486498 23.7495748838649 19.2299830859933 17.8711635929804 18.8259033508748 22.2285643718237 19.5773236706103 14.0709797189289 13.0123154357722 16.3709835773763 15.9534817258461 17.2679849412431 19.5595220526373 24.1830585444965
-9999 -9999 -9999 -9999 -9999 -9999 -9999 234.395771247294 -9999 -9999 -9999 -9999 -9999 -9999 -9999 -9999 -9999 123.020022066713 108.454467393842 101.89022918071 89.4008389083569 88.0565299081102 86.678837679204 88.6823378479867 94.8334072437296 96.5518739792911 92.899100525539 88.1834778831514 63.7137434106494 53.5334904321968 43.3717910366731 34.2376543499478 27.4254981116868 25.2104947503471 21.3350023320574 21.1308112098543 26.0871456642213 27.9493651382529 22.6412022751648 16.8955742024358 14.163445640387 16.0010927230632 18.6559340263722 22.4365569049498 21.8145395910167 18.1169026131373 22.4756862144109
