data/derived/r_cv_scmd_1900.asc
NCOLS 186 
NROWS 74 
XLLCORNER 443300.206538099 
YLLCORNER 4085841.77455235 
CELLSIZE 500 
NODATA_value -9999 
[rows 27 to 53 of 74, columns 0 to 60 of 186]
-9999 -9999 -9999 -9999 -9999 -9999 -9999 -9999 -9999 -9999 -9999 -9999 -1 -9999 -1 -9999 -1 -9999 -9999 -9999 -1 -1 -1 -1 -1 -1 -1 -1 -1 -1 -1 -1 -1 -1 -1 -1 14.8391840413192 14.6093309288158 14.3715431568294 13.8820330314079 15.5977591064337 -1 -9999 -9999 -9999 -1 -1 -1 -1 -1 -1 -1 -1 -1 -1 -1 -1 30.6169982285298 33.8933326877314 26.2896040216003 24.2066999675301
-9999 -9999 -9999 -9999 -9999 -9999 -9999 -9999 -9999 -9999 -9999 -1 -1 -1 -1 -1 -1 -9999 -9999 -1 -1 -1 -1 -1 -1 -1 -1 -1 -1 -1 -1 -1 -1 -1 15.2048514015816 15.6500113540121 14.0573848314867 14.2154398170934 15.7138445362444 13.3496275545296 12.563478795237 13.760208309289 13.9308791027547 14.9472411723047 -9999 -1 -1 12.5084206780387 -1 -1 -1 -1 -1 -1 -1 29.3640793141852 34.3370450072757 27.8523463459153 20.3352542375236 25.3498308643918 25.1145810802949
-9999 -9999 -9999 -9999 -9999 -9999 -9999 -9999 -9999 -9999 -9999 -1 -1 -1 -1 -1 -1 -1 -9999 -1 -1 -1 -1 -1 -1 -1 -1 -1 -1 -1 -1 -1 -1 -1 16.6961315943205 16.1016189431177 14.2754495130589 16.2455350584735 15.7977894742541 15.3339223897179 13.4380193314369 12.3927332024814 12.3423615268856 12.7630936547323 -9999 -1 -1 16.412040660998 14.3122294289478 14.3397950526964 13.5796845901806 -1 -1 -1 -1 29.2703480686849 32.3092028809113 26.0593289463205 26.795720637893 24.2752653814032 24.3811713290798
-9999 -9999 -9999 -9999 -9999 -9999 -9999 -9999 -9999 -9999 -1 -1 -1 -1 -1 -1 -1 -1 -9999 -1 -1 -1 -1 -1 -1 -1 -1 -1 -1 -1 -1 -1 -1 -1 -1 -1 -1 16.547963201568 15.3501691195793 13.5486872417031 11.8298331250616 11.6293546807697 14.6920917608055 15.1650612575386 13.6504102849657 12.6146644477671 -1 17.0623869266888 14.7430693787738 15.2244304534107 16.4018418431576 -1 -1 -1 -1 31.1772257461665 31.0725593975896 24.5339292670484 24.6688469725242 23.3017371110947 22.6422028019475
-9999 -9999 -9999 -9999 -9999 -9999 -9999 -9999 -9999 -1 -1 -1 -1 -1 -1 -1 -1 -1 -1 -9999 -1 -1 -1 -1 -1 -1 -1 -1 -1 -1 -1 -1 -1 -1 -1 -1 -1 13.4721229169909 15.6173710358381 14.6424173733692 14.30245930595 11.7959574508919 13.1038724016637 14.1851174022251 12.9230072310788 13.8945649358736 15.8514077020639 16.9216402430185 12.9901354618808 12.956690612245 15.2244304534107 -1 -1 -1 -1 -1 32.7758681027295 25.690525620972 23.9135998435259 23.1117611382296 22.0160299711284
-9999 -9999 -9999 -9999 -9999 -9999 -9999 -9999 -9999 -9999 -9999 -1 -1 -1 -1 -1 -1 -1 -1 -9999 -1 -1 -1 -1 -1 -1 -1 -1 -1 -1 -1 -1 -1 -1 -1 -1 -1 -1 -1 16.6177724451082 16.9849895206563 11.4724752505484 11.9859575852077 11.9920337587872 13.2819393109458 14.3603986099253 15.7163752335771 13.6505634678349 14.7114658879086 14.0776797653714 13.422199198412 -1 -1 -1 -1 -1 18.0024316942394 18.1831750066703 25.0515824296102 22.944044350422 22.0836706419436
-9999 -9999 -9999 -9999 -9999 -9999 -9999 -9999 -9999 -9999 -9999 -1 -1 -1 -1 -1 -1 -1 -1 -9999 -1 -1 -1 -1 -1 -1 -1 -1 -1 -1 -1 -1 -1 -1 -1 -1 -1 -1 -1 -1 16.4842283045269 15.1121019723545 13.549622657157 12.086747215805 12.4949822608064 13.0404366735403 13.5613706473175 14.7472206117329 14.1577800354923 15.4881418142059 15.8877696567894 -1 -1 20.3049437222433 -1 -1 17.0806323859533 15.3964547562548 25.3791895693835 24.2609637910359 23.914621691696
-9999 -9999 -9999 -9999 -9999 -9999 -9999 -9999 -9999 -9999 -9999 -9999 -9999 -9999 -1 -1 -1 -1 -1 -9999 -9999 -1 -1 -1 -1 -1 -1 -1 -1 -1 -1 -1 -1 -1 -1 -1 -1 17.9386960772113 14.2306992301922 16.0010381962779 14.0847009771024 16.1153990033629 15.6001788830273 18.2905912593039 15.109618531092 13.0998945707622 12.5418882623255 13.0986350298982 14.0961462853018 14.9163470539656 15.8877696567894 -1 17.9693160917933 17.2197612759288 20.3535306624149 -1 -1 15.2275074394449 26.1416798197575 23.9762498828299 23.5670774202052
-9999 -9999 -9999 -9999 -9999 -9999 -9999 -9999 -9999 -9999 -9999 -9999 -9999 -9999 -1 -1 -1 -1 -1 -9999 -9999 -9999 -1 -1 -1 -1 -1 -1 -1 -1 -1 -1 13.3530791457717 12.8467841094641 12.8771977338211 13.8186871473815 13.876988300889 14.3820326407979 12.6637081552513 12.6484888820746 18.9195603637856 18.7518146611838 19.8844331433343 20.8660438077948 19.0967627958723 18.3886759238061 23.1808598984724 22.8698670083943 12.9912109953744 12.7260418985265 15.8436547006113 14.618778958288 13.581681478141 13.1475317207375 19.7435584631817 -1 -1 35.9251085361724 25.7958660023393 23.2377629635955 23.5862136876342
-9999 -9999 -9999 -9999 -9999 -9999 -9999 -9999 -9999 -9999 -9999 -9999 -9999 -9999 -1 -1 -1 -1 -1 -1 -9999 -1 -1 -1 -1 -1 -1 -1 -1 -1 -1 -1 13.0163621173498 12.3805466764356 13.1371308011201 13.2546191239443 13.2898479833502 12.2582154704851 12.5207576899406 13.1410293937396 23.8377684652876 14.1208980816557 23.4370838989559 22.6338904354852 13.5604723143642 13.2454198469398 14.864509805013 14.6578847456449 13.8216618497371 13.7433850224798 13.1628019473205 13.771563983601 18.0948511941599 19.7056411266293 17.9729887947034 37.5245040803216 36.6941652945091 37.9985883055116 33.278616473223 24.76002026758 16.6525735026764
-9999 -9999 -9999 -9999 -9999 -9999 -9999 -9999 -9999 -9999 -9999 -9999 -9999 -9999 -9999 -1 -1 -1 -1 -1 -1 -1 -1 -1 -1 -1 -1 16.213437829729 15.3798458945371 -1 -1 13.6894906248469 13.4978193080767 12.1574649171528 13.3704535814297 13.3478198773045 14.0202479109336 13.1697707828361 12.7484280558923 23.5657500165051 23.0116954877456 13.760750202796 13.9028579967058 14.8722410016954 15.0234741784038 14.8006151296975 15.4468595579185 15.8813639377792 16.1981628311057 14.4761964254001 22.8815466850453 22.9204787957766 14.6797104184496 13.3222890555897 24.2618535123573 31.009631225398 31.7545606137779 31.009631225398 29.9184544435808 24.4658807556407 15.8408283508949
-9999 -9999 -9999 -9999 -9999 -9999 -9999 -9999 -9999 -9999 -9999 -9999 -9999 -9999 -9999 -1 -1 -1 -1 -1 -1 -1 -1 -1 -1 -1 -1 -1 -1 -1 14.6104497739869 13.9372418902746 15.9743266272757 17.8599692139937 13.0991263338035 13.2028816584429 13.0022486647041 16.0516497210234 23.3649713582821 23.5839890623398 23.3649713582821 13.9380706632432 14.1178881054622 14.7724415855028 14.7994902600312 15.2261447846764 14.9515913822325 14.9393883304092 15.7966465985779 18.5959757156072 21.7285331947608 22.0971967301735 22.7447836895224 23.0023733342072 23.8928359762318 24.7190645090607 24.87934536742 24.7498059914078 23.520601255192 16.2559004833708 14.6147617138667
-9999 -9999 -9999 -9999 -9999 -9999 -9999 -9999 -9999 -9999 -9999 -9999 -9999 -9999 -9999 -1 -1 -1 -1 -1 -1 -1 -1 -1 -1 -1 -1 -1 -1 -1 13.9719571320162 -1 -1 15.9113061130493 15.5722700333988 15.5722700333988 14.5808228862641 13.8673187583787 15.0222165439273 16.0275839705617 13.9778944633959 14.7247031841029 14.2038929238282 14.5790600036321 14.9589986980169 13.7024373895674 13.7088689933934 14.1599025360182 16.2859458775779 21.4215437759112 22.0277142580729 21.7929747093036 22.0836706419436 23.0423453931111 23.1390416297112 22.6333074555844 22.8648881578499 23.1151875877059 15.288264279023 15.2290519984655 15.2696325807693
-9999 -9999 -1 -9999 -9999 -9999 -9999 -9999 -9999 -9999 -9999 -9999 -9999 -9999 -9999 -1 -1 -1 -1 -1 -1 -1 -1 -1 -1 -1 -1 -1 -1 -1 -1 -1 15.8082715948312 13.5419490067016 13.4359520523048 13.1755163002768 13.3907665178764 13.2558201792356 14.5787068491354 15.4582635044134 13.9262974361461 14.5740064190608 14.5011497602415 21.327845663222 21.3407374965695 20.7328839176978 13.9848930700344 14.942508711157 15.0793110308115 19.7726166338223 19.9046377100683 19.9725359475292 20.4129206645782 20.7499611921111 20.6902267301795 20.9015776415896 21.0710807459628 14.7317284610842 15.5557994973769 15.8107283721026 17.0746919997179
-9999 -9999 -9999 -9999 -9999 -1 -1 -9999 -9999 -9999 -9999 -9999 -1 -1 -1 -1 -1 -1 -1 -1 -1 -1 -1 -1 -1 -1 -1 -1 -1 -1 16.5053628756855 15.7035590728838 12.8704138023993 12.7052755225257 12.8414674828756 12.940983348602 13.3319505928448 13.4509260116282 13.6921653434771 14.9195448629026 14.731225134079 14.4169888718692 13.7833962939072 21.4161997591287 21.8810378080723 21.1867312288334 19.8896468708554 19.6248403996886 19.4039657254789 15.4018701720789 19.9411733452214 20.9443407716475 21.2993205820461 21.4635246979429 20.0351936012939 20.1264190705045 20.381612560421 15.8024216894744 15.3005659775981 14.8819949762914 16.8687002567191
-9999 -9999 -9999 -1 -9999 -9999 -9999 -1 -9999 -9999 -9999 -1 -1 -1 -1 -1 -1 -1 -1 -1 -1 -1 -1 -1 -1 -1 -1 -1 -1 -1 15.5722700333988 13.1108405322354 12.845879983198 12.4364534170017 12.2227769182099 14.4960494042077 14.362495650315 14.6797104184496 14.6862268799046 14.5647265660796 14.3024467470896 15.272120642768 13.961572794097 21.1008124995411 20.8989698768015 20.1453667363159 19.8896468708554 19.6776461768479 20.0557925282228 18.0745023425411 20.0338398672545 19.9408675079678 20.5756000439465 19.4537613160836 19.1833551328051 19.369469643847 19.039814600708 19.1388063696586 15.2606027018908 15.1140429846172 14.9507891617401
-9999 -1 -1 -1 -1 -1 -1 -1 -1 -1 -1 -1 -1 -1 -1 -1 -1 -1 -1 -1 -1 -1 -1 -1 -1 -1 -1 -1 -1 15.1363186696151 13.3057097496436 12.90512477175 12.2582154704851 12.086747215805 12.9912864770239 14.5532072148525 14.362495650315 14.8251821236544 14.4173637116369 14.7965931687721 14.9068388206054 14.4420893317391 20.1385841000677 20.381612560421 20.0356162013481 20.4138189162842 20.08779659348 19.5309484704884 23.9779753240127 23.9236977629217 17.1855486605346 18.8995575895407 18.9078965763723 19.2548184886602 19.2667225818693 19.3870302034473 15.5935632036829 15.2687943111936 19.435803953609 15.0046268125127 15.3432029175701
-1 -1 -1 -1 -1 -1 -1 -1 -1 -1 -1 -1 -1 -1 -1 -1 -1 -1 -1 -1 -1 -1 -1 -1 -1 -1 -1 17.7357800525676 16.3175768382215 15.2990295389662 12.739477429797 15.3109463652497 15.5452842740273 14.9509946040074 15.9195103612696 14.7583598815771 14.9534116022971 15.3066251815168 14.131347993147 15.0795439587612 14.2651437387148 14.5041581665101 20.0356162013481 20.0793144347224 19.9522636962097 19.7318199731456 19.773149384021 24.4265135320367 22.3015403205422 15.8503118283676 16.2726769242229 19.2026363210025 18.7685416589703 19.2548184886602 19.3911017322327 19.5935635186709 15.9330779781392 20.316176250053 22.7930288753811 15.3250214910016 15.6465640568721
-9999 -1 -1 -1 -1 -1 -1 -1 -1 -1 -1 -1 -1 -1 -1 -1 -1 -1 -1 -1 -1 -1 -1 -1 -1 -1 -1 14.8206124910514 14.2547224405594 13.3838841882783 13.5354183779483 -1 15.7437378552456 16.1713537397651 14.6644972608114 14.3294734031007 14.1067922900477 14.3024467470896 14.651647562414 15.6958305704623 14.3720628817303 14.484394135207 19.7806808042831 19.4282910071601 19.5656293282866 19.3509160300421 19.5966889488278 17.539604712191 17.539604712191 15.5630858686977 20.0717184881588 20.2365004273408 19.9269551806449 20.4915687705535 19.8786985934291 15.3326027526021 15.8460908313149 20.5823171379321 20.1980415918359 19.8896637634067 15.6369837988027
-9999 -9999 -1 -1 -1 -1 -1 -1 -1 -1 -1 -1 -1 -1 -1 -1 -1 -1 -1 -1 -1 -1 -1 -1 -1 -1 -1 -1 -1 -1 -1 16.3241176068777 16.1189735366494 16.1476639162203 14.1503544395501 14.0229374018484 14.0283667595957 14.4253120731175 15.2190068633035 15.8364944855734 14.722546054585 19.7639237439151 19.905268667282 19.6336550036926 15.3535266965679 15.6441107750218 15.4750580055347 17.4828199434979 17.5416323055643 17.4950805237416 22.8410096295909 21.4828099866683 21.2565532125634 21.1440958202092 20.8088978260051 15.2611953519621 15.8962577939403 21.1520540302682 20.9842786305824 20.2625280230521 21.6853959255347
-9999 -9999 -9999 -1 -1 -1 -1 -1 -1 -1 -1 -1 -1 -1 -1 -1 -1 -1 -1 -1 -1 -1 -1 -1 -1 -1 -1 -1 -1 -1 17.3781889097757 15.4298437491646 14.0886032896906 14.4183820182205 14.1804245882285 14.4442265736383 14.849883420728 15.1129665116904 15.2022346795435 15.3152112493732 15.3071995209925 15.6824686172825 17.7024095028676 17.7450187355426 15.5876005992511 15.5420386380868 17.0881869118309 17.4633721519147 17.3160531933798 18.9487003321743 16.805260564588 16.9419651378461 15.2469670299048 22.8269519882056 22.0836706419436 15.2642433563927 15.2642433563927 14.3952476513218 13.7281362832827 14.641553554692 15.413926045748
-9999 -9999 -9999 -9999 -9999 -1 -1 -1 -1 -1 -1 -1 -1 -1 -1 -1 -1 -1 -1 -1 -1 -1 -1 -1 -1 -1 -1 17.8943833423403 15.425451444051 13.7996810170484 13.6347493098452 12.4020439293779 14.5097359478761 15.1212663923685 14.5716583131696 15.1295618166078 15.0270789964543 14.3062649951757 14.8327996351551 15.1576888639222 15.627112810785 15.5533700817884 15.5606699232293 15.5629576797957 15.3224689710147 16.3038613585181 15.855301242925 17.8007644604132 17.6901584575346 19.6585673513034 15.761290106104 16.281979819719 15.5743251501867 24.0909862930456 24.5184972620209 15.6633315184855 14.4064847676935 14.330450636836 13.9314290084966 14.4309651956755 14.5393301650393
-9999 -9999 -9999 -9999 -9999 -9999 -1 -1 -1 -1 -9999 -1 -1 -1 -1 -1 -1 -1 -1 -1 -1 -1 -1 -1 -1 -1 -1 14.8238105140853 14.6785895182258 13.165258550033 12.1108590110352 12.061855460665 13.6346017663098 14.4960402159233 14.7994902600312 15.4258766414373 15.7097589287307 14.3406675077955 15.4324846638626 15.3923542820571 15.3326872214291 15.2697851333621 15.2215136701684 14.9098179468931 17.4411219416043 17.2882209758244 16.0903988496545 15.1737557716541 17.7369084783486 14.5963989638888 14.8568489816092 16.3797084081897 15.883583493746 25.5893044238759 25.4577997040829 13.3847041749708 15.4383738063579 15.8667910607672 13.7350510991835 13.8442217234369 13.9391100925694
-9999 -9999 -9999 -9999 -9999 -1 -9999 -9999 -9999 -9999 -9999 -9999 -9999 -1 -1 -1 -1 -1 -1 -1 -1 -1 -1 -1 -1 -1 -1 17.8457520003983 15.5223928673918 12.4020439293779 12.1029798522251 13.0385160884387 14.2350907693811 14.0246951587905 14.4603460882561 15.0079551365556 14.6121732441759 14.6390968592392 14.7018297318805 14.981316924019 15.0417257050581 15.4261706194891 15.1969552863745 16.0461779500998 16.0304763158031 17.3193890588679 16.745701073425 17.0813676228694 16.3557261188068 13.7125218442688 15.5242471249417 17.9761031032881 15.6758978621552 25.5447696627754 25.7076183203085 13.1614107233761 15.7013531366237 14.8622632375892 15.0693079112721 13.9449992037066 14.0954000445534
-9999 -9999 -9999 -9999 -9999 -1 -1 -9999 -9999 -9999 -9999 -9999 -9999 -9999 -1 -1 -1 -1 -1 -1 -1 -1 -1 -1 -1 17.5362997938777 19.3013032496551 16.6656311510916 15.2435873991778 15.2841758612785 12.6721160298048 14.990721747348 14.9480982115342 14.7512442538033 14.4493685142845 14.0912775118441 14.7018297318805 14.65959046845 15.0333698970958 15.0115622278393 15.1368710708708 14.8476564340231 15.0176066342465 16.0132864393072 20.3159070070808 21.6990650289167 15.9023369560606 16.2707291939094 17.1016991033162 16.4228005473027 16.8366489869209 16.7367265836426 15.1324879711063 27.2215571234874 27.5632059921162 18.8237583367013 14.7000861630712 15.1021947441255 14.8281082543667 13.2831670587123 13.7822660993892
-9999 -9999 -9999 -1 -1 -1 -9999 -9999 -9999 -9999 -9999 -9999 -9999 -9999 -1 -1 -1 -1 -1 -1 -1 -1 -1 -1 -1 17.7240631858878 17.3078062165229 16.9853232109894 16.4661093908273 16.6935306299232 15.3953548146711 15.6130211080671 15.8047555810663 14.6426365826161 14.4050504227235 14.1587463945755 14.484394135207 14.6301996251971 14.9475944751612 14.9475944751612 14.7606921132358 14.5569943589501 15.7590274851103 15.9457994817008 20.1247434761744 21.3287399380918 14.5006123189039 15.1117623821557 16.9287516014003 15.4498640507016 14.913191465847 15.0126213524927 15.2074821755502 13.3276515229512 14.1661593609532 27.6133653922464 14.7747255574203 15.0884408060161 12.7716713639145 12.3052645108064 12.6253823593695
-9999 -9999 -9999 -9999 -1 -1 -9999 -9999 -9999 -9999 -9999 -9999 -9999 -9999 -9999 -9999 -1 -1 -1 -1 -1 -1 -1 -1 -1 -1 17.4927688467501 -1 -1 16.9401804593912 16.8736716899716 14.8900202257478 14.9138928469538 14.994896578887 14.5790600036321 14.9402380263701 15.2041575912218 16.0965898053128 16.4744485624374 16.0075955380495 15.7721702485641 15.5494045085552 15.7358506484815 15.445326319771 16.1243142305367 25.6729714524704 12.979208868124 15.6626965080634 -1 15.1753807982751 14.8295796230729 15.7779798897288 15.7779798897288 -1 14.1661593609532 28.1618420895588 25.226546910474 14.6813234669514 12.7716713639145 13.0998945707622 13.7016071420219
