data/derived/r_cv_scmc_1250.asc
NCOLS 186 
NROWS 74 
XLLCORNER 443300.206538099 
YLLCORNER 4085841.77455235 
CELLSIZE 500 
NODATA_value -9999 
[rows 22 to 43 of 74, columns 0 to 49 of 186]
-9999 -9999 -9999 -9999 -9999 -9999 -9999 -9999 -9999 -9999 -9999 -9999 -9999 -9999 -9999 -9999 -9999 -9999 -9999 -9999 -9999 -9999 -9999 -9999 -9999 -9999 -9999 -9999 -9999 -9999 -9999 -9999 -9999 -9999 -9999 -9999 -9999 -9999 -9999 -9999 -9999 -9999 -9999 -9999 -9999 -9999 -9999 -9999 -9999 -9999
-9999 -9999 -9999 -9999 -9999 -9999 -9999 -9999 -9999 -9999 -9999 -9999 -9999 -9999 -9999 -9999 -9999 -9999 -9999 -9999 -9999 -9999 -9999 -9999 -9999 -9999 -9999 101.678225488359 89.8717034272917 67.5829524737863 -9999 47.6124972072341 -9999 -9999 -9999 -9999 -9999 -9999 -9999 -9999 -9999 -9999 -9999 -9999 -9999 -9999 -9999 -9999 -9999 -9999
-9999 -9999 -9999 -9999 -9999 -9999 -9999 -9999 -9999 -9999 -9999 -9999 -9999 -9999 -9999 -9999 -9999 -9999 -9999 -9999 -9999 -9999 -9999 -9999 -9999 -9999 78.4464540552736 80.2909269583012 83.1479419283098 73.8877642739426 55.5462368047829 51.1141234745425 49.8361427337883 -9999 -9999 -9999 -9999 47.0760378580621 52.6919567646933 -9999 -9999 -9999 -9999 -9999 -9999 -9999 -9999 -9999 -9999 -9999
-9999 -9999 -9999 -9999 -9999 -9999 -9999 -9999 -9999 -9999 -9999 -9999 -9999 -9999 -9999 -9999 -1 -9999 -9999 -9999 -9999 -9999 -9999 -9999 -9999 -9999 77.3492468153762 64.6768091176048 74.0015209178383 77.7575790100237 62.2759208902508 51.4407799916938 46.000945435413 52.2067625780357 53.0179569358281 54.8907832176784 42.3659272868162 43.3253714817324 52.2976360368491 59.6663748467176 -9999 -9999 -9999 -9999 64.1993571220989 78.6203289358708 67.9366220486757 -9999 -9999 -9999
-9999 -9999 -9999 -9999 -9999 -9999 -9999 -9999 -9999 -9999 -9999 -9999 -9999 -9999 -1 -9999 -1 -9999 -9999 -9999 -9999 -1 -1 -1 103.774904332554 98.5170190319235 59.6141439076848 62.8159705317537 62.8557241414887 77.7575790100237 80.6623224089801 77.5723408487325 55.415823205457 52.954475098761 50.2189738473052 35.9486813709167 52.9150262212918 47.2847610219483 49.6971118310549 41.3449115297362 -9999 -9999 -9999 -9999 -9999 83.1479419283098 67.4037775704688 78.6203289358708 67.9366220486757 78.4464540552736
-9999 -9999 -9999 -9999 -9999 -9999 -9999 -9999 -9999 -9999 -9999 -9999 -1 -9999 -1 -9999 -1 -9999 -9999 -9999 -1 -1 -1 -1 -1 89.0009535867541 74.0015209178383 70.2559423529244 67.9366220486757 81.6496580927726 85.5749783702977 87.5778834248931 62.0173672946042 49.8361427337883 38.9316004765989 41.3102379244425 47.0760378580621 58.4705346204686 50.5769185632935 50.5769185632935 39.1604195781718 38.550137882057 -9999 -9999 -9999 65.7383985872015 45.8952989968998 52.6919567646933 58.8505277409185 62.5678907410022
-9999 -9999 -9999 -9999 -9999 -9999 -9999 -9999 -9999 -9999 -9999 -1 -1 -1 -1 -1 -1 -9999 -9999 -1 -1 -1 89.2491309408187 -1 -1 -1 -1 -1 67.4037775704688 80.2909269583012 77.3492468153762 79.7153843864029 56.7220961387109 35.6996523763275 50.2189738473052 52.0281901818547 46.7707173346743 46.1567479442053 57.7811830581785 55.6130944529654 56.7220961387109 54.7460898008771 51.5768176094025 43.3629090391994 -9999 51.5768176094025 45.8952989968998 46.000945435413 47.6769360547397 60.4967418067351
-9999 -9999 -9999 -9999 -9999 -9999 -9999 -9999 -9999 -9999 -9999 -1 -1 -1 -1 -1 -1 -1 -9999 -1 44.0305083319716 52.2067625780357 59.8107208755052 44.0305083319716 39.2232270276368 49.1365798513921 65.8497768216389 71.079052602707 75.6383093819121 83.0604506461316 77.3492468153762 70.076880857878 53.5437010116689 38.550137882057 43.0979855879245 43.2390757620292 40.3561287732397 41.484115661455 57.7811830581785 49.6971118310549 58.5716772918437 69.0120793308853 75.1522670839892 59.2246927891749 -9999 50.265979369398 46.000945435413 46.4574670984691 45.0854698116251 47.2847610219483
-9999 -9999 -9999 -9999 -9999 -9999 -9999 -9999 -9999 -9999 -1 -1 -1 -1 -1 -1 -1 -1 -9999 -1 46.7707173346743 58.6315446858824 55.2777486120378 52.6919567646933 47.6769360547397 51.5768176094025 47.1404520791032 38.1484135358399 58.8348405414552 70.076880857878 77.3492468153762 64.6768091176048 53.5826432624552 35.9486813709167 40.7992328103205 40.0156955077651 44.0858185721974 37.8542324506045 49.9846130170229 55.6914577070709 67.5854562430038 64.0190874497834 78.6497713398284 79.6144555872961 67.4037775704688 36.9800130816819 46.2235371279112 39.1550719335268 52.7381228286656 52.6686798886372
-9999 -9999 -9999 -9999 -9999 -9999 -9999 -9999 -9999 -1 -1 -1 -1 -1 -1 -1 -1 -1 -1 -9999 57.2222553841743 52.2067625780357 69.5538667840645 52.6960388131996 49.9287241262732 55.4700196225229 49.0827547017973 49.224759248542 46.4095480892257 54.4749609226236 62.5678907410022 62.8557241414887 58.8505277409185 52.4247029763226 47.2717186551894 40.7921037272623 39.7177514241657 36.7434142797813 41.5553195630528 54.8155848101767 52.7381228286656 53.0179569358281 66.1001571044334 69.0120793308853 63.5975017312819 64.1993571220989 49.12326602395 46.1567479442053 62.0505622362093 61.8595235781845
-9999 -9999 -9999 -9999 -9999 -9999 -9999 -9999 -9999 -9999 -9999 -1 -1 -1 -1 -1 -1 -1 -1 -9999 74.101271868719 43.8781837007844 42.9742896865358 39.1550719335268 49.8361427337883 43.3629090391994 41.2032451221234 49.9287241262732 53.7801793629186 58.0119351115321 58.2528637933469 62.5678907410022 51.709205496712 47.695839089046 48.8521558833955 38.550137882057 37.6122795378709 37.4465430947049 39.1604195781718 44.7497811350382 43.3629090391994 52.6179543526345 58.6315446858824 73.4181075918777 65.6330123313894 63.0289582069192 68.4254251525795 62.3609564462324 62.6958469977815 56.3642003129919
-9999 -9999 -9999 -9999 -9999 -9999 -9999 -9999 -9999 -9999 -9999 -1 -1 -1 -1 -1 -1 -1 -1 -9999 -1 58.261530090458 54.8557553655755 45.2910813657838 38.9657157403462 42.9742896865358 44.3721741176365 49.9287241262732 58.6315446858824 56.7610758488158 53.7801793629186 56.0219737108712 51.103213808316 45.2344320861205 54.7090674759552 42.9742896865358 45.3445600493865 41.151324649653 39.8048658167441 41.3102379244425 54.8743207740897 61.2314277907003 57.7811830581785 59.9144689515278 59.0834374572238 65.6330123313894 65.9414077048077 61.174403898262 63.24875170405 64.7970271787149
-9999 -9999 -9999 -9999 -9999 -9999 -9999 -9999 -9999 -9999 -9999 -9999 -9999 -9999 -1 -1 -1 75.6383093819121 -1 -9999 -9999 67.5316477270399 60.550402375914 53.3573653426671 53.3418538597352 47.3221439845126 49.745761799992 52.6670481578528 51.5557162625421 48.3382204728872 48.0548931857241 46.8711140602087 46.4574670984691 48.5681317212827 44.8451713543325 48.9199590470229 36.655274271091 44.8998886412873 39.0132135942886 39.2868151164432 40.3561287732397 42.0846899525114 42.3659272868162 48.5681317212827 61.3244140671867 56.7220961387109 58.0119351115321 70.259884581993 72.1093112387044 60.4807396956758
-9999 -9999 -9999 -9999 -9999 -9999 -9999 -9999 -9999 -9999 -9999 -9999 -9999 -9999 -1 -1 -1 100.851079175883 85.5749783702977 -9999 -9999 -9999 64.4434230822981 51.1141234745425 49.8193853218419 57.4679397800556 50.6580407514143 43.6771371279335 46.000945435413 44.2989070112702 40.3561287732397 42.0846899525114 44.4844068068315 50.6789500291146 47.3448222887615 50.6517682590614 42.2910506246898 49.6525999349055 48.734026667095 54.5003161539242 53.9745609615352 56.1578796532867 59.0550160658107 64.0686825385896 63.5168287606318 60.4817147594769 53.3331388970149 59.2721650814567 61.0862617971315 67.9366220486757
-9999 -9999 -9999 -9999 -9999 -9999 -9999 -9999 -9999 -9999 -9999 -9999 -9999 -9999 -1 87.7058019307029 100.851079175883 100.851079175883 100.851079175883 98.7403596580358 -9999 62.0345442419755 58.6502466033544 59.1701609390442 61.2531114052079 63.6954184268733 45.2910813657838 41.3102379244425 42.9742896865358 35.9486813709167 35.9486813709167 42.5850358712065 52.2976360368491 57.5511169094111 56.1574235548862 51.8261073198554 56.5346010578127 53.4400641451753 69.4230736347541 65.3140718210045 58.5111250693839 67.9757898939871 55.415823205457 62.8834391797787 66.7000103386224 64.3048650163599 57.4679397800556 59.1701609390442 54.3074765497972 60.4103772671745
-9999 -9999 -9999 -9999 -9999 -9999 -9999 -9999 -9999 -9999 -9999 -9999 -9999 -9999 -9999 83.0604506461316 98.7403596580358 110.747267528175 -1 -1 -1 73.5067838485631 48.1495178415742 59.9029990747139 51.709205496712 53.7801793629186 46.4574670984691 38.9316004765989 42.5850358712065 50.9373088784185 42.0846899525114 46.4574670984691 59.9144689515278 59.9144689515278 60.1969526909472 59.6141439076848 69.9179638854334 61.9529559558183 58.177447388274 60.4666877122188 58.177447388274 56.691778587484 51.307685900639 55.0894601846273 64.1131123368019 66.8508690310303 53.6657507836424 49.8193853218419 53.6657507836424 57.1999459808155
-9999 -9999 -9999 -9999 -9999 -9999 -9999 -9999 -9999 -9999 -9999 -9999 -9999 -9999 -9999 85.5749783702977 89.2491309408187 -1 -1 -1 -1 -1 62.0345442419755 58.1349903427863 49.9846130170229 47.9315751612222 43.1009548350417 41.3102379244425 39.0132135942886 46.4574670984691 48.1045692920835 42.0846899525114 40.7921037272623 45.3500157841641 47.510322764961 43.883343802038 52.8583512173202 65.1828050709931 54.3894716363497 45.8952989968998 53.6657507836424 54.1946762797135 58.2528637933469 51.7329789084396 66.3091612846796 68.8622317691577 58.2528637933469 51.307685900639 61.2531114052079 56.1727847316276
-9999 -9999 -9999 -9999 -9999 -9999 -9999 -9999 -9999 -9999 -9999 -9999 -9999 -9999 -9999 -1 -1 -1 -1 67.4037775704688 132.28756555323 -1 -1 59.6141439076848 70.076880857878 63.0289582069192 41.2032451221234 41.1222109873823 41.1222109873823 42.0846899525114 48.763163903157 39.7177514241657 36.6829155566073 43.0399033572882 38.69750103371 46.2235371279112 46.1971676860173 54.1946762797135 57.816686438858 60.2257150404771 54.3449192349023 58.177447388274 51.8874521662771 44.8998886412873 51.709205496712 55.0894601846273 51.307685900639 59.2011760391989 59.1701609390442 57.2379122933042
-9999 -9999 -1 -9999 -9999 -9999 -9999 -9999 -9999 -9999 -9999 -9999 -9999 -9999 -9999 -1 -1 -1 58.8348405414552 38.4807644254793 52.6686798886372 63.5975017312819 51.8874521662771 55.5650514201759 61.0085732854763 49.9287241262732 51.103213808316 43.1009548350417 46.1567479442053 44.8998886412873 38.2304595311448 40.6712901953435 52.342070151001 45.1655146395011 46.2437004542477 53.6717657266275 57.4679397800557 57.3290254152172 78.3921094321558 77.4844897630884 71.4558262976781 64.7970271787149 61.9529559558183 58.2528637933469 47.4601030168697 59.2246927891749 59.2011760391989 62.5678907410022 65.7903789167047 74.6275617763329
-9999 -9999 -9999 -9999 -9999 -1 -1 -9999 -9999 -9999 -9999 -9999 -1 -1 -1 -1 113.086080215301 87.7058019307029 66.8508690310303 49.224759248542 36.213510236389 40.7992328103205 34.8977614065299 40.3561287732397 45.2445405187577 56.4879030490882 54.8557553655755 37.1420188108797 36.9697394287314 44.6535650453682 47.6124972072341 48.763163903157 39.7177514241657 54.0143060021687 59.0346198618167 53.3676790298888 58.5716772918437 64.491798142106 64.2111900144899 59.0834374572238 60.3279622566911 64.1993571220989 56.7610758488158 56.7610758488158 56.4879030490882 54.1946762797135 63.0289582069192 69.5538667840645 74.4626163942801 53.3092894520302
-9999 -9999 -9999 -1 -9999 -9999 -9999 -1 -9999 -9999 -9999 -1 -1 -1 -1 -1 74.2890158329514 76.2586691162691 68.4366223331416 44.2629198467057 46.7707173346743 50.6369683541833 44.2989070112702 44.3721741176365 49.1449797063656 51.2652343186479 56.691778587484 46.6659563835427 45.2910813657838 50.2189738473052 44.6535650453682 49.0250384990451 54.5978303316448 61.174403898262 54.3449192349023 59.16448957406 65.9865593957791 69.8235396804581 70.3537986352298 61.2531114052079 65.0443635587991 69.0120793308853 56.691778587484 56.691778587484 55.415823205457 58.2528637933469 52.6919567646933 67.4037775704688 72.7257210079837 70.2559423529244
-9999 -1 -1 -1 -1 -1 -1 -1 -1 -1 -1 -1 -1 -1 -1 -1 59.6663748467176 54.5978303316448 58.0119351115321 70.7106781186548 69.8235396804581 64.1993571220989 41.3102379244425 51.103213808316 49.1449797063656 41.2742992546846 50.5629376591073 48.3357923575823 46.4574670984691 45.3445600493865 46.7707173346743 50.5769185632935 53.9071693375093 62.3609564462324 58.6315446858824 70.5655080434972 65.9865593957791 60.3279622566911 63.0820729851541 54.4749609226236 65.6330123313894 66.5455309717166 54.5978303316448 47.5416546501654 55.4700196225229 51.709205496712 62.8834391797787 64.1131123368019 57.4679397800556 73.4181075918777
