data/derived/r_cv_scd_1000.asc
NCOLS 186 
NROWS 74 
XLLCORNER 443300.206538099 
YLLCORNER 4085841.77455235 
CELLSIZE 500 
NODATA_value -9999 
[rows 21 to 41 of 74, columns 48 to 95 of 186]
-9999 -9999 -9999 -9999 -9999 -9999 -9999 -9999 -9999 43.123291155571 43.0223589282081 53.9195546723856 53.290722641697 47.8747712325098 47.4532973867582 46.3608794944286 38.8312497646227 35.1837713611204 26.6638824298894 19.9968968940371 18.4866296790576 20.6169080414718 19.7235354334865 20.2925215363924 23.5339362165821 27.8009411337443 31.8819398134055 31.420800460084 38.5695050883281 36.1726447385196 41.4241085661747 36.3136519601281 35.1510442288869 22.7245209232872 31.7853455226848 40.4643250474162 35.3098535832248 45.6116167266584 42.0982791232264 36.9697394287314 42.8673166597448 38.550137882057 41.9554518755087 49.6138938356834 34.052403619786 32.1129529474636 42.6216963123219 51.129163149147
-9999 -9999 -9999 -9999 -9999 -9999 -9999 -9999 -9999 38.4551454307502 35.8465242854988 38.2300727378128 40.9532747775461 35.1915344306973 31.7447326571046 23.8814598815217 28.4694696371357 35.5739268777608 27.2681970565541 14.5485111848702 15.4517805358581 17.8508517160832 16.1424515092959 20.67050187209 23.866549938687 29.8515972908458 30.8072035909483 30.1843766621189 34.2616018323964 39.3183360911913 33.1247452134995 37.9083916019416 27.0846819154851 27.6048317323541 21.4813152440195 20.4096895584613 23.998773389089 28.5249927900992 33.7917200195601 30.3379682637073 27.9056884056658 31.5339310271199 31.926633211142 28.5249927900992 40.7927718533419 36.3012231328177 36.8091134518549 35.8925803960133
-9999 -9999 -9999 -9999 -9999 -9999 -9999 -9999 -9999 -9999 23.779058309619 25.9927227766132 28.536559125991 25.9489492665973 19.7282202774312 20.3096671068744 24.6388827575629 30.559943312012 29.5621207024776 18.6411077105758 15.479615549937 17.097129198949 18.7467172080363 22.1170854057624 23.4330429138026 23.094010767585 24.6449321914049 32.5221817793995 39.1826862136743 32.1467110823336 30.3306681056467 27.0885016321608 22.9829535702786 22.7430417929316 14.2665238049109 21.7156470254974 18.4708954178625 28.4725088582612 25.3283722790805 22.2981075560085 27.5777602663182 25.7013283370103 26.9130937040489 25.4195563720897 25.6891200593379 26.1128425327189 41.7069433244298 46.0583756146727
-9999 -9999 -9999 -9999 -9999 53.6652823588913 39.9429793010185 29.2993622456181 23.1389485767656 -9999 19.5299277615574 22.6851947571544 21.1283869642004 22.0704576685296 19.5844493858083 20.805299284109 22.0290205299207 23.0574412524898 23.4135960974842 19.0563600268369 18.6250461597475 20.8927579533204 20.863988084391 26.7739066502516 29.9357996075006 27.9967525210081 26.8541496021871 30.1272733928321 32.6181457391157 27.7181565741372 28.7202331740324 27.0175025241118 27.7343746421537 23.1987793275641 18.1802952779603 15.3172158377891 21.4813152440195 25.8249766158244 29.7739199511569 26.9407241167236 25.3159727964202 24.9785257941899 23.6746219114453 21.3264247206498 25.8326175379614 29.3004281594957 40.9308867474029 36.3564061191754
-9999 -9999 -9999 -9999 67.9366220486757 55.970980445981 57.6734822613257 46.8287621548515 24.3612769262711 22.3778736874 19.4800244274378 18.0906072551425 16.6419931392061 21.8188180144441 19.2865964961482 20.4707265704804 20.3647775515512 21.0636804907715 19.7574982668247 19.1222790148611 18.9824207931342 19.2445079929144 22.7960921576646 27.4043395224472 29.9713886152145 31.9542945679178 31.4739102449947 27.5777602663182 25.9590366339449 21.3944874696201 26.0177454235196 29.202089390739 29.6854390389452 25.2115832827677 24.5870220754734 20.7782103977923 23.4688669061674 25.5737069392924 22.362075063216 26.0802352804502 28.2568040896411 28.3286678938449 27.8907897181472 24.3576308429413 21.4924134504086 22.4886185766464 28.9897286527421 33.3573588784503
58.0119351115321 75.6383093819121 83.0604506461316 93.6745898038992 61.3691869924382 58.3579829576464 48.7975058911476 45.9010988401862 45.2344320861205 41.1769410639012 41.4106950423468 25.4893349576092 20.5233041568929 21.0248560170935 18.8893761045376 18.7892928987946 18.9020966085339 19.8286364930831 19.3336559118265 19.1118765976031 19.4210335703306 20.1637205934811 19.8020148574628 28.1010925588474 32.6806194281061 31.5138018800369 33.7517805798108 27.9269498856307 26.2911704623664 27.4053702214797 25.0560585945458 26.4343119558063 23.1964400653126 22.5780520032128 20.1352890283053 22.1872852743652 27.5653432020948 27.9386372836979 22.170166284662 28.6757496350519 31.1431056735198 28.4534047406202 28.6557820719283 24.5697607531195 22.259159554024 24.5447630689738 21.7015578660786 22.5597618114248
53.7801793629186 46.6659563835427 60.4666877122188 79.6144555872961 59.16448957406 59.1226731129831 57.4679397800557 55.2384110133705 49.9846130170229 43.0572588751124 36.4439630662878 34.9834817237066 28.7069369624077 23.1124732232714 20.149913510775 18.7199952113306 19.3640547117732 18.8860804972585 17.6196006258763 18.961755482971 18.44521294988 18.2780050904214 18.9911012545713 21.9197028442692 27.1921841188197 29.1923343286098 28.970005781915 28.5441628142994 32.2421519311094 32.8074645602976 27.6804539313194 20.4729203942858 21.2069235692251 20.3099316259207 15.8870094740879 21.6261371634756 29.7247964379598 28.1827617314378 24.4599795235114 29.8388259709719 32.6769418109446 29.2643689816552 27.005134647408 20.6594579637825 22.5431935194486 26.2688162329037 25.1522613559022 17.680932798226
50.3382225707634 49.2972010103182 42.4778585975698 50.4848288965898 54.0710447893823 46.036484605283 25.1071479823056 26.3117405792109 28.8605733191094 16.5013142364389 21.2263988608528 23.835063321455 29.2416983617047 23.6813758656579 20.4572963059628 17.482584016763 19.532664337452 18.5357173807852 17.2856043277039 16.7913636116751 18.6777183532408 17.9006779439698 19.4786120868517 21.2319409833363 24.4985959486687 24.8806618115496 24.6687455811399 26.0743703577864 33.2874969313318 28.2038037408883 23.134673869341 19.3345600851606 21.1548030347978 18.8485543397196 17.6221643358064 24.3648632389473 26.2688162329037 24.0120776822156 22.1324683179747 25.7369998716471 26.2027888044688 27.47933768441 27.4998057491197 28.8750654578994 29.5270763031426 20.9165872006028 20.151783501572 22.1234873027155
43.8101048525244 51.6299446106876 48.1803620966208 53.7308424235463 58.9557755930959 43.8381331922554 27.742404828007 19.2017227021889 20.2256951737351 19.29422965853 19.177779531201 22.3848327544428 27.096197751491 23.0292241449384 20.4572963059628 18.0129385360167 18.6716147307927 17.7010582559205 18.3910052589338 17.7377738388358 18.3177994246709 19.8678178879714 19.3225754497558 21.232753877795 20.8891496409071 21.2335447415639 22.6481542833026 26.0211295349667 29.8893503312446 31.2800676928592 24.3284819731581 21.3132880862179 17.5119818346623 21.965338690261 22.895236859787 23.6813758656579 26.73800565113 22.2476925700072 22.1794460088876 24.9537071515828 25.1420224729636 24.527860042442 24.464681105395 28.8798978965258 28.4531529834172 26.2429538736488 23.082174396385 24.2550549846355
33.1266654259198 32.0414186006557 48.0153821506913 47.0913729902327 50.2167372848823 42.4592591044174 43.3894446967542 30.3027037656532 28.8372754758795 19.8672073634015 19.0620379732677 21.8177163023951 20.7467659519335 22.13277344189 20.7997180274088 20.8443670229955 18.4223469064042 18.4490393145896 18.0090582616617 18.6421387727582 17.6540482082834 18.5665491191411 19.2021401646797 19.8517926706811 21.7095048063195 22.7596103666568 24.9283969796663 27.5174769639504 30.1281002138423 30.3595790419697 27.090646612865 26.8737823359454 27.3101840683316 25.5246706936712 31.3516649130773 31.958670839886 25.7827426032718 24.8138176967902 23.4638023959904 21.9798769068026 23.1458291108627 24.474881342886 23.3265285309425 23.3006902599645 23.0486389492202 23.9657019124822 20.3778498717423 26.9167020891578
27.1705149896463 26.817205192011 33.7727153902793 43.9694201040388 51.375622012142 54.6847134637429 49.3835858030964 48.1844488359045 34.5339364614533 21.1819253391826 16.6217209156177 18.9288786322621 18.4119906630463 20.3455009113099 20.6856819055461 18.3759136255236 18.2833685710249 18.7090546130562 19.0890617639956 18.676071064469 18.7735447839525 18.9448274139998 19.3726606578316 19.0676009818282 19.9318451228813 22.6130543304814 22.3625779365467 21.6286669314438 31.3775612302056 36.3758648752956 33.5378342292153 33.8517602681712 30.7099952330758 27.2787165735065 30.1783240764721 25.1935710688852 26.066996911227 23.6160886970684 27.2165526975909 25.7787229713514 27.2165526975909 24.4898570953407 23.6053391463688 23.8308340988341 23.6578370957239 24.4697615593048 23.7660777484734 27.9812113811321
20.8301251303295 25.4598097169484 31.9922880859065 41.4030597741013 48.4280391404963 44.6156882430126 52.9019425530694 57.5996336015827 43.4858118287996 43.1455497304005 20.7338167064857 18.8034821076868 17.9444581366374 20.3545297276533 18.6294199711515 17.9040505470767 19.0673973882416 18.0090582616617 18.9398429123714 19.1425926705742 18.9493181939905 18.5818042378836 18.8709686396805 19.3858970897284 20.3867480880471 20.2936273288869 20.2268130693431 21.3247267774426 23.9813852311921 24.3326703081506 25.3564710602283 27.5142202650853 24.3459259652622 24.289434560649 22.905493989757 22.9749401766984 22.0005445622332 22.7075550434933 22.9808771222053 22.7245209232872 25.6378832406871 28.4048870238487 23.5366262704534 24.0418157163992 25.7645852063367 25.4244844817493 21.8122815700417 24.1597249092846
23.2911720630622 25.2790298218488 31.8247499449305 37.8237889040891 46.966152089864 48.1126351260279 55.2467176306119 49.7141689929324 37.2670055019049 37.2227087494686 26.8522028292186 20.4901023221541 18.037838701655 18.9308908657239 19.7138891231779 18.88677610691 18.4453578007287 17.4747163580109 18.3212026721422 18.8709686396805 18.7124703898699 20.049820289586 19.8676180300598 19.6463506577749 20.4642183447226 21.247412029104 20.4456659678708 20.5599353009549 22.6037109714771 22.954485140025 23.4786301020275 24.8591113127411 23.3577982353512 22.3603546209721 21.4389874810226 22.369605600558 19.4230749064067 21.1119394097121 22.6063275960123 21.4197967222601 19.310957075895 22.3093414907588 20.4145771988917 22.8973315844433 22.6612995857615 17.783592838466 19.29422965853 20.496072841088
21.83859184606 25.1047154699252 34.2474308440965 38.0927729512941 43.8121865730038 50.9242653738779 51.7579312127753 53.8434920822013 48.1844488359045 37.6350580466587 30.4719365433934 25.2346844176594 21.1361890095362 17.52946237858 19.5642216301905 18.3670171394356 19.392482462758 18.7010469636644 19.9121401104708 19.3117800607687 18.0762404576408 18.2679935059655 19.4682404698332 19.3640332738822 19.880265403576 20.5041232403967 18.7206896569054 19.2153784566105 20.4272557927387 20.1235377414465 21.8105898376523 22.6965143679756 24.2650761821853 23.0975281213572 19.3561865855497 18.6186607709322 19.4027818633182 21.5716742976478 18.7937894499123 19.987016748917 19.0427835492159 20.6098597586439 19.5760845920825 20.6553999413338 19.3780856660722 18.5481802626102 20.5911839812874 19.1098750038418
17.9181302885868 20.3886877244995 27.5685703072658 32.5999263661105 39.1974149115013 37.8253235740605 46.5321626968075 47.0225791410157 55.021629177948 47.1633641064753 31.7898342035696 30.2564926243956 23.9109361028279 19.1529482086766 19.5825777969685 17.8128474213628 18.2205429359731 20.8507595096176 22.3191650276507 19.3465913868722 18.2780050904214 18.6241034553557 18.8712673493709 20.5699337012246 21.2186517299506 21.4329624357869 20.3815043387239 21.5648250597239 18.9824207931342 19.2971922217447 20.5232232945502 23.6886985801974 22.318878115948 20.8891496409071 22.1269949647819 22.0267426920034 22.1269949647819 21.8993640603743 20.9124670630059 21.8091958962504 22.6012678337368 23.8061595513038 21.4393764155549 19.9965745193717 20.4654476458863 21.7463977144516 23.1392344684911 22.2254273985729
18.2469454194141 19.8214606722894 22.3435855693356 24.694130826865 24.4568141163004 26.8342530455054 30.6989766251449 45.8632300411369 45.0705269727116 44.7159535087169 39.0011895578935 31.4565182417293 24.0578159925739 18.2897929308157 18.2069285809532 18.3357226278199 18.8104124868167 21.589382385149 23.7023091619749 22.2182732598264 21.472058732348 19.9107567212728 20.1562992467233 20.8938227528471 23.8639867366753 23.0864452751758 23.4554132795078 21.120918649133 20.2267141648531 21.3298490038705 20.1125127779673 20.3815043387239 21.6210856205854 22.2938543238839 22.4971653543195 23.2226475184065 24.198696722694 27.2673045893816 24.8278718491933 25.0201872408055 24.1231133650183 27.3350234521189 25.3126772675375 25.0719004503706 25.0188764894511 23.4563368226342 24.3390867682986 26.1915353556121
18.6989398001691 18.7882474704474 20.6315998521732 20.2268130693431 19.9559121310012 22.6292027105412 28.9829161876337 29.410877563476 28.6976306131167 29.3278432401101 24.1852048774733 26.2198941662031 22.2672932401976 18.6415058783232 17.7514296197393 19.3422324409022 20.2732877740238 22.5290575529045 27.6753655465086 28.8439242771513 30.9013222844509 28.6694640488205 30.1727853441695 28.1192748199967 26.6571290424222 25.9034796384515 23.1203807698809 22.3980449597668 20.4454276146662 22.0827157397882 22.0413323435389 23.1648204180256 24.135154934604 25.2035388409793 24.8035897850541 26.0875613727684 26.7697681545337 26.6522032505889 25.5023964394609 26.251071063157 27.5053090235321 29.3594232077429 27.8479881940173 25.2935365452042 25.0547037022687 23.4784792079278 27.2663584874673 27.3462051269719
18.8537984710248 19.3735863211549 20.6198411927282 21.5479549853845 21.0952491314662 23.844331160352 25.9655120158887 24.8694683276179 25.9655120158887 26.4127489307561 21.5184764995323 21.2292617689302 18.750989211006 18.7141111953475 18.6178592785952 18.7551828860776 19.4735811653508 22.9944021491552 27.3273086469166 31.7247937860474 34.3327530358394 28.0293506196069 34.3018200885137 31.3465016074399 30.495233616523 27.9098625409207 26.2297325532887 24.0309284856952 20.713781730058 20.4764549346309 22.0613145120085 24.8701830295439 22.7988438341318 24.5608458463811 23.3971200445451 25.3000230847952 26.4943608836002 25.2790298218488 24.8026130696399 25.4656913907521 30.223029867396 35.5061087798108 28.320523229141 24.7921940489081 25.6797428488396 25.860315841509 27.9269498856307 27.1790714167523
20.0186461774702 19.110342155679 20.4527895740055 18.6618678401457 20.6198411927282 24.0951704899732 25.2126718215181 24.2748746690743 22.709586938488 22.0545382969681 19.8389130997028 20.1320900853953 20.2238726129172 20.9837468790862 18.0323510143536 19.3276406296188 20.6033688589316 24.1629527309745 29.8324987453402 34.5121319494075 37.0860639460769 35.8174569312547 31.9804205976459 33.5623358512787 32.3793662534813 26.5070205381013 21.8096096326068 22.4477713392152 21.900260014719 24.8859789383277 26.2108080208171 27.5102169904805 25.3508266236097 26.3848274977315 27.3350234521189 24.1469135969596 26.4462882949053 25.0810651500256 25.0188764894511 24.7835235280511 27.0195051697881 29.8307681949253 30.2145351579313 29.9852804651147 27.9041257054564 32.3254062410438 32.8677419598375 34.511746368844
19.1628261028792 19.5970240045694 19.3782965990193 19.1632354724301 19.6261352585063 20.5486906346484 20.812228263956 20.9401685817508 19.2853989623777 19.8073755935624 19.9851895323255 20.3184803657668 19.9125691244402 19.2070655085871 17.9773123876669 17.6149208819078 18.3954278820362 21.1796099877103 24.5701938006581 27.2641458387536 32.4753404044517 37.5110665952692 32.4691822018646 31.1988308547412 31.1610957288926 26.739441128432 20.8951956483776 23.4866134054786 22.9423725747833 24.2972665335399 24.0250809388897 30.4301544852191 30.0843715712276 27.757710333635 28.1271351913419 25.8039288580849 22.8456727707679 23.5974733482245 24.9283969796664 26.4319859468762 26.1044666219705 31.3940772359009 33.5551734851175 30.5034676465076 30.4646835830518 31.3208574301074 36.374124361652 36.794648440312
20.0532220392566 19.7855837954915 19.3079258970806 18.8949145008501 19.4271685377103 18.5249263199013 20.9557862178201 19.1066975211257 18.0351985427532 19.4184542174201 19.4314110999648 19.5845463346502 19.5959179422654 19.6995120374968 17.6092568056589 17.7718717562292 19.8802421922119 18.9794774381038 20.7973692226108 22.6965143679756 23.9069946133982 30.8733158803437 41.6170395962252 37.1335582871082 27.3711934460979 27.6980852187047 23.0758718105316 23.4292898725425 23.0621881509376 26.1226066326967 25.9967124811785 27.6916851144474 25.5722944702815 25.3641291069151 26.4755707943161 26.2793639182671 24.9757684016258 24.4898570953407 25.260289652902 23.6779120967028 24.9511499097565 28.7637633463271 33.8606029522761 32.2695588848513 33.0079901488935 38.8148007262594 39.5478385797594 41.6018935752443
