data/derived/r_cv_pre_snow.asc
NCOLS 191 
NROWS 93 
XLLCORNER 442474.332677425 
YLLCORNER 4080120.41147431 
CELLSIZE 500 
NODATA_value -9999 
[rows 21 to 41 of 93, columns 94 to 140 of 191]
-9999 -9999 -9999 -9999 -9999 -9999 -9999 -9999 -9999 -9999 -9999 -9999 -9999 -9999 -9999 -9999 -9999 -9999 -9999 -9999 -9999 -9999 -9999 -9999 -9999 -9999 -9999 -9999 -9999 -9999 -9999 -9999 -9999 -9999 -9999 -9999 -9999 -9999 -9999 -9999 -9999 -9999 -9999 -9999 -9999 -9999 -9999
-9999 -9999 -9999 -9999 -9999 -9999 -9999 -9999 -9999 -9999 -9999 -9999 -9999 -9999 -9999 -9999 -9999 -9999 -9999 -9999 -9999 -9999 -9999 -9999 -9999 -9999 -9999 -9999 -9999 -9999 -9999 -9999 -9999 -9999 -9999 -9999 -9999 -9999 -9999 -9999 -9999 -9999 -9999 -9999 -9999 -9999 -9999
-9999 -9999 -9999 -9999 -9999 -9999 -9999 -9999 -9999 -9999 -9999 -9999 -9999 -9999 -9999 -9999 -9999 -9999 -9999 -9999 -9999 -9999 -9999 -9999 -9999 -9999 -9999 -9999 -9999 -9999 -9999 -9999 -9999 -9999 -9999 -9999 -9999 -9999 -9999 -9999 -9999 -9999 -9999 -9999 -9999 -9999 -9999
-9999 -9999 -9999 -9999 -9999 -9999 -9999 -9999 -9999 -9999 -9999 -9999 77.7161184392928 -9999 -9999 -9999 -9999 -9999 -9999 -9999 -9999 -9999 -9999 -9999 -9999 -9999 -9999 -9999 -9999 -9999 -9999 -9999 -9999 -9999 -9999 -9999 -9999 -9999 -9999 -9999 -9999 -9999 -9999 -9999 -9999 -9999 -9999
-9999 -9999 -9999 -9999 -9999 72.7901104436653 72.7186616270047 -9999 -9999 74.2089869838191 75.1027488204005 75.5271811857464 69.6632279553002 75.2638215200759 -9999 73.2620542994782 67.8125812241059 -9999 -9999 79.8723661081555 80.1817825781093 -9999 -9999 -9999 -9999 -9999 -9999 -9999 -9999 -9999 -9999 -9999 -9999 -9999 -9999 -9999 -9999 -9999 -9999 -9999 -9999 152.095120876327 167.338947041237 177.613046563347 181.603836019401 188.260790314551 175.287386384192
67.5239118555712 64.156773385739 -9999 -9999 -9999 68.5348840531581 -9999 -9999 -9999 69.157565306846 65.812408775525 66.315604776305 62.5110329497256 64.6688907106417 -9999 -9999 -9999 66.8124430815881 68.0080879244485 63.2115829866655 75.3290587145003 -9999 -9999 -9999 -9999 -9999 73.5808442985622 -9999 -9999 -9999 -9999 -9999 -9999 -9999 -9999 -9999 -9999 -9999 118.106917484799 139.127876289797 151.753986038195 160.49002190613 175.55903537141 165.367817809445 170.067322518928 182.920817232842 182.117716004276
62.9440129924368 60.453388507087 57.9470733076249 -9999 62.7644302489676 66.8349996574891 -9999 69.157165615686 -9999 65.6168225336546 63.6223467886753 62.2982666067573 61.2712720416124 64.3134917966355 64.7785002754859 -9999 64.6993518872028 61.9095025430871 61.3532174021938 68.3843031963931 -9999 78.6902804102895 71.4687839877428 81.2868908925582 79.3800093243787 75.9945020925053 -9999 -9999 -9999 -9999 -9999 -9999 -9999 -9999 85.4439946117671 97.167582395925 101.936133430559 117.184018497864 134.062544325961 140.82061522799 132.847150324583 125.166213259904 138.216407420129 146.406987892018 126.945472300952 150.26837435641 152.311545186684
55.4253227038654 56.8755340742742 56.9424152013581 58.5475985234776 61.4758450192578 -9999 -9999 65.512923260683 -9999 65.3255879691581 61.2502621476769 61.2359774989568 60.9861265580827 61.1514040515196 60.9166713000077 -9999 63.2209608946319 54.4001590975855 62.2683126177106 64.6820194562102 74.6505447849115 66.4945188287148 67.9647359787187 72.9523079986159 71.6431020792566 -9999 -9999 -9999 -9999 93.1057331623061 -9999 -9999 -9999 -9999 -9999 102.122377243903 107.50655358999 111.063192140791 128.394840221718 110.056482606323 110.62109156702 101.167969104716 104.304497096692 106.925305315019 121.120874169734 109.036199198915 106.075047442542
55.7451943721771 53.0921519335312 57.8652341652461 59.1745382127204 61.632828368399 -9999 64.376410429561 -9999 -9999 -9999 -9999 61.994563631135 53.0202129716839 53.9970756756915 61.1283055841444 66.4490431919539 61.2412477130678 53.9203308084117 51.2542017452412 61.3449501684636 66.6499889415483 58.7837295763283 64.4979742561124 63.42598804092 62.7702409272565 -9999 -9999 -9999 85.0029330241327 92.4810999166018 88.7053137104052 88.5642205991799 87.3192311955271 -9999 83.0933177744352 91.6780479540858 106.137710452252 116.215521592801 104.57643395064 101.164953148097 103.393028420176 95.1443412540168 89.2114501701696 96.427704536303 105.297082501566 97.2754614078872 98.0014609965448
52.8558875789374 51.7244054940449 57.7265430241166 59.835996827147 -9999 60.9578262160993 61.3699141373109 63.4536939264147 -9999 60.9261608393028 61.694789376172 59.2635296483205 50.527812382249 56.6848329907754 62.0859524190583 66.0135624875487 60.9686893981161 49.609665968549 52.0831764399547 64.0379540815906 71.5960893485993 57.2330890189316 57.7086478954522 57.5256995915975 58.0823995361923 64.8113579379277 -9999 -9999 80.4994366318984 86.5600382151482 81.4250027065058 81.9431587223515 77.1370766588511 78.7498130828064 77.6196422926898 84.9315210016602 99.8648243067758 107.7135482085 101.309084605415 89.9767605721331 88.6548068048822 82.1508619061074 81.3180816332252 84.8513054027162 87.5156240913249 90.4194906966048 84.5115491380151
46.1983514867671 47.7901337152593 58.1860128318023 59.8500659632621 59.0785283996576 59.2641718500688 63.0025782158596 60.6581050005364 65.2898027937803 59.813138335118 59.0797154632005 49.7526472332471 47.6287936263322 53.9204713895063 55.467052482107 61.4821755773331 61.1360587018942 52.3569641438274 48.6192462524616 55.0021029675141 72.1067543368485 60.0833624076596 54.3649126737176 54.4103210779952 60.5298808244606 66.8722357580064 74.4336246644192 74.8049949022164 83.0433947624244 78.4118079720154 79.9717538417053 79.1283000142435 75.5029116775277 62.5812515380981 70.5494727216191 82.8574051375866 98.3262824511906 95.3566523803132 94.887470670361 85.0364941807664 76.9228310742295 81.2223003315098 82.769513787624 85.3730536910251 82.6571258585331 84.600763126531 88.5157558436846
44.9573378068113 50.3576703544937 58.1702503325212 59.7196779916867 58.1258618899587 53.5646487093786 58.4975315713798 60.4896625710805 61.4967900889572 61.5818658032602 59.8014046448062 48.6675975185142 45.5487896575677 48.2882991240241 52.6609815315999 53.9880799827353 62.7254300268486 55.0977946611392 49.8964985442914 52.0727812370139 63.0432883166948 56.1601440321149 53.9550783531127 54.5897548135886 58.6321870691499 69.8085981523878 73.8480123149828 76.1955129744956 79.2944628975322 80.4854643643076 78.6257078149158 75.184611204637 64.5695859579727 58.0287869851005 71.6311879203073 81.681827078299 96.1407007729715 93.0267146281907 83.5751859772992 82.4344402531537 78.8907837194865 81.8275653769001 81.93722946644 82.1277965778866 80.1359330190541 81.9901841971412 86.4521603203382
43.1501948961208 48.6940303104422 56.2679414886126 57.3698398692586 53.8052134893399 47.8990412993577 49.7720016907567 58.8223828087028 61.9499420678508 59.2975831259601 59.8112250296222 47.3672609050351 44.0464496822715 46.0759601607024 52.3884523343684 48.2695689971878 48.9166172483099 48.2272514087376 46.259085517063 51.4692739675904 55.3515496609709 61.4259594420037 54.5360774004938 53.5243279072462 55.7413214351064 65.7799662537792 74.41881454525 76.1367798792288 76.1594501664042 77.4992792506901 80.1489555350151 71.7582221517979 64.5042302255297 65.5336421923634 67.8436933560619 78.6100651864365 89.6970721513398 90.7408867401467 76.1538829571305 75.8839988324537 67.0140119884474 81.2979386355325 81.0627217204031 78.6975232621019 74.1714952249596 78.7532779948833 81.1122467733259
43.2383175865294 48.0035406429544 42.6042105722492 49.5686098049685 47.4981327329507 47.4534313682177 46.6704013878327 53.568135337212 61.3075493482882 56.5522548163003 47.9258891138676 46.3342309530117 44.7996664102167 44.2827625741697 44.3657496428694 49.4693425046466 50.0898731576254 49.7729228194591 48.540325909124 49.7110179193858 54.0500481555951 61.2816280053249 55.4280066751925 52.4249373676775 53.2837650974695 58.5058671461134 72.4063836043484 75.4888169011773 73.0972418973251 66.9787791484274 68.0058643617123 72.6689834588032 69.7540605734976 73.9679530615964 64.2366271681458 78.2653942508548 82.0378495969906 93.4706129848123 76.3880858680569 68.2543828254169 71.851327841858 76.1063547378344 73.1118012531359 75.2087864879082 82.0314834552007 91.2231868776546 95.6278948612007
42.53303814517 47.2315201765291 43.3134824221701 43.8546642524491 45.3922306925522 45.0166617943873 46.4361664568438 58.3299800330626 59.5903516117557 49.699797106633 46.0437158330834 43.514330434015 43.6831485758636 44.3135489835039 45.9689582151703 44.9674418034562 47.1976990776727 47.8648923844045 48.9016737973616 49.5584859169413 51.6885062060122 56.1352839957579 54.9207827590711 53.1559119001439 54.0701920169121 57.2631189521383 63.6455457007089 76.5561204973793 65.8919064111927 65.8412644185857 58.655338845629 61.4161904383777 71.7559790565801 75.3992068357905 69.5806290480287 82.0895792835369 91.2863366996206 90.467321634696 81.0550533708965 68.4627787239837 73.9731686392317 73.1248165245387 69.6715102567505 74.2827621121327 87.0294228989876 85.7181860763199 79.66441129094
41.1116748844469 43.2974525020242 40.6758495139266 40.276685001995 42.4088909448517 45.905438887884 49.1607306231007 58.294566858371 56.968947466761 49.3805703402454 45.0875300568331 44.2412857938085 45.5462972897245 44.9953105888098 45.8236718053325 46.586117074219 47.3575887361975 47.6941252714957 47.9627822442334 48.948729343615 53.2177150494215 54.1063521389919 56.5470342452293 54.1195506763701 54.1499885524116 58.6655524964028 64.0539492325007 76.17919920121 69.4019071592019 68.2722035477326 60.8573082089976 60.0116933873215 68.3692417738948 80.5436520069587 81.616637819314 81.2114810851468 88.4595329184413 86.8287884021569 86.7591742586229 79.2790765544356 72.259444848592 74.6309276453574 69.9302493391174 77.4384744389321 82.751402997953 81.1540330599356 80.488304228148
41.0513888481601 41.0345307494322 41.42253494351 41.282353725236 45.4070016673442 48.9932736011168 49.7961312796675 46.5110524365828 47.9170522944697 54.4383617865854 45.7371131426174 45.1684797004589 45.961796600434 44.4811336476881 45.4758516448799 46.9175565912895 46.8893289786127 48.3411174227933 46.3085589090801 48.3055252240824 51.9752966010736 52.4318366790672 53.0941670762152 51.7527974780087 54.4906303335918 58.3486761481413 61.3998218178483 59.5782294700767 62.7987784742395 61.4828745550119 60.0828466700823 60.1978974899206 62.5119797778926 75.9305951746753 79.7971626639963 82.9373418940398 85.0052516425223 84.4694904444278 78.8852630719294 82.6010296610101 71.8145194625564 69.9428307303555 73.8599112028388 84.4622628182663 79.9201565740354 78.4452138782235 80.1261291928057
41.0778874410208 41.4657802179514 40.4361897528026 44.4861177684687 45.8694584780109 44.23059836915 45.6836408817617 43.3383593343966 44.5306829010071 48.8883844731223 47.4252291649434 47.6632886023219 44.5186775971002 45.4554441617589 46.1922197179415 47.3034580138993 47.754417555913 47.3396431003777 46.3484539267881 47.5925228896004 48.8596699209684 51.4651228583033 48.3342616812626 54.2157339143713 55.12638829684 55.7906580393028 58.5137652133961 55.7569135328782 59.1109333538148 60.2857790778169 54.8578355199051 55.5654133342559 62.7247372662711 67.8346182083463 67.7088797538864 77.0108083201312 85.8769529435509 77.8352222807493 75.1789325550143 74.4920056205046 70.328995928412 65.2402206391903 72.3240432606751 79.8726987242718 75.2718008118216 79.0489376322817 80.5548563517549
41.7433893665903 41.1259106479625 41.5453290322831 42.6660563577286 42.4327987142385 42.6054484048718 43.9356809859014 44.2241848244924 43.5702673573155 45.4897832354714 44.6931671418268 45.5073179574874 45.2407259420445 46.3460942783851 45.1320558667985 46.579985612545 49.8501579449718 48.2075489364046 46.3071041942409 45.1452881695788 48.0425855319887 47.7677213956962 46.1557454713718 47.1827551817707 49.7520362150485 50.5413519010433 51.1140056909551 51.4808528982502 52.0857914414044 52.6321901965999 50.7284357010407 55.4757278224227 60.547473495715 63.9306302821512 62.2037643120267 64.4314962288604 73.4288917841059 69.0444906200647 63.2000342731097 72.6551039648748 65.1888992825981 64.0262820549052 73.8752008610936 63.9051823410804 69.8691952191933 82.6064879632316 87.1280438289119
40.2386316323667 40.1872702379399 41.3722146207853 43.8468368557279 42.5102209783559 42.8578286931814 43.5639235045913 45.2749059316204 45.4106394812631 44.5158133623667 44.5538734548662 44.9323804008915 44.3070136518439 44.4859722408177 45.0854728350038 45.8714527801439 48.8417542059412 51.6451392578904 48.9090766512376 46.3935135210459 47.0233361519867 48.0239451631484 47.7806065455498 47.0639118309756 45.6045273316735 46.1761837873535 46.41753253517 46.8645830504186 46.4083932002265 46.5609473542706 48.0925425409758 48.3532019905584 52.2341337736762 56.575574720209 56.3046713693559 61.1138919501398 63.4586196894059 60.712336358455 62.0483615848588 63.0988025641738 61.5757207249531 61.8417710605543 60.7954040497304 60.0140064550303 68.5019570399893 88.4025980025806 89.7566274870849
39.9890788011433 42.0968597225358 41.9727704806798 42.8009769081785 44.880384482421 42.2214974113549 43.0930731386731 42.8041973509018 43.2136975310905 43.1535655588131 42.7094810419018 44.2428399620825 43.7267796665658 43.5836284024723 47.1018604375862 48.5718625984707 49.0697727716519 52.1423074842644 49.8584479537778 47.4854427697134 47.372996193534 46.5141079743784 46.5272767413338 46.9673667592817 48.0547397827474 47.9603356256418 46.7020588586203 48.956362375661 46.9058061108534 47.6358399392903 47.7278695513247 48.4461169549657 48.3886550351264 49.3776291378393 49.9077103388017 54.3454562031097 57.3893108983375 56.4990571795178 55.1285280523548 56.9171415207187 59.2556333034067 56.065937441837 54.4797464932549 59.6473055287782 71.7830692566002 78.3490184302158 77.9419097138107
