data/derived/r_cv_pre.asc
NCOLS 191 
NROWS 93 
XLLCORNER 442474.332677425 
YLLCORNER 4080120.41147431 
CELLSIZE 500 
NODATA_value -9999 
[rows 42 to 62 of 93, columns 141 to 187 of 191]
37.1712122668564 37.0386120834774 36.9374273524933 36.8442599237592 36.8852352400844 37.1209502476144 36.8882660325145 37.2120670619622 37.193406304648 37.3613835058964 37.4851483980167 37.5033071481397 37.5864647670797 37.7829586663787 37.7880668558854 37.6187752191319 37.428615205255 37.2532334088447 36.9556327165308 36.779963718504 36.6019979363686 37.4260384733959 37.2678347593121 37.3140194391514 37.2950033059905 37.5678380021116 37.6805280873978 38.0609911713379 38.1183689562881 37.9416491971348 37.8508888477867 37.9474168144412 37.9935617221013 37.8374840930265 37.6522978240873 37.454845172912 37.3514284133873 37.2321700226774 -9999 -9999 -9999 -9999 -9999 -9999 -9999 -9999 -9999
37.4737319426528 37.3393327494537 37.4319958640388 37.3223717972652 37.3110358684813 37.5244473689296 37.4092225388045 37.5515870906594 37.6852037037798 37.7714420825159 37.7782094090369 37.8142765155363 37.8370203203518 37.6310509052699 37.6854825270327 37.7564458186043 37.6672489374374 37.5330463727204 37.4298389684969 37.2794444172102 37.1125926965396 37.3636679550981 37.7519026736453 37.8634956880921 37.8581533707651 37.9738281852856 37.9437685232303 38.1919466726726 38.410620915505 38.2436372905613 38.248833820279 38.2222777882206 38.0316794596748 37.9312322106402 37.6577014576229 37.372079381424 37.2096869783257 37.071409990921 -9999 -9999 -9999 -9999 -9999 -9999 -9999 -9999 -9999
37.7305552317421 37.6655957556912 37.6978174806533 37.6499595948863 37.8106570838102 37.8735895846698 37.8984039882617 37.9766686227191 38.0882254877131 38.1209883256785 38.106832656903 38.1110848216843 38.1199972126505 38.055581317569 37.9468150954113 37.7589333315002 37.5704222666549 37.3716846444369 37.3948946612327 37.2606709556833 37.1157560586246 37.8742688533405 38.0905029340846 38.296090750537 38.468085977871 38.3473661404685 38.2471667991534 38.2267792607901 38.3556411968298 38.4824816458839 38.4824082913352 38.3419484888607 38.1541096654599 37.9371043607654 37.4825234478264 37.1793112768288 37.135427360024 36.9876065138002 36.8875472154244 -9999 -9999 -9999 -9999 -9999 -9999 -9999 -9999
37.7964495756376 37.7442946721848 37.8258576881218 37.8737518348642 37.9376094594705 37.9351877375091 37.9603753480159 37.997355878557 38.0517689465249 38.1919639405501 38.3440124769289 38.3936995171758 38.3608513708182 38.4284880134437 38.3574025417699 38.1559410532949 38.0651842440065 37.8627899536096 37.6821967467017 37.4755710092381 37.8744905709835 37.795653293198 37.8917595912055 38.2188758619568 38.4974729913803 38.7866040148146 38.8234978310076 38.6325384940038 38.5336518641407 38.4509077217252 38.3987074874557 38.4332644376228 38.2082202048519 37.9564730558001 37.4927677629947 37.1701326344855 37.0219339147938 36.8906017109746 36.774304005676 -9999 -9999 -9999 -9999 -9999 -9999 -9999 -9999
37.8586126863553 37.8462769682731 37.8080968652969 37.9070774098219 37.9803055799293 37.9810556595784 38.0022683419518 37.9679871271891 37.9740219795497 38.0737236429822 38.3168085688804 38.4733668061031 38.5068971011621 38.6379606011783 38.6207914516492 38.5844760604903 38.3393640299616 38.1953975141926 37.9444826226513 38.318122460148 38.0642906532064 37.7284957933818 37.6967598707377 37.7915978445991 38.2947968396038 38.6599011153492 39.133883218109 39.0396807734195 38.8193432492991 38.6146843732981 38.424828943789 38.2786321824087 37.97765766864 37.8070445240723 37.6407042562114 37.3220430962075 37.0646419675737 36.8278921968255 -9999 -9999 -9999 -9999 -9999 -9999 -9999 -9999 -9999
37.9129996192635 37.903364772024 38.9835723803146 37.8813090609632 37.9891591278432 37.9982541618539 38.0031771241883 37.993389728196 37.89393605697 37.9944311994155 38.269238859225 38.3913898800116 38.3874260865945 38.5653172717911 38.5552378379914 38.523590561724 38.6175547212939 38.468696511281 38.1098348284791 38.3851661280919 38.1499803886701 37.9556110301537 37.5565691555267 37.7324399015105 38.0473226328737 38.5694369171093 38.9854923065292 39.1020463635864 38.9727962339126 38.7538504663738 38.5846048840992 38.3155313444438 37.9520253299271 37.4990114840438 37.2931270242492 37.0892346498476 36.8852957937498 36.7561815788674 -9999 -9999 -9999 -9999 -9999 -9999 -9999 -9999 -9999
38.7420843629091 38.8772600882303 38.9748392357417 39.005049683259 39.0730136820368 39.14366072687 39.1608156371052 39.1471926405491 37.9308301075462 37.7615640832476 37.9662168778562 38.299235314219 38.3320498210065 38.409105508809 38.3501467099236 38.3876302909585 38.3562457970335 38.5165242136789 38.6599333090276 38.2924127865199 37.9679530094318 37.8130144617676 37.4562894414776 37.8990626598592 38.4172926479608 38.7226476334439 38.9256503373981 38.8730939823286 38.8033988177225 38.7042286464002 38.7054115193987 38.4744600479327 38.1002720543016 37.7008648145378 37.464824896801 37.1805105703899 37.303447650253 37.222109706794 37.0031771892389 -9999 -9999 -9999 -9999 -9999 -9999 -9999 -9999
38.7165728297987 38.8422728025094 38.93385769895 39.0237622462833 39.0781575444343 39.0712983837595 39.1225064494965 39.0569156935079 39.0827078108708 39.1169116366973 38.4423461096332 38.1879884669627 38.2313070941511 38.2383680311812 38.1541318926587 38.1684780358541 38.1411476143794 38.7465505950563 38.7344896177989 38.3570017023711 38.0070415702594 37.7303162683792 37.4960761167572 37.81166368054 38.322445105797 38.5161046570796 38.6966592796976 38.7034582007839 38.6693696949265 38.52812959761 38.5079546074728 38.3423191266532 38.1947344664137 38.2181278030963 37.950125115406 37.7812035032974 37.7856051860585 37.4490419455636 37.1500662889399 -9999 -9999 -9999 -9999 -9999 -9999 -9999 -9999
38.677138970292 38.8109772071464 38.8781695424829 38.9699478565546 39.0426827126401 39.1102788104466 39.1768356314106 39.2332797881381 39.303489937372 39.2327756292837 38.9184154307393 38.6349865941904 38.6059353278996 38.5911014812251 37.9515754733252 37.8685084319697 38.286448789065 38.5393520563145 38.5771770700496 38.533488758543 38.1747895315093 37.954858790205 37.6290798288741 37.6504139832925 37.8632521878176 38.1624872018891 38.4344501886568 38.4410226822874 38.3526411698499 38.3265040913677 38.4521028478638 38.1461848295112 37.9709159708048 37.795057989162 37.8584547390019 38.1159787564171 38.0996483622577 37.8885288163738 37.5074815861929 37.3061362296775 37.3697531548847 -9999 -9999 -9999 -9999 -9999 -9999
38.6716319673926 38.7745909960467 38.843520902352 38.9126357918965 38.989592415932 39.0821544791297 39.1077939935575 39.1510513751055 39.2434700239475 39.2104595934682 39.1866415256371 39.0710946360788 38.9710290125173 38.8113638317343 38.5988761383787 38.2739661224832 37.9902930669369 37.8373829624595 38.0771215007756 38.3442258141356 38.4753270182355 38.152696175004 37.7593148322707 37.3020869414258 37.5253738762882 38.0631762479871 38.2310422926654 38.1217556962842 38.0030282749596 37.9730457228036 38.2565003523789 38.3846040339485 38.2595815841238 38.0375479563012 37.7895244668714 37.5988735539415 38.2062136456143 38.1691365879502 37.7797139899765 37.5291318489609 -9999 -9999 -9999 -9999 -9999 -9999 -9999
38.6978153676119 38.7817950184882 38.8775345640726 38.937909234448 38.9396266749842 39.0561715619914 39.1080601735739 39.0494928669301 39.1353164452394 39.1408214298554 39.0564728183528 38.9991826633625 38.932947217906 38.7797673536104 38.5397395494495 38.1710268517054 37.986177730214 37.7195436133849 37.5995158247209 37.7985356497047 38.2229145881008 38.1006570531179 37.6297091334827 37.1042789255641 37.6217547605523 37.8966384902583 37.8251151980464 37.9098774776461 37.7569748465397 37.5556197690248 38.0118692210017 38.1889848901007 38.1643827105082 37.9935729680488 37.7460709519018 37.6012222325062 38.0904085376239 38.2393383149293 37.9759058478529 37.6077122065544 37.6259556306005 -9999 -9999 -9999 -9999 -9999 -9999
38.7702340513861 38.8233828157171 38.8852393148607 39.0027591272812 38.8872788559126 39.0454110649543 39.0530516626796 39.0271758230854 39.173001159548 39.1408101243199 39.1634881861219 39.1205598337165 39.0133533803279 38.8791365823598 38.6272480382106 38.27482192099 37.975438201392 37.7916571126599 37.2951176433495 37.5262837258481 37.8412796248611 38.0203924470197 37.6883214658996 37.0745709447734 36.9607492360824 37.5343221617371 37.5813386170595 37.5756557351651 37.5469489451677 37.2247946765202 37.8945725053873 38.0095737539052 37.9451323037139 37.7494436945762 37.989307083391 37.6509801877202 37.8683138683075 37.8992011765245 37.9067942020289 37.6480266239503 -9999 -9999 -9999 -9999 -9999 -9999 -9999
38.7443510706793 38.8208554653905 38.8883437381444 38.8929454873537 38.8600421317084 38.9968399335398 38.9438989209484 39.1008598311926 39.1271437976449 39.1573696134411 39.1454934650173 39.1214591992412 39.0303553513585 38.8337676578273 38.4867072952065 38.3744422109285 38.0277987080027 37.7579471406251 37.3853045517812 37.2189002064845 37.741660928001 37.819748036538 37.5885385201059 37.3539180695134 36.8906164434012 36.9684628513402 37.2532589326826 37.3431448778696 37.4063879371337 37.0836197453131 37.4861681097393 37.7721421377416 37.773450030133 37.5676843436014 37.6984081440905 37.5567526149067 37.5315429569665 37.6046375175547 37.622700888247 37.6862257880121 -9999 -9999 -9999 -9999 -9999 -9999 -9999
38.7534689972206 38.8068089896266 38.8745590259176 38.8251608518046 38.873778826144 38.9491612040465 38.974594432773 38.8253466382398 38.9336275075193 39.068040759553 39.0282405421546 38.9819785270174 38.7974331243659 38.702403893112 38.2983024419458 38.1620631907594 37.8969864535793 37.5975928600171 37.2818011730366 36.7786834607753 37.3429676563836 37.648755014086 37.550541061218 37.0970216037891 36.732607252523 36.4545676779851 37.0713956363592 37.1721590753961 37.0337113628137 37.0057608767939 37.1113971683467 37.394826692333 37.4587585123441 37.4354225565328 37.4578827675541 37.4563479718486 37.5176968140435 37.5339190036528 37.6936881623378 37.7324450416501 37.7379533786727 37.7757602272719 37.7720828233991 -9999 -9999 -9999 -9999
38.7367328638946 38.7992010371827 38.8903130017968 38.8823628728248 38.8301197311518 38.8824770300802 38.9388905671532 38.8320505784616 38.7654987912113 38.8354033662253 38.8542298405634 38.7547376538501 38.7921958430964 38.442925150798 38.1960768692407 37.931740325435 37.7978836351077 37.6208106120736 37.207980763497 36.7540456448236 36.8999053358358 37.3820027765917 37.1973548313246 37.0697687787256 36.8724358803014 36.2439513910118 36.627149725121 36.7988251521161 36.6679575146947 36.8502415157178 36.9112503449678 37.1083457152755 37.1855214936219 37.3186791160253 37.5290421165874 37.538481549332 37.6351301049462 37.6416906484212 37.8028487077016 37.7683111416952 37.797974291208 37.7175897482403 37.8166761459421 -9999 -9999 -9999 -9999
38.7671734926609 38.8244344486312 38.8494425477516 38.8941095310899 38.8285258012161 38.8129542059224 38.960270306904 38.8123070393491 38.7337758282871 38.668751267764 38.5607135882694 38.3807524731384 38.3588205683253 38.1546015383601 37.9666561999581 37.8033324769598 37.5225574503921 37.3529728848255 37.1325644591663 36.7816680724393 36.6528777248397 36.9295811506848 36.9492369374929 36.755648037079 36.5038561409678 36.4503351465804 36.3839082963269 36.6887150519017 36.7171624626815 36.9241281793737 36.8873729746733 36.9479497930657 37.115844759402 37.2451904408339 37.4609895443583 37.4017628594429 37.5222358908177 37.6198517049268 37.7221385586475 37.6780744989722 37.6893828850937 37.7061011919574 37.8164694119521 -9999 -9999 -9999 -9999
38.8074594774996 38.796869647307 38.8242479493602 38.8787090598998 38.8533807839495 38.6802322623737 38.7885833077189 38.6059503694962 38.6608732600882 38.5640646872605 38.3736599947583 38.1070100215612 38.0284394111546 38.050298900901 37.8386683189234 37.7304679413263 37.4798559045004 37.3386215952081 36.8696405144469 36.5953994216717 36.4999462283983 36.8490861339982 36.4921984596881 36.4401364257198 36.2260089966707 36.2164644295896 36.2447324914748 36.4639981280589 36.5599151318985 36.5920254234146 36.8491107594489 36.7856694183274 37.0251020793012 37.2184834357413 37.2985283676923 37.3742808690712 37.4534916654282 37.4900209198449 37.5677416961774 37.6089029828902 37.6473146151147 37.6864659233967 37.7119697115769 37.7686658736662 -9999 -9999 -9999
38.7972999576973 38.7755387077484 38.8093521902317 38.8620708770063 38.7871323347887 38.6902840367507 38.6851453210148 38.6666980299549 38.5666299547204 38.4694901524046 38.2821505697323 37.9933728220493 37.9766681808781 37.7912667599989 37.8269473817499 37.6278328124222 37.2884171169087 37.208196067582 36.781482683053 36.792804006965 36.191497688999 36.4028039220001 36.2999187836408 36.2408082723575 36.0565157716796 36.1976647521503 36.0980949690664 36.1796157815503 36.3244270341985 36.4363976049348 36.7672273190278 36.7601388520188 36.9525004847026 37.154698298163 37.1255784148983 37.3243371902522 37.3738504664092 37.4445020066947 37.4787013609843 37.567293439978 37.6243754700001 37.6236978223184 37.6404343520327 37.6602921153982 37.7237002003505 -9999 -9999
38.8033414330233 38.7854392598397 38.7986558431546 38.8191155071985 38.7070599974302 38.6460290659695 38.566311022028 38.4307051529373 38.4558361953822 38.2946628475314 38.2052571230609 37.8307609209474 37.721948031863 37.5324412793893 37.6096245521072 37.4015717372581 37.0439129985506 36.840733306512 36.6730575377014 36.7351595139215 36.2991807794069 36.1526821037997 35.9815125027061 36.0890485090115 36.0201091643433 36.1175760595248 36.0640248217933 36.1913835565958 36.3165497634749 36.37880607505 36.6750493435594 36.6084155937679 36.7836031218372 36.9894508840642 37.0934109212422 37.1240896012852 37.2615283194935 37.3408517908678 37.4142095044894 37.5068017378152 37.5603520116483 37.5697568741387 37.6371691224301 37.6530242866037 37.621471045526 -9999 -9999
38.8076767252847 38.7932892939053 38.7769240923876 38.7228695802479 38.6010399671174 38.5648224731842 38.4531745269124 38.3061931925174 38.1800603792781 38.0562426997195 37.9013465195148 37.722263801388 37.59067526478 37.432323572539 37.5427025217469 37.2593208968775 37.0474593297465 36.7422791238498 36.6123202837503 36.5013658204833 36.6374677523836 35.9814321935175 36.1037851920026 35.8811482513407 35.8655284460795 36.0244401569321 35.9780605690828 36.157234328683 36.3050846550499 36.3067951387351 36.5264787465289 36.6376907856364 36.7655003815205 36.8287029614959 36.9216528526773 37.057583300318 37.1722670387773 37.271316573963 37.3445647333562 37.4234947415716 37.4631451690885 37.5060835565857 37.4955882326317 37.5095633930965 37.5802931241658 37.6539357053229 -9999
38.7948607114665 38.7766994647803 38.7858535916928 38.6041047148915 38.582591947549 38.5600420194895 38.4457893671401 38.3992381371232 38.3635834422327 37.9929280438616 37.6657235804101 37.4648141575876 37.5459231462646 37.3138821535284 37.2201516870026 37.0235779168764 37.0593861214919 36.7803229016696 36.3835878046472 36.3756387999647 36.5111204411973 36.0440127573427 35.9417623163115 -9999 -9999 35.9336476418497 36.1063629905413 36.0911788480004 36.1858729600303 36.276348828248 36.3770448493323 36.4675889716091 36.5763241992189 36.7099208697733 36.8479748631675 36.9642850846344 37.0827294672028 37.177560016853 37.2670165077136 37.3096958437332 37.3637782807131 37.3810767918587 37.4184831663327 37.4037435654153 37.4263282665247 37.5440633100253 -9999
