data/derived/r_cv_scod_1250.asc
NCOLS 186 
NROWS 74 
XLLCORNER 443300.206538099 
YLLCORNER 4085841.77455235 
CELLSIZE 500 
NODATA_value -9999 
[rows 44 to 65 of 74, columns 50 to 99 of 186]
42.5354191062704 42.5354191062704 42.5354191062704 34.2991127286823 45.7937780244858 45.7937780244858 49.575376010494 47.5659227143392 45.9713791282498 45.564510457751 42.3102978721499 34.1273169780626 36.6624369139465 34.2234107005122 31.6711662604419 33.7703225028361 39.0061979157643 54.1078622394171 49.0771908882628 49.880790914445 46.8649253096753 41.0830311669346 41.530356421284 41.2791465427051 46.3886636038023 40.3103246688223 40.3103246688223 48.0151442552044 55.7199638415866 48.9639270904123 33.7068406688974 34.0592043717179 34.0592043717179 41.3330898997553 41.3330898997553 38.4192707320525 30.4917654296377 36.8924513989166 24.6400958575864 27.5260284342026 29.7615508907954 34.6242127205866 34.2827334698852 34.2827334698852 33.7951754484447 27.9131784520471 27.5183867378737 33.1735645608152 48.469538091582 49.900132552049
30.7289401586004 39.733948463213 37.1186650721347 39.733948463213 49.9267971877965 37.9239092657124 47.7643580530771 41.2356553844011 56.5002172149277 68.837648020076 49.8831554761279 54.3269491767445 40.7806495856474 31.443529885505 34.7077979902113 30.2975797350049 44.5635345770951 54.2195162330687 40.8512342274593 48.3026107321483 30.5012439727966 35.3546926058884 43.3320447595447 49.8326431038685 37.3519086361533 40.3103246688223 40.3103246688223 55.7199638415866 51.1697040316783 43.6442689457528 28.4512354919012 33.8805970523346 35.1613153089074 39.678513292157 27.249775391221 30.4917654296377 28.4229639644372 30.9582428121038 25.273051373698 26.0868428365311 39.0176862250944 28.8220893397698 29.5320885533257 33.5381567351922 29.7626482061092 27.9131784520471 28.554933326006 33.3910548034719 54.546081497138 50.4400828346955
36.2662563684194 35.2018874648493 42.1174229706064 40.6685695011516 39.5802986652587 46.5686573028656 45.9759179941485 58.2540563083263 53.951361924776 56.0377405758468 49.9919682151859 43.979441942425 40.7806495856474 41.2357981336913 48.7175236397163 55.5441694184725 46.9948848307111 45.1655952530917 45.3215981195646 40.4574435334415 28.8168536268193 35.7992984851746 47.4328343812214 48.2059300369975 36.3614779640877 54.4339428211307 40.03311016532 36.5909610297276 37.9309567238046 28.1120901262139 30.306548185686 32.3111002125267 37.6435990894013 37.4054866097668 30.0618567045 23.7934106292112 26.0868428365311 28.4861161676899 26.0868428365311 38.0069364307923 39.273130334254 30.3959624893732 35.9883514188788 31.4613620699011 31.4613620699011 29.0289438408584 29.8322367361242 44.6488064356338 49.1061112222214 54.3118825927945
44.2494869350719 39.4622186095881 46.9615667283205 44.9486357287482 46.2542095947803 43.9943440863538 41.2357981336913 44.5451849729407 40.2651833144071 48.4690275295369 47.7938915677299 33.2161225741951 42.4857211361484 36.957988011402 48.7175236397163 48.7175236397163 52.5829693420756 29.1047463596489 26.9202697342339 31.7268750997042 34.0426264869685 34.8432642284591 37.1386289660571 37.4925540854922 37.4925540854922 47.311829879619 54.4339428211307 46.8649253096753 32.870395025693 31.985186596328 29.4762769389934 30.6455735736343 32.0673646050215 35.5948333700097 35.8486539540553 29.7456580381883 39.0117382683151 38.7296908199481 35.4316811652737 45.7346485079193 34.7405355252625 27.2836901178185 31.2335413671065 31.4551201466445 29.9891167263189 26.7342618495304 26.8114091307721 28.1609410579294 31.0713325946782 53.7360957603731
42.0546926477456 39.4253430770028 47.1646349065195 42.4193293412157 45.1069986823285 46.157480968075 47.6487395274126 44.3492323779969 45.127197244263 45.127197244263 46.8842578695656 37.6367907938523 42.3593869289449 40.1752175206294 41.3541226786013 42.1439767117544 45.3997164677133 29.7165622045477 30.5621668763254 26.0105684798109 26.0105684798109 36.2662145398236 45.3426893933821 38.6385853884309 39.6272598109464 40.951825540312 34.8753899004813 23.7934106292112 24.3104591594679 29.2082177625476 29.4762769389934 37.7238594698306 27.7089960398868 29.7416651925676 28.2965241783199 27.220075697084 38.0718210306201 38.1586109427775 41.2071847219814 32.1972684661448 29.6189794499509 29.0639215946771 32.6726471872291 32.5121101179897 28.4365508934053 31.709772722979 31.0023866404999 41.6255559030374 39.0657815007607 72.7260626548393
38.2251010999031 39.3421236471852 48.0957428738692 46.8857747066711 41.9810508207493 53.6257500344825 51.5312864520414 53.9403845974675 47.5851014535209 47.5851014535209 41.46694086768 41.9678365011799 41.9678365011799 47.8353682423885 47.8319278704734 47.0290357146308 48.5345361030368 29.3481104013313 35.0279589314375 35.2928333286653 31.9081022221301 43.4216073435013 37.5634944232041 34.9836652916533 39.4146495757267 37.0676492460627 33.4503477405027 25.2343982229912 25.5547943253226 46.9515088237299 43.8406618388707 34.4184710458428 29.1870336803562 32.2090086761135 28.9005241346643 26.4578742886811 31.5095300739074 39.9695804133409 53.0305140867663 28.5953081529683 27.7650122614819 27.6583627137511 26.6844354511043 45.0753110655813 27.2750393311037 40.4693629065404 53.7871230205005 64.0717077055593 67.7651668080772 87.729893888366
37.5287786818428 48.3732947202686 55.0258726314645 55.7040100377283 45.6641939336151 42.0249105718077 40.9086227103192 43.4731217088555 46.7871243727007 48.1412313795629 41.9678365011799 41.9678365011799 42.6820032939179 39.8034176900063 51.0389375707555 55.4428055382678 46.5445191852839 26.5212991691566 39.9834275222349 27.0285969587801 25.2360811088007 30.9195197110165 37.1240906156147 40.8768911636725 40.1136138619066 41.5062365097539 40.0129023263478 32.7644124733634 44.807464324293 43.1376237009411 38.8927131420111 29.3271479239616 25.8113039635173 26.7542824590998 24.0846255421296 28.0706004957986 27.4025632591573 51.9038669417507 62.0800642762105 30.666597143897 23.6422710112631 23.920871533775 29.6174653627787 35.9827709185979 62.0572285726979 73.4837058997858 83.0217392398838 102.68375909214 87.75912617243 75.518875386716
46.3617940695218 44.0240990367199 46.6899376944141 48.8273780060539 42.5411006739537 40.6168733516122 42.6198951372979 47.6438945233512 44.8516688404708 46.0206519594768 44.8504177703271 51.4964040246611 51.2448039267953 54.5722932579908 40.8207491499697 33.2162377891285 29.9864716513347 60.8910294864688 38.5543567794274 39.7138498426456 27.5110915254277 29.096054236693 37.5816454534629 41.6149578145195 34.5102606637662 34.0509404667761 34.1710875518273 32.4329916163475 32.616475268074 26.0495627472029 33.2574858455733 30.917284817762 26.1633275082434 27.206786966443 25.6765359767975 28.9509604396689 29.6039609873578 40.4454914423728 45.8421040744247 29.3235345785497 31.1518467158795 30.2769811517866 43.1312178420612 52.7972773190786 60.3877968031547 87.8794305445423 101.377982084661 75.6067315919171 74.6534808726663 75.6067315919171
43.3320447595447 48.5431136710326 49.1200017070963 37.9272059776256 37.9272059776256 43.6318260939443 57.5437144165618 47.6438945233512 43.5974382964338 43.5974382964338 43.6808833049503 49.1824065254883 44.9516300943224 38.540513304315 36.0290327462454 54.4753417148793 46.8216975521304 51.0769128016375 43.7838052828931 30.9128960144209 29.8388153744535 32.7361005633059 48.1158803141122 49.8084747052208 36.5148043847315 31.8737390656166 27.4091369394771 26.7630264882186 29.7556082517777 23.8900787520644 30.1907529845068 27.1419021286694 27.5146692013836 32.5307256339485 24.147292897195 30.2500003726663 38.2532147304689 40.6403681024493 26.1289474023887 27.8993912213194 42.5255259134248 39.6702361401801 66.360895168566 66.360895168566 83.6754125660278 101.03276029569 -1 -1 99.2021936830613 86.8363324576464
37.8723608559251 33.7568148882677 39.5396371563871 33.6947040172886 31.5080243955326 46.657412174094 61.3492211595154 53.6989175392287 49.3672621979488 49.3672621979488 43.6808833049503 50.3918717511423 51.1402643478892 43.4596003281036 52.4763677187793 68.0725221528225 61.6765662343993 60.6722656989588 53.0757993905575 47.104314318925 30.2236498877655 23.9810582362188 41.8457860140069 48.5121918660282 30.2458064091173 29.524999402652 25.2374921863608 48.8612460517535 44.3358214551458 41.1939620972424 25.57155064961 25.1088191015994 22.601957868018 24.3759436524423 38.671489176996 46.9835042882801 76.889885554085 61.5568517899023 44.0119429440771 40.8536579454199 41.7069158708218 53.0721065499333 83.4576454710102 83.7039400915819 82.8302270462821 95.5927310695861 -1 -1 -1 -1
38.3690112106778 35.5195843714278 35.0431056920364 30.3535455707671 31.5308042054132 31.5308042054132 50.687542006862 43.6808833049503 43.6808833049503 49.3672621979488 47.2999759615697 50.1017006959593 49.4239307211803 46.9537251737528 42.9040704706492 67.9869268479038 67.162345655432 71.6111805914167 59.5365384061259 41.0456644494922 29.9864716513347 29.8062711834244 32.590995036734 48.5121918660282 31.2999602991641 29.7837875450542 22.5586408596413 41.4513743338917 44.3553927429153 36.5731257482722 22.4046619059008 25.4884030218303 25.0237032275338 29.8261272267329 45.2181168041936 55.5363962987356 61.2650837123015 62.1678152198251 50.3848201961431 65.132192548493 74.9867368526723 79.1012485826325 95.5927310695861 95.5927310695861 125.392599219075 123.699223208954 -1 -1 -1 -1
40.0799732932586 30.2791717503808 24.6925668451903 28.9282479620959 30.5415514783327 42.1443672666668 48.1204542898699 43.6808833049503 43.6808833049503 43.5974382964338 56.1471887665058 56.1471887665058 46.5766755395712 47.9258483294352 42.4469161372418 52.5988428963294 56.7677044189432 57.0640150986867 28.9529045461314 34.7441912983555 30.4325527503684 28.9163659268456 46.9845142953081 42.2018013525761 36.5892118219162 26.1473161433916 29.0748273506538 46.8142327690625 47.9241334536592 29.8822852434001 29.8336366363882 33.5108105070962 36.6942427227016 57.9398760928593 55.685947556936 65.0849404524707 86.4794205816043 110.57294566622 73.6243430386306 74.8106694171281 82.4892882127556 96.7423117091447 139.929253257511 -1 -1 -1 -1 -1 -9999 -9999
29.8221480496888 29.8221480496888 23.7820354142019 33.5183797546438 36.9591625037694 38.1674502842232 35.3188135247272 40.6618996861528 43.6808833049503 54.9205767994398 42.5411006739537 47.4875206278936 41.3485295100811 40.2168180035898 47.1226045233326 40.7446398920957 42.7582681061453 50.2009646949797 24.1137033473396 26.3509708076978 28.684235181348 39.8135854732349 46.1344537274809 36.7102584698484 34.6586272899999 33.307867106693 50.3559788074125 50.6426475546703 50.6185385536874 48.7329445558699 43.186579098955 47.6109264788998 44.4523183973271 58.655764310329 72.8337701157193 81.1581997676649 95.6805750170604 127.416495901587 110.998780642451 109.752958436005 139.929253257511 125.271442685041 -1 -1 -1 -9999 -1 -9999 -9999 -9999
26.5484726555247 22.2592501083171 25.5670102786499 31.1810704393008 35.3070562380947 36.4380146678091 35.2448363414952 37.4492340967853 43.6808833049503 48.6094811472944 40.128552893174 37.6559750854911 27.5911021280042 38.4510928790111 43.5947892848959 32.0347793236448 37.7236968748359 38.7185150646987 25.3274565301618 26.6254494677125 30.7751128104128 42.460036782051 40.5747313257186 43.1069906125177 36.6523741247582 35.0494698930811 50.2820250068784 44.6404152482437 53.1921392002446 77.7716250815847 87.7660073269973 75.4047761170586 64.8499047168885 64.1162116962698 83.0217392398838 82.8705941815702 -1 127.416495901587 127.416495901587 125.271442685041 108.379244141318 -1 -1 -9999 -9999 -9999 -9999 -9999 -9999 -9999
24.3009650544891 23.6901799067287 26.5151330187965 45.2792818334906 34.467957579854 37.2517459516019 41.7686369487806 37.6982118692311 44.982201450152 42.835653436344 42.0940696587084 42.0032368738708 22.5201759410286 23.4349034866202 61.7183387997077 51.3171126361424 53.2749153250679 51.5691283618407 31.1908177027889 18.7286930268247 29.860293996708 28.8802117597442 32.802366142369 39.7227838546673 40.7174522948301 34.5414102801668 47.6529910555098 48.6773833884833 50.8616327647702 55.0888262683698 87.7660073269973 87.7660073269973 76.5563037943532 95.3763793756103 121.320227730168 -9999 -9999 -1 145.243822243564 145.243822243564 146.119093409785 -1 -1 -9999 -9999 -9999 -9999 -9999 -9999 -9999
45.8239375390234 26.703480312924 31.4817268211259 44.6891863345006 35.6654540891409 33.8472334765542 31.2398041539661 37.5174248178403 38.7407753253927 44.7765363711624 28.5248233049108 44.4063577909645 51.2221106104055 62.357642943511 58.4544208105923 54.4144900474299 54.1902746688652 45.4374872947027 24.6451104437954 24.6451104437954 28.4933448323381 37.2639110613174 33.899211542486 39.2920322328451 39.2920322328451 44.296799040086 59.9374996919331 52.1714150658459 68.1463808643199 53.0900801850482 75.6917576522096 86.1844133407292 86.1844133407292 95.0266662978993 110.83662202186 -9999 -9999 -9999 -1 -1 -1 -1 -9999 -9999 -9999 -9999 -9999 -9999 -9999 -9999
38.0657747182222 37.6789584203078 37.8759991753304 49.9221638854088 37.7771440939825 34.2549542023604 45.7419278447428 48.3371589526941 46.7003904409242 39.8886348756144 30.2006606975408 44.5737069519272 35.6654508506413 59.1537104018531 61.5940674319716 65.1313049358599 40.1959877383071 28.0837063828789 31.0088570082948 28.7150921719353 29.1342344197947 32.2676227133718 29.4317921939427 44.1576790265994 39.6190937377415 44.7267054641287 56.6921692277274 50.8616327647702 68.1463808643199 56.7551196915607 -1 98.7638990677883 76.066155292438 84.2671013639399 105.589112219673 -9999 -9999 -9999 -9999 -1 -9999 -9999 -9999 -9999 -9999 -9999 -9999 -9999 -9999 -9999
35.8245964989471 35.4261967852058 44.931400099391 47.6227359173988 48.8207307422752 40.0344210531875 38.9271942282915 36.5564368151031 36.5564368151031 35.5785095591127 30.5061135523122 38.8745572936071 49.5199773334254 56.1682256845939 61.7467063678414 64.2470910763941 63.4832898779839 39.7512357970795 31.4202075105861 34.9050520637986 36.4479099119646 32.9628090476863 45.8614100553903 45.4871551987584 46.6808431933826 59.2245042684289 56.8881212381366 70.1147756408152 79.7923047607879 68.3880474489837 -1 -1 73.2030263724478 78.2874605951945 103.006170357377 137.5122375271 -9999 -9999 -9999 -9999 -9999 -9999 -9999 -9999 -9999 -9999 -9999 -9999 -9999 -9999
37.926406600323 30.8191131626999 39.1284988243526 35.9397737013865 44.561197090439 53.7933479934338 42.5766509130237 38.5127420676638 34.9143850043844 35.314624537646 36.8233446312526 33.5451052070527 51.5065918319023 65.1295909574293 67.1573500177783 69.5210504680775 58.4072746432535 32.623990344791 31.3077284743743 40.7725240637503 38.1027988286182 42.5220918419447 57.3503863705688 65.1556767491388 73.7756373041964 62.8934907065985 64.7900077774276 64.7900077774276 63.8633765401066 -9999 -9999 -1 -1 -1 -9999 -9999 -9999 -9999 -9999 -9999 -9999 -9999 -9999 -9999 -9999 -9999 -9999 -9999 -9999 -9999
39.3533859203937 24.3197488611333 29.2632397867758 23.7686490344545 32.3801583350695 40.4961300073672 37.148159510072 41.4556846211747 41.4107445394256 41.1994968802312 52.5991319363941 50.6143580726409 52.4237972676043 72.19555143999 87.0836959333462 77.1714923296384 65.3988429275646 42.8293255157487 37.8819923784736 41.8685286918965 53.9103739766496 53.9103739766496 53.7213850579953 74.197780337481 84.3168689586406 64.5575844750513 76.5563037943532 -9999 -9999 -9999 -9999 -9999 -9999 -9999 -9999 -9999 -9999 -9999 -9999 -9999 -9999 -9999 -9999 -9999 -9999 -9999 -9999 -9999 -9999 -9999
59.4307401855935 30.6039902579457 43.3759900514903 39.1947558739182 30.0797243930717 45.7021724688889 38.7121587294064 51.3785195785741 41.214221803041 44.0012090338233 70.3800355115827 77.6212466591192 71.6477996617493 82.7338283188014 70.3131022552116 -1 69.4559540080015 56.5431196482044 57.3623162298819 55.9514862950572 53.7632525077024 53.7632525077024 71.3310303412391 72.6099796766853 84.3168689586406 76.2124323600534 -9999 -9999 -9999 -9999 -9999 -9999 -9999 -9999 -9999 -9999 -9999 -9999 -9999 -9999 -9999 -9999 -9999 -9999 -9999 -9999 -9999 -9999 -9999 -9999
49.5801493890957 44.794752488143 29.5673577030089 53.6322403093243 41.7653952010562 38.8493066926664 44.4180687600945 41.6545237875277 64.3277663093224 69.4545252387074 -9999 71.4243776620558 95.2378280625054 71.760704922691 61.5598465317323 -1 61.5183768401308 63.7367031430482 60.5528812548505 84.6012859498844 64.6167810080963 73.5733422446159 96.5868532839822 83.3930598185005 -9999 -9999 -9999 -9999 -9999 -9999 -9999 -9999 -9999 -9999 -9999 -9999 -9999 -9999 -9999 -9999 -9999 -9999 -9999 -9999 -9999 -9999 -9999 -9999 -9999 -9999
