data/derived/r_cv_scmd_1000.asc
NCOLS 186 
NROWS 74 
XLLCORNER 443300.206538099 
YLLCORNER 4085841.77455235 
CELLSIZE 500 
NODATA_value -9999 
[rows 21 to 41 of 74, columns 96 to 143 of 186]
28.5753416598882 -9999 -9999 54.3573911038648 -9999 -9999 69.0901820688131 15.8913189839037 31.8431079973204 13.9555406769539 34.8445848942595 -9999 34.6023464921655 20.1143623117992 25.5291684532122 23.1596081107849 14.564208603182 14.8033793252666 14.2042281639684 18.047695537557 14.7992934392234 25.6737618399336 -9999 -9999 -9999 93.2604732434303 -9999 -9999 -9999 -9999 -9999 35.2402071854289 51.7635707357 50.7961175142746 60.2828622734529 71.9901887479305 69.1571621708865 67.3739878307937 67.3739878307937 65.229873556415 66.470885695346 65.7532386551451 64.5515625526613 83.6232298909799 125.882284197045 147.421332439069 -1 -1
23.4461047501608 -9999 25.7600756111029 -9999 -9999 -9999 -9999 -9999 12.494495518544 13.5582906094883 32.2184310889826 35.610628238134 34.757765297675 30.9753984150896 32.9458375122224 14.4517312043886 25.2036890896264 10.5799890229641 9.81052267262472 10.1391266927802 20.9086432084614 23.3868479504825 -9999 -9999 36.0910147876121 45.6716053644078 50.1142309204286 48.5129052793312 53.0580593692439 -9999 53.0580593692439 53.9016050850351 33.8475895847678 37.3258759560615 72.1999893690121 57.6840652401726 54.2008046915978 47.2518459117766 36.8416110193208 55.8977728115077 56.6030883481089 56.7849133663078 57.7859466176048 77.2725690823914 102.519871608075 147.421332439069 147.421332439069 -1
-9999 33.2588991804726 35.1870567721518 24.5559242366201 -9999 37.1818746425137 37.2217459674454 36.7301618361064 23.954000950095 23.1921386292 16.9478497155365 36.0348939053128 31.3552204718732 29.3117940503853 30.8461339783592 14.1919047268591 25.072602826767 24.6756569326259 21.8552818122223 22.8207866342614 22.6617548247471 19.6281782611201 32.1457589939251 -9999 32.9673786072846 28.2180478804495 47.8061382271346 38.6566782910279 36.2817913804887 38.7937786888215 38.3837859233575 39.8279888299345 33.5345542253708 67.6169461782104 45.9288160537698 31.85764311475 31.6746099215377 34.993780091435 40.087448925157 25.5025133589203 49.475267330305 26.1169062847775 22.8940097580771 46.6732402059253 62.8227815201353 99.1491469253476 124.981644514728 144.478422040151
22.63447608022 14.5646239515688 24.2415466722937 34.0452783769636 32.5335038962607 19.5570292397601 16.3419639515614 15.688481981776 14.4764417195209 11.0589248478521 15.8529771141409 38.8396988906381 41.9267047991179 31.2853931102594 13.0254095747096 18.9573013716179 26.4834645826207 23.8810647036796 22.2547303112075 8.62923729041975 9.08410315028241 12.3805639017147 14.1623373993263 46.6082155680858 45.9002615460556 15.8270301425697 23.5451817263632 24.0698773967472 22.5036780678136 41.417010679968 34.0713666658727 13.7510523900432 12.7779806765888 50.375370518305 44.4826945144556 33.4171440040905 16.0753325961361 14.6821651976776 17.6458907083483 37.8504882564902 25.8598160566073 38.8054770120404 41.6024145830246 59.746086134468 73.9536116626071 74.3409053181504 125.455588295921 143.908581851324
20.8621556301339 19.9997167144426 20.2621843163625 18.9589869576815 15.8206505107277 17.1342082556936 15.3889197105224 14.5341621881126 14.9151103205851 11.9698516331782 26.8560062284236 29.362570300871 31.5471190486416 25.0524476548655 17.0735532988123 18.5571124484091 27.8672376470744 25.6364583347643 15.7333189352072 13.2696126224732 12.5208722491273 15.7654930839724 24.9296324023277 30.2233368648632 31.3988083654084 20.7293262069941 21.7590277218264 16.485772188956 18.5576351807801 17.301839084733 20.2308107596463 18.9934416505135 15.6427899962697 25.9096434340801 33.0610028651603 25.9686711360278 15.8677498058394 15.6832194451171 15.3773375175294 18.6735615957542 39.8107354348186 40.1526132147156 41.5785199867693 41.3292092898728 67.8549342172107 72.0852397532025 72.4053096455168 109.596142443092
17.1110366932835 17.3078062165229 17.2619297811116 32.4125315729993 17.4314256380202 13.6126997242677 29.9059991016953 30.4012237662362 28.6378540016976 11.9727150944304 26.770604530526 25.3760330061229 26.3677356964919 13.435388357978 11.7961218608422 13.1899607606881 12.9732488080503 14.4770514448903 14.2844973040156 11.6470114365307 13.3940101732618 14.5905096746928 25.5998162700986 25.572105654879 11.5792429696852 18.5445492923781 16.9741049791962 20.4997983457539 23.5244527522833 23.4528024066473 26.7180461465993 37.4648513360135 35.4025222843865 18.9367346224073 30.099896061917 29.4028084124136 14.6004702432735 14.3903118063978 26.180786756422 37.6064804869663 15.6824058857862 47.4671473646761 23.6038403605232 73.4818354661965 68.6278016004443 79.8057963312618 74.0132911881434 79.8057963312618
23.7749668874986 14.9569024751471 16.8193777204009 34.8865519658521 13.7228478726274 13.2673046006869 23.5005523584272 30.8914517671079 32.2118392861279 22.920789269128 23.0491955868951 22.1648250005335 22.7609735550158 11.987403929865 11.6470114365307 12.4576927383336 12.3442033782825 12.6657102220323 18.8095981880056 12.3114542279476 12.1896225205005 15.6169385278973 17.4915654646783 20.6271062690814 23.415231357332 20.2760294795487 16.0823713177939 15.681458682909 20.9947569095227 21.2035734757787 26.5740382903324 29.6786480617419 28.3774111257861 22.0715168924576 31.0914759667644 30.1656985365896 14.4559249256737 20.0762193614939 19.0411630769661 14.0257636063327 13.2248747455108 14.351082565419 22.8722337188911 37.7118007561632 47.6922709309664 83.5326867768466 86.220805768364 67.7578125713783
29.2876171966792 23.406944450543 25.4734331443055 29.0334081954871 24.4970849711103 13.0527426683741 23.5546249468048 30.8039889707835 30.6980397717982 15.7781721944005 21.5498575104003 22.2384850773796 22.6173092488043 22.7039222216417 22.6173092488043 13.4210555212298 27.2735855297149 27.2735855297149 18.3507199146301 13.65524010577 12.5305693566156 17.9397104203927 17.2112294216094 20.2495385075676 22.3809963372152 19.2598816684128 21.7192760483333 17.7397534607764 20.3490890812543 22.3062046015037 29.3179062555911 31.6500948642254 38.0443037201962 36.7138540350605 14.110495497314 36.6833230516241 36.6222219526967 28.5707808603776 17.928183634117 19.4536491320923 19.2866023830796 15.8529771141409 12.8217845205228 20.1060103407958 29.0872802754145 53.6301206175476 71.9929046653657 74.8641350398379
28.1412912318516 33.4648949426503 32.4436279124711 15.4222179795634 11.567785487568 29.1198066589569 24.0284943309874 30.045981373543 24.0283964628928 21.2098498272886 25.4585500759002 21.4251078297245 27.8179070425869 22.4944556914665 21.6150716400464 21.0472261870166 33.3534682610838 35.1988084795255 16.9849265091732 13.7128208011158 14.5817963354104 18.4434248783615 18.7787649359411 29.6027472468394 32.1154447653043 33.6551439809806 31.3314181847571 17.2232980666526 21.135922548864 26.0217694338708 28.4438290394604 36.8290214226353 31.4987726862336 14.9457849338253 15.7979984592967 29.5152679970853 31.4125600496784 31.6920998386841 21.0053189226349 31.9107827740914 34.8573304469678 33.5149875902793 18.2489043068397 14.2122466923106 37.3941784687385 38.9791473962772 54.1621056493768 90.4770205974684
27.8553782429463 33.9240749479169 33.9843146422894 32.3685281456418 24.0458116642035 27.1322042418687 35.058786436296 34.46649624391 27.5978236977922 12.8704138023993 26.1111056348307 12.507559126648 21.9257668770921 22.1742757124787 22.8031669178346 25.5679118294087 12.1353630582744 13.7128208011158 12.3978611831378 12.194658746771 27.9663840050964 29.6774642842075 17.8824595463303 11.9883150725702 15.3694221539189 30.1109532857653 27.9939605948782 14.7548330274751 12.8127534212416 22.8529087718614 22.7998032065198 17.3660679744997 18.7707187963373 18.9928578772844 17.4807939959777 13.352775466611 26.1968269792279 30.9546831869233 30.3183054319648 19.4811697777027 23.124395779276 37.2655294434529 32.364634624516 20.2156907902921 37.5538553559357 38.8471964156767 53.2973943786667 67.3070120292313
29.8729314291409 30.3863570508004 30.3243462862553 26.8475014449546 13.1181613560202 31.4268606140942 15.6373117999143 15.6934615946653 27.1762616812528 13.4894738955679 13.4894738955679 11.9177575872468 24.135127250131 24.7671415224386 22.8929921733528 16.7530866976242 13.549622657157 13.549622657157 12.7267669770734 12.1353630582744 13.760208309289 28.7983673280081 29.2411163161872 34.5481243091907 11.4714205400424 16.1728545544692 13.2976017513378 13.5771482398452 14.596276720659 12.8127534212416 32.2100575502454 15.737273806867 14.9390750939095 14.9380926831418 14.3379508599987 17.302461904157 16.9181915323995 16.6054309693959 16.281116552286 16.7383820773199 16.831801235374 28.7386036234352 33.8358104155901 39.4251698662456 43.1896342733361 38.3235330062709 39.0202827775122 47.7400976990385
12.2840773433694 13.1777656295307 12.8189259520124 12.2267009694982 13.3084003172624 16.4355613696364 16.0726805442775 14.7897216654401 11.9464681031127 12.90512477175 12.5133465547032 11.7524745613928 22.6492450787078 25.1203169931188 23.6732488824397 17.622077988439 12.4455439612769 12.32727652061 12.086747215805 12.1685764019661 13.3223776708411 12.0416277350468 11.7942217606076 12.7267669770734 12.2856218284461 12.5235985431502 25.6673831666824 25.9427982971591 14.2244861940922 28.6527081991168 28.69416252381 27.4733348464162 11.8525121884459 13.4668803568524 10.7659083741293 17.4375525395572 17.5569965470799 16.73751664463 29.4184908111961 23.5523712641321 19.5189316332134 20.0654312219945 20.7012019730569 36.2758169041728 37.3542510078267 33.9504162685993 34.8240072928399 36.1309003809897
11.3813013464249 13.0713826434426 14.2162393002228 13.0352454086038 15.2140997175153 14.2977159576723 14.4182409014742 15.1778883596492 13.1832922052949 11.3513152664911 11.9203158612111 12.3805466764356 12.8603924002119 12.2765931486674 13.4285882928221 14.0044859712744 12.1685764019661 11.9978971648378 11.9978971648378 11.9982640724263 12.5345553471194 13.7999572304188 12.3126872779416 13.4971043937206 12.8720035197853 13.0665615484774 12.888752839191 13.231298491187 14.1348701421513 15.4438874369486 27.9399984868362 15.2048514015816 36.5449610986244 35.6179427060744 28.0245497898228 15.8498800626151 16.280117210347 27.3864841827433 28.4314485313621 33.9517370731076 29.9612144968568 18.1999792703509 19.9186021437495 32.893189283326 31.1738195778918 31.9938846522654 32.0557124177307 34.2901209665588
13.232974394833 14.8622632375892 14.8622632375892 12.5310120986644 14.1518029085915 14.1394779732959 15.1778883596492 12.7518130000356 12.6721160298048 12.7060101514919 12.8372166299454 13.4737588424704 10.7388208150962 11.7643273011005 12.7538617298281 13.4285882928221 13.7599871361254 12.9611181680517 11.9747558224363 11.9747558224363 13.1344819882025 13.1178854436875 13.4701598955619 11.9978971648378 12.3320543084684 13.8605382274653 13.9352399654239 15.1905390644032 14.7111900473439 15.1312312597888 14.2958239127097 15.4498640507016 28.1928159729973 28.0866813772544 27.3722648614836 15.4737426007758 29.2734716497632 12.0619753154519 32.1621763640122 33.6197518239085 22.725877837476 13.1552205829214 24.8328196436799 33.68812595964 30.9400215847261 30.9400215847261 29.3223292484353 11.3897814287982
14.2401525738807 14.1159854450184 15.6696348300293 13.9382428137732 13.0352454086038 12.2558760650583 15.4665816499081 13.7848696734333 12.6309931173871 12.6721160298048 11.1807343713438 12.4695278311567 12.2503001668477 11.2321546671433 12.6425219160748 12.9217760747716 18.5341614201033 23.6773982126007 21.9586678209761 11.9747558224363 12.0300674244167 13.1178854436875 13.0645133416963 11.6524429866259 12.1108590110352 14.2834934445899 14.8392683572429 15.1117623821557 13.5807425309396 13.5736735987522 13.0439246108463 13.3843790088227 13.6577608034334 12.1105497393851 14.3194070982243 12.3225417845197 24.6574720490373 24.7874676077167 24.7539117546621 26.1123122011985 27.0400475436248 13.4978193080767 23.132928741333 30.488716748841 29.352567152596 29.3223292484353 30.7353856836398 11.8354523432343
14.9200534905971 14.1890287197333 15.2018868502196 16.3647468482941 13.0467356941029 13.5155377760462 13.6750827166823 12.9812374560844 12.8903537545008 13.861509194737 12.879021397287 12.8460141216973 11.0250244182361 13.58053900336 16.1490924219506 13.5771482398452 24.691005228645 23.6522501728824 22.750040085633 22.6942116822506 11.8682805376338 11.3069467372713 22.6769237980952 24.1885078288465 14.3051179633129 13.7673545322375 15.5330712048349 14.5700033615563 14.6034724752051 13.6297330843524 12.5348790738517 13.123474703754 13.7790283569161 14.0776797653714 13.879292879415 13.879292879415 12.3320543084684 13.8605382274653 13.6297330843524 13.7073055402005 27.0400475436248 15.0949571954077 27.6501762231521 29.3819915374217 27.7887718959411 28.9396196279866 15.9542047656429 15.0554757137391
14.5488253755032 13.0445296435464 13.3653538250046 13.1210438740526 13.5711634404206 12.6034896178911 12.7090231040143 12.0618498425427 11.6024819160099 11.7380366820033 11.5956390067574 13.7916003496275 16.6135105354526 17.4263347544404 26.6698338359623 27.0074314429423 26.1001559486099 21.558764457604 21.7698264543159 22.8312487480477 16.7806824583704 16.9283299744449 25.437028926906 25.6086606387106 10.9601479415179 14.4257631077287 15.4463226016919 14.6842249906972 14.4906755188769 14.8062653111796 15.2025804533266 15.0117183397261 16.420898122994 14.3729975776195 14.2014055065799 13.737067019432 13.6857716012203 15.9153287072663 13.9987269389218 15.4588318081167 20.3555980544108 12.5285157706396 19.7958883328852 20.540603977112 25.5801806493142 26.9195373743254 26.1570955830085 26.3995426902343
18.7952663370095 17.718758219916 18.4379779495508 18.4686130540661 18.5179146814101 14.5972539424754 12.0308609207768 14.433432991921 12.0313273634773 12.0918864665553 11.9172348858427 15.1030020638092 18.7983074204426 20.8429478398695 20.1383996690762 35.8944181110356 20.3349853841601 32.2239995469559 24.3826532530373 20.7375621643307 26.6150896186127 27.1091655688053 23.1866594889136 17.0485063092722 15.4069543646262 17.7079037177462 16.1135167397115 36.4567604788931 20.9418253744704 20.5799207936415 17.8763134617108 19.9906974414829 23.0417870192583 19.4869564234788 19.2051313884078 15.5779623505788 18.8909852081646 18.878517836008 20.7098168238292 20.5776314962674 20.7049562557091 27.5301063738 26.5692480155497 16.7230314946418 15.7016099613509 26.8427033926633 32.2770805815225 33.1237884776688
18.3188513031527 18.1683712400056 14.9866242223201 11.0662382607007 17.2634579214366 17.1150236028958 17.1112686111953 12.3805466764356 12.0416277350468 28.2800075674757 28.3806364704928 28.09440035934 18.7999246548446 19.8003420364949 15.0405426720268 -9999 36.1786425039308 25.2672313087019 30.566805396702 20.8122346976901 17.5422178219294 27.8960873164125 16.1466966569979 18.0254656219542 21.5854899135528 21.9609501161453 50.0460944415296 29.8509572671491 26.4677585778061 27.4483849405609 15.8199206696084 19.5556459341086 22.2247103251265 20.4720768855854 16.8193777204009 17.1946622681851 21.0893767273683 21.2470336535692 22.8707008600478 25.5128895663431 20.30607964496 19.8003420364949 20.5945548329622 16.1529853387129 16.0710227388894 28.7574439529562 28.7574439529562 35.3464958408916
17.7848268169332 18.0089492379274 18.1920559045358 18.6505976180915 11.5966795944989 26.0764312551722 16.1395675175906 16.9853232109894 13.1475317207375 19.7564568902371 30.5558717969057 25.1155771104325 30.3079952186994 19.8606112807251 22.8263846931318 -9999 17.063754278082 15.2605831972417 11.780588396623 18.0304724657735 14.0330535293396 15.1024511422566 16.7956441946073 18.2489043068397 20.7049562557091 20.7785468343446 50.5880768334766 56.5506732300639 27.2897466792321 27.626946632348 20.0085575788116 17.4915654646783 24.8166680859673 21.7227942232308 22.5353705211115 22.0109414587191 22.0534593975921 24.8855826093625 46.9876585357704 36.8467471234461 34.6340606631024 18.4533657266929 17.9409058771926 29.9795278117125 14.9152101449032 27.9397139991352 29.2847777862105 28.6975203079847
15.2826828070163 19.025689548424 20.0359921955257 22.4625806867829 31.3472418858707 30.3168148413703 17.5524513458911 17.0035286838503 18.1621870658121 13.9159094888047 14.8343229134457 35.5065735958306 27.883173823415 19.6488877774431 25.998027732433 -9999 35.6220304830903 45.1515071882152 23.5353629811789 22.3266070043503 21.328942749009 31.8267330488503 13.1815254891493 14.1792258679918 34.0575951478117 46.8948178215824 60.1599434705458 67.9105968201636 46.4669417034188 28.0883895525135 16.9029656967827 29.8140030818641 31.6555228601813 24.2507782414218 38.4610331660515 22.9680419500659 37.1745669547116 36.5042523584399 37.1826143859227 38.7910167398851 37.3802176308506 20.1621638806824 17.3343317734778 32.3643550221117 29.4338688097822 29.8937719044226 29.2049158002832 30.3610979936374
