data/derived/r_cv_pre_snow_per.asc
NCOLS 191 
NROWS 93 
XLLCORNER 442474.332677425 
YLLCORNER 4080120.41147431 
CELLSIZE 500 
NODATA_value -9999 
[rows 21 to 41 of 93, columns 47 to 93 of 191]
-9999 -9999 -9999 -9999 -9999 -9999 -9999 -9999 -9999 -9999 -9999 -9999 -9999 -9999 39.3030983449691 36.6716038133819 37.1272452522053 35.6654366402458 34.1890754915793 37.5677705839263 43.3294852040765 52.2448238451926 68.6180083794786 65.0124684910775 73.3436439983167 69.7941878371199 60.1528538499585 55.3316548425742 50.6248092221202 48.0843442516184 47.2840561202833 53.5468258842664 58.4969709135686 63.0651388345382 69.7869443945651 71.1626567072422 77.7456531111804 -9999 -9999 -9999 -9999 -9999 -9999 -9999 -9999 -9999 -9999
-9999 -9999 -9999 -9999 -9999 -9999 -9999 -9999 -9999 -9999 -9999 -9999 -9999 -9999 -9999 -9999 34.3723484656593 33.8117933910444 33.9963324097982 37.0526864275125 43.863095592288 57.4554478774316 59.3644837375933 67.4813437743949 61.6335717615621 64.2329676147095 56.3189089710146 48.6302666340172 51.1939108867954 53.4851693439033 54.6675147158455 55.5391614333351 63.8108724553927 69.9378420083953 68.1845515913476 70.262504815952 72.0331501349522 71.6435362292986 69.3434612474107 -9999 -9999 -9999 -9999 -9999 -9999 -9999 -9999
-9999 -9999 -9999 -9999 -9999 -9999 -9999 -9999 -9999 -9999 -9999 -9999 -9999 -9999 -9999 -9999 -9999 29.9883090987438 31.2247927005063 34.7385808983362 42.7120938233347 55.4420407647814 55.5896653437847 61.4534184025352 56.9714162497603 56.2935813474426 45.68825613688 47.1856951450813 49.4598382302001 60.3931268541164 63.0830028365275 64.9619839628564 69.8470686708461 62.1128843073273 59.0609903452822 65.1786963643696 70.1652442946641 63.0940831545646 -9999 -9999 -9999 -9999 -9999 -9999 -9999 -9999 -9999
-9999 -9999 -9999 -9999 -9999 -9999 -9999 -9999 -9999 -9999 -9999 -9999 -9999 -9999 -9999 -9999 -9999 27.3172375020904 32.1107677513481 36.0905271787442 41.25408761918 41.7719315227572 49.0092314788789 54.2055660671884 47.5054950799424 46.3925440714539 41.0439513170297 40.7225688136022 50.7389811421163 52.3934200889242 54.7757063986799 55.0282678675557 57.7653532919798 54.5437218712451 56.6887592487773 61.5393020552755 62.5181320621073 -9999 -9999 -9999 69.4823394762337 71.0251071387061 -9999 -9999 -9999 -9999 -9999
-9999 -9999 -9999 -9999 -9999 -9999 -9999 -9999 -9999 -9999 -9999 -9999 -9999 -9999 -9999 -9999 31.3307863333553 27.1158116173515 28.700191628594 33.5441815524115 33.4890590578424 37.8633342834406 42.8396426942711 46.491126418203 40.5770159590436 38.4026436023774 36.1230803280517 39.3953670803935 49.4548268005227 48.2697728078841 46.5235779880922 52.1533193786714 51.2836485864906 50.3081331374742 55.3161324268004 59.3825058321575 62.5179611644371 -9999 76.6632652767678 72.346699150681 66.1422820727895 59.4488027337232 66.5164061689184 -9999 -9999 -9999 -9999
-9999 -9999 -9999 -9999 -9999 -9999 -9999 -9999 -9999 -9999 -9999 68.2199581591398 57.5574549499337 -9999 -9999 39.6722713902298 35.1227931789374 31.4323238372007 29.4742238765669 27.0801096128561 29.0757813820834 33.7016311124868 35.3711160138559 35.8251884877229 32.5642398536994 31.0837572522391 30.9305464115976 37.1758297993554 40.3137975081436 40.1573749263031 44.8084496065983 47.1454898395384 50.976565017734 54.4013606348266 55.1374599753515 59.2286449926946 64.7569596472254 66.3920439663234 68.9078879749674 59.1643526432561 57.0224586937971 57.4540718049937 57.7409055093538 -9999 -9999 -9999 -9999
-9999 -9999 -9999 -9999 -9999 -9999 -9999 -9999 -9999 -9999 -9999 52.4317240348637 41.9948847996927 44.0224815284935 48.3231547377622 52.7732139605844 45.949696416852 41.2367371208922 32.7346654107858 27.6845000310454 24.309025769497 25.919503820785 25.9988961355321 27.547588470516 26.429120741823 24.1882151534007 26.105498022092 29.4561795978427 32.8403570316165 36.8527683752286 44.9399397833369 53.0413941491934 54.0181357765905 55.9199810328976 61.6406570918897 62.1156941815504 66.4604805640322 68.5532787409605 60.3306590547702 51.6267674877327 54.2066588498105 57.6066436020339 56.7665570049504 58.2818089755667 57.5221904322854 58.8462785612301 56.0282620133711
-9999 -9999 -9999 -9999 -9999 -9999 -9999 -9999 -9999 -9999 -9999 -9999 39.4727581077937 37.1799001775365 41.883438570757 39.7103860575256 38.7587034632678 35.5467991245676 33.0524927346046 30.8312099846062 28.6970615887278 24.305925318902 22.38790130952 22.7111497878051 22.0938226801613 21.859182913479 22.053679479778 26.4048483070592 32.6658778856055 39.399638957272 45.5404767548248 48.8106448415678 53.6902208827367 62.733234142441 62.8487650202478 60.022392620368 68.9800558280285 61.6270226236655 55.2379074737153 52.4909617871414 55.7801044188208 57.0356186247147 52.0033449482386 53.9452130227704 56.8014072635126 56.2362617621001 51.9546937176055
-9999 -9999 -9999 -9999 -9999 -9999 -9999 -9999 -9999 -9999 -9999 -9999 35.9726640613819 31.5049472857166 35.7206880737098 36.7947166775844 36.314735463272 30.1511779831743 28.821505515071 33.0929235862632 24.4500828505791 22.0365302850098 21.2248872693671 20.6950854359056 20.4303343818125 20.2002562710895 21.8282641318389 26.4453683228958 33.319321645007 38.0039424702465 45.3399854003357 52.9360580874348 62.7171131071979 57.6619400568174 55.9077739117326 65.0674560146124 61.5861551048114 56.3292417616714 41.1266909468026 47.9452855831836 55.6704711083451 56.7804178653755 52.2128968578052 48.2468336120453 54.7332868837598 48.4886049379119 47.0026213437546
-9999 -9999 -9999 -9999 -9999 -9999 -9999 -9999 -9999 -9999 -9999 -9999 -9999 25.5433400580037 26.8219164530742 34.7106461968371 28.6567960528645 25.4967668184747 25.7838068378503 29.1220783970726 28.3183327450632 21.740837336607 20.3528890899491 19.2134661036488 18.826055572369 20.7170872481847 21.528783356197 23.4403551459273 30.2108954871099 36.1628186156673 39.0415379462738 50.945935979666 52.9816385021851 52.3839214781688 55.9916225428083 67.0199991482648 54.1917793885341 46.6031054646702 42.2786292370358 50.1258689545915 53.1083442344735 49.4111429287004 45.8718712698989 44.0501480293821 50.9151955877735 45.6770432278799 48.8387377526735
-9999 -9999 -9999 -9999 -9999 -9999 -9999 -9999 -9999 -9999 -9999 -9999 -9999 22.8944100166121 25.8237881807086 28.6875409249363 24.7955507201661 22.773433629998 22.4170624756928 25.3517449706467 23.7233791925792 21.7112766970872 20.3126181800561 17.8744588411069 19.1525182178679 21.1356416236045 22.9642494588078 26.8137400181779 30.2737822858043 35.277390636039 41.0614838046544 48.0382556184989 45.9146754735436 48.7860032109512 56.43723627037 64.0509646774869 50.7654166217689 43.3649083032016 41.3659522555528 42.2925459974911 51.3475609061207 48.6603843993937 43.1354284465376 43.6956879953622 48.4966423471366 45.665221984998 43.6072558639544
-9999 -9999 -9999 -9999 -9999 -9999 -9999 42.1343637088413 31.089890980929 25.1278493868816 23.5941352565503 -9999 -9999 20.6954341669738 22.1458949195761 22.7491911761904 21.7190512519436 20.0579011654659 20.1722822138189 22.0373782286901 21.6199510039299 20.6506372539417 19.0141359435923 16.7147925030652 18.2241331559816 21.27944895806 23.4222066434829 28.9877986673001 33.6176262689206 35.9515192329084 44.472636359232 47.7653667951936 45.4505563482972 49.4612622452906 58.0878513742191 61.750652109222 52.3797776226112 40.5031151501905 38.8509361298939 43.2758156087592 49.0672268380763 46.8381960698649 44.0241853898645 43.256056000166 48.6014374381275 46.5622611970415 38.878230211426
60.848647717613 71.8701735948334 -9999 -9999 -9999 -9999 75.6870949164499 54.2776551130269 40.5375878865809 33.3154914796237 26.3561195336693 23.7195657806601 23.484512641765 24.9295964815979 20.7085839488802 20.5699983371593 19.7736646691703 18.3395726195581 17.9546304179132 20.1835225289698 20.7662796962745 17.2520290389605 16.268400077324 15.0979420875252 18.1484447180855 21.9790481629426 25.3850454468733 30.6074214715367 37.7400687180136 40.1204948717594 39.4111696679702 39.3256074581259 44.2242300933479 57.6902405813294 52.8525496087581 57.1470492432609 50.4502136555994 37.289764003218 37.1101562491901 41.550952455248 50.9272483422469 44.1429626609951 41.986443232676 40.9469893765354 44.7658359582033 43.5501903421707 35.6114968299792
47.6223242794281 46.3523769140541 55.1055847053298 61.6261894288468 104.82908533529 80.9264625792224 96.3349020924462 69.2127275909525 50.9488231006863 43.2656332851318 39.6253000824141 38.526849971881 37.1882388706264 31.507266010618 25.3228389838713 23.1858990579804 20.2638256537642 17.1753289702937 16.779374958838 17.77584449129 18.4378808395267 16.8212541588436 14.0753599608975 14.0287473571857 16.265598891687 20.6354306257644 22.744268704315 26.7665881317426 34.2593681161044 36.8329670645584 32.9616397885091 36.5007778821003 40.6024410516622 50.7658741827446 56.8897383424986 54.6419693937842 46.0767922044587 37.4584256997589 34.6783260400583 41.6429866676992 47.0098609683281 42.3758131703511 39.2542974532539 42.7029772952195 45.3971344098849 43.347307930574 34.6172366106999
52.8346243408178 38.3672197781917 40.5054977529406 43.0904430447786 53.9319061678518 62.3728551498887 93.3320845192769 70.6892220361651 64.5278769711609 56.3941191182996 49.2363381264457 46.3606992673658 43.1751764237239 40.0887119708674 32.8220912065316 24.9535851621434 20.6985828129196 16.6246389832663 15.038059417092 16.0543815776233 16.1700352041376 14.0212254796105 13.3225374627167 11.2726587248923 13.9999240916522 16.5201809084346 20.2694407458255 25.6698224394978 26.9858128749523 26.445331898134 30.4019196977755 38.504664517886 45.2136054889577 46.6909229555172 47.6237021672388 45.7823088494179 43.7889602963654 32.5811720227872 36.4850863788571 43.6648419341069 42.7064545090455 38.0982099992899 36.3315387739102 43.1332310169791 48.4833954550035 43.9462926660602 32.8287963919239
54.6609676653426 41.2653640429428 27.0067263676771 30.4485727149589 53.1303340514106 52.2500449771225 69.2129840853168 96.6785532303779 53.5153043316462 45.4552339270865 42.0217640840237 33.3762606454576 30.2646513851975 26.5119740581268 26.5494664096472 24.9639900896655 19.4573426993589 16.0825633451493 14.1417453246849 15.1567222293181 15.4846942844443 13.7895705836805 10.2661326640887 13.0403356301548 15.4582509723687 17.9762026365618 20.772305698009 22.1260433907601 22.4521345498116 23.7004741476725 27.3358377224432 38.0094330668395 44.7450644690447 45.9766062353818 47.6024599006183 41.0382432765771 36.9753465214158 29.5582772025238 38.9435015299136 48.5605980735068 37.6259517601061 33.8214201006742 32.8798972970684 42.1331169941791 41.5050212343439 42.4895506426631 32.0699591245396
37.0370887787988 42.7682031462035 23.7138843675697 33.3521639029372 38.3603594146654 43.6442152513807 58.329349105664 88.9080805297588 57.2621712584527 34.1297776183262 26.7923837419409 24.6912115075964 22.3547838025921 21.9849017700265 20.6696145109861 23.896315321597 20.7243489224977 16.9505924966171 14.6169108074803 12.3476924229058 11.7786754150906 11.3217763328337 10.2431979836674 11.9404223879031 12.4261717814585 15.0682344855813 16.6315320816806 18.4686249095421 20.7397896893754 23.6955124510914 25.9596779105138 29.4651165642827 42.796407877531 42.5534475218112 40.6842370591803 40.9952009804428 29.7135286366942 28.4086066008225 37.7448228498641 37.1066141129942 32.4863725967753 31.4539573056228 32.0322620145504 36.6629700121529 35.4582978185566 40.1048101772606 34.2961900583314
22.0832231697552 33.6516823786944 23.2345723574046 22.5629553387391 22.2763396075379 34.3397721222122 47.3662036507774 71.109200136999 69.1552789716428 53.4676281828019 26.5039576439282 20.3820916615897 18.1234528178926 16.7751683486756 15.8833997635022 16.5398344601527 15.517574463656 16.4591896927857 13.8797081392212 10.4107126620116 10.9833088652002 12.1144605895517 11.2317413040573 11.2125389134185 11.8584914929144 12.0373963698566 15.0440544383126 17.518099960542 19.6084416664896 22.0194045973681 24.5675786455121 28.7056958350623 36.6707942758258 29.735132363933 33.517305504686 29.0178487300752 26.3342412787771 25.1114640748528 30.803037751893 31.6330258827144 29.9542475288297 29.089510818207 31.2985805303566 32.8929292911936 32.394732471153 36.4051008700144 31.4518964601324
18.414747737808 33.4007432832245 24.0435869159911 20.1100036645768 18.8587897664696 28.1087057719416 44.9822527001801 71.3206026314735 53.2865195800036 60.4910486659423 45.1613609217411 25.3136031556781 18.4011295823501 14.9890570689808 12.5395715301407 11.4294558677455 9.8073801639862 11.4398611091928 11.8725194128132 9.47527657758611 11.2246422231242 12.6752361750188 11.9032796794666 9.53450848230726 11.7274672836516 13.6001913009816 14.2591334299392 15.3383336954596 17.3286821985207 19.5132243262491 23.0324773655005 25.1067105818966 26.2469436259724 25.4453878044216 27.3719319872242 24.3564784747606 23.1480765762984 23.7235094767065 25.3488890928059 26.5318359065928 25.48695707379 25.1876881110039 28.098837796696 27.8311359254007 28.4899739908852 29.8984045222375 30.8433662790975
18.0376825626822 24.2960828435173 21.7495386955242 17.8369172455861 17.2604328817323 24.706800021575 47.0442416353729 55.650594680386 35.6396344390317 56.6869092676134 45.0446594802187 22.2335053279029 17.7898073913311 15.4398659215836 12.5410192967065 11.4572385237037 10.8168386034759 9.73330891175784 10.8085451266728 11.4189080589123 12.1408194717671 14.3003816516017 12.6895433586206 9.99997355359723 12.0667161959839 13.1235906043817 15.4297150599567 15.4460942926281 13.3922147928683 16.8080576576013 18.4233867000558 19.8715913897674 21.5727718905667 22.3117730593684 22.5268141357361 21.4959962673616 19.5663356932194 21.838116629069 22.5319193669914 21.8023021489114 21.6920787545231 21.8996975985281 23.2124474742763 23.8075658233115 23.4585898990396 23.4714284196837 24.4282394193858
16.7081441117391 19.6222449413222 17.4427464289333 17.2864341851757 17.4302068415729 24.9374991144245 50.4861591403963 41.1758504318624 26.1934491395382 43.7874843988064 59.6486629085775 26.295058335768 21.6964324676851 16.770885238242 15.0893288729903 13.7620196594657 11.4941435944429 9.5918165180672 11.6791580554435 13.0062645467573 15.043625447741 16.088191162242 12.3103466388615 10.5324488067142 12.1478221505488 14.5797000610039 15.2705644801035 15.2588480033453 13.6627141029392 14.3797089557527 15.6643282090514 16.7375217909171 16.9310732048166 17.7800982806713 17.8221282630946 17.2766859482881 17.6205895830489 18.2509257395399 18.7956609524012 19.9432836855144 18.6325250193499 19.582495903308 21.1689454760742 21.6881017518067 22.301854632306 22.0421191478511 21.1812791250846
