data/derived/r_cv_scmd_1000.asc
NCOLS 186 
NROWS 74 
XLLCORNER 443300.206538099 
YLLCORNER 4085841.77455235 
CELLSIZE 500 
NODATA_value -9999 
[rows 42 to 62 of 74, columns 0 to 47 of 186]
-9999 -9999 -9999 -1 -9999 -9999 -9999 -1 -9999 -9999 -9999 129.260624865972 89.8899788567544 81.9084564744983 101.629204615677 58.4472427222458 52.5901517053868 50.9979135511104 50.3787004037005 21.5497719349828 21.189183646339 20.1686785262041 19.0509930151094 19.0236395878299 17.8962075276866 21.0219675415918 27.6218707996747 21.7440341763184 27.9536303182019 27.4247981059676 15.5722700333988 13.1108405322354 12.845879983198 12.4364534170017 12.2227769182099 14.4960494042077 14.362495650315 14.6797104184496 14.6862268799046 14.5647265660796 14.3024467470896 15.272120642768 13.961572794097 21.1008124995411 20.8989698768015 20.1453667363159 19.8896468708554 19.6776461768479
-9999 -1 145.757276945871 109.676968375565 108.133821356276 124.197954588892 71.3392660069813 48.8963027594881 82.2637706120403 86.9626194684331 86.9626194684331 99.7882182641941 74.454746198261 58.8361024521857 53.4693095339855 51.0732472730086 39.8286561884541 38.0681978388093 36.4206087078296 35.5477577634485 35.5477577634485 35.5477577634485 20.8172824311652 24.6086917481776 19.6287993185107 16.2919207368461 17.8783369030823 19.7282133086341 17.3748974917509 15.1363186696151 13.3057097496436 12.90512477175 12.2582154704851 12.086747215805 12.9912864770239 14.5532072148525 14.362495650315 14.8251821236544 14.4173637116369 14.7965931687721 14.9068388206054 14.4420893317391 20.1385841000677 20.381612560421 20.0356162013481 20.4138189162842 20.08779659348 19.5309484704884
-1 127.237311491594 125.173978844715 124.725567635495 109.749085046792 19.8445177401685 16.5853201249904 16.5853201249904 15.3973164250076 16.1678395790211 26.6190715741914 26.6219920147029 51.0242008090268 42.4751765104344 50.1851813815173 16.5609462171051 43.7815276303836 25.3317558269266 38.3087794761678 35.6262840596618 35.5477577634485 35.2260649167474 18.1699510962761 34.4289324368668 31.9934680830682 28.9028567363631 35.0980445274843 17.7357800525676 16.3175768382215 15.2990295389662 12.739477429797 15.3109463652497 15.5452842740273 14.9509946040074 15.9195103612696 14.7583598815771 14.9534116022971 15.3066251815168 14.131347993147 15.0795439587612 14.2651437387148 14.5041581665101 20.0356162013481 20.0793144347224 19.9522636962097 19.7318199731456 19.773149384021 24.4265135320367
-9999 -1 147.131842643799 125.847534649919 96.9064958375899 54.9439072679695 33.0375095232271 17.9353423496348 25.0842593677598 35.8457631257644 32.7814693250526 19.5703529778782 18.538240149602 22.0168802987285 26.3475613389246 31.3189002110048 20.3688308517813 19.6643678525071 45.5297797402904 35.6654661184916 20.6533996865628 19.065735308681 32.0937517867814 32.590277017617 14.6763236887351 13.6762043822367 24.9086631938529 14.8206124910514 14.2547224405594 13.3838841882783 13.5354183779483 15.4758070327779 15.7437378552456 16.1713537397651 14.6644972608114 14.3294734031007 14.1067922900477 14.3024467470896 14.651647562414 15.6958305704623 14.3720628817303 14.484394135207 19.7806808042831 19.4282910071601 19.5656293282866 19.3509160300421 19.5966889488278 17.539604712191
-9999 -9999 -1 110.547715605988 83.7697442368823 82.056350211676 83.1106391261057 59.8389664724384 69.7802730773893 69.1406544882465 58.9147563381197 33.6282377980982 37.1783474089253 23.5394025929894 17.306420880635 11.2919986458214 26.2866018138403 26.1740070316301 39.3805543238536 52.2355308511903 37.1783058221503 36.2986543281417 39.8253026906608 36.4961649024243 36.6432387658539 44.924549226571 26.6000230974427 21.8684241507468 18.5524639153404 15.9949340650047 17.1866065346205 16.3241176068777 16.1189735366494 16.1476639162203 14.1503544395501 14.0229374018484 14.0283667595957 14.4253120731175 15.2190068633035 15.8364944855734 14.722546054585 19.7639237439151 19.905268667282 19.6336550036926 15.3535266965679 15.6441107750218 15.4750580055347 17.4828199434979
-9999 -9999 -9999 -1 -1 92.8475304310803 81.7936482201275 94.8995990827821 95.6150206239241 95.6150206239241 82.6849154509916 82.1997079691692 98.2088260567002 25.5726497857237 21.9098338575703 13.6256434953112 32.8601493487641 34.2425487427867 58.1397765127983 92.7852235353185 54.1565515863683 53.7958322471086 44.4379483680968 39.2155854187514 45.0321511635683 44.3102232075608 32.6575837173506 37.896893303651 22.2520483395161 26.2374063265961 17.3781889097757 15.4298437491646 14.0886032896906 14.4183820182205 14.1804245882285 14.4442265736383 14.849883420728 15.1129665116904 15.2022346795435 15.3152112493732 15.3071995209925 15.6824686172825 17.7024095028676 17.7450187355426 15.5876005992511 15.5420386380868 17.0881869118309 17.4633721519147
-9999 -9999 -9999 -9999 -9999 -1 122.059633088158 122.059633088158 124.163046170572 126.085524541416 126.085524541416 123.180475989465 108.528134703905 70.174072615118 50.4994647261467 42.6521962531551 45.4458717603533 58.9559884663845 81.9740383195883 82.9427261125617 65.7072029612025 41.2168770822213 41.2168770822213 39.7645454662487 17.309012096192 18.3181283748352 21.0339907548849 17.8943833423403 15.425451444051 13.7996810170484 13.6347493098452 12.4020439293779 14.5097359478761 15.1212663923685 14.5716583131696 15.1295618166078 15.0270789964543 14.3062649951757 14.8327996351551 15.1576888639222 15.627112810785 15.5533700817884 15.5606699232293 15.5629576797957 15.3224689710147 16.3038613585181 15.855301242925 17.8007644604132
-9999 -9999 -9999 -9999 -9999 -9999 -1 -1 -1 -1 -9999 -1 124.265459488796 108.528134703905 82.4605881292973 54.1262644191485 70.2177104858448 58.9559884663845 48.9919557043443 48.7888958633146 42.5766608093232 35.7158513151845 50.7430802582633 45.4598774188696 45.0644595555821 20.5241010519398 20.5562311426451 14.8238105140853 14.6785895182258 13.165258550033 12.1108590110352 12.061855460665 13.6346017663098 14.4960402159233 14.7994902600312 15.4258766414373 15.7097589287307 14.3406675077955 15.4324846638626 15.3923542820571 15.3326872214291 15.2697851333621 15.2215136701684 14.9098179468931 17.4411219416043 17.2882209758244 16.0903988496545 15.1737557716541
-9999 -9999 -9999 -9999 -9999 -1 -9999 -9999 -9999 -9999 -9999 -9999 -9999 -1 111.276290103947 73.6854888401612 62.2995677022153 58.7991227880682 48.4995677904212 36.8972187061061 34.1565870072897 34.0678147474555 44.6134479102097 35.1249477123568 21.6718043408213 18.6011830254104 20.1627502838215 17.8457520003983 15.5223928673918 12.4020439293779 12.1029798522251 13.0385160884387 14.2350907693811 14.0246951587905 14.4603460882561 15.0079551365556 14.6121732441759 14.6390968592392 14.7018297318805 14.981316924019 15.0417257050581 15.4261706194891 15.1969552863745 16.0461779500998 16.0304763158031 17.3193890588679 16.745701073425 17.0813676228694
-9999 -9999 -9999 -9999 -9999 -1 -1 -9999 -9999 -9999 -9999 -9999 -9999 -9999 -1 -1 109.869656054327 94.3695407416393 71.5339097031012 59.6862566330737 57.8757671125973 34.2914280479128 32.8211535694924 15.8609924202929 20.5474441464202 17.5362997938777 19.3013032496551 16.6656311510916 15.2435873991778 15.2841758612785 12.6721160298048 14.990721747348 14.9480982115342 14.7512442538033 14.4493685142845 14.0912775118441 14.7018297318805 14.65959046845 15.0333698970958 15.0115622278393 15.1368710708708 14.8476564340231 15.0176066342465 16.0132864393072 20.3159070070808 21.6990650289167 15.9023369560606 16.2707291939094
-9999 -9999 -9999 -1 -1 -1 -9999 -9999 -9999 -9999 -9999 -9999 -9999 -9999 -1 -1 157.428039625526 166.429976075031 108.994848149245 82.3575777635171 70.201177802089 45.7391511504003 32.5888198912804 19.1661555070799 22.852586607148 17.7240631858878 17.3078062165229 16.9853232109894 16.4661093908273 16.6935306299232 15.3953548146711 15.6130211080671 15.8047555810663 14.6426365826161 14.4050504227235 14.1587463945755 14.484394135207 14.6301996251971 14.9475944751612 14.9475944751612 14.7606921132358 14.5569943589501 15.7590274851103 15.9457994817008 20.1247434761744 21.3287399380918 14.5006123189039 15.1117623821557
-9999 -9999 -9999 -9999 -1 -1 -9999 -9999 -9999 -9999 -9999 -9999 -9999 -9999 -9999 -9999 145.757276945871 134.470091752945 80.7244102921881 33.8761416042366 21.3743302408348 20.0725473104387 14.3712483692155 19.6100117470215 21.7381298959317 19.1372650223977 17.4927688467501 16.9853232109894 16.1977999412271 16.9401804593912 16.8736716899716 14.8900202257478 14.9138928469538 14.994896578887 14.5790600036321 14.9402380263701 15.2041575912218 16.0965898053128 16.4744485624374 16.0075955380495 15.7721702485641 15.5494045085552 15.7358506484815 15.445326319771 16.1243142305367 25.6729714524704 12.979208868124 15.6626965080634
-9999 -9999 -9999 -9999 -1 -1 -9999 -9999 -9999 -9999 -9999 -9999 -9999 -9999 -9999 -9999 122.12887133179 79.2063672993982 36.4899154942559 13.4297035513275 11.0752830860645 17.9124851785199 21.1685883686848 23.5236628092886 23.5236628092886 23.1094696981108 21.0980599708549 18.193077802278 16.8891644261332 30.1348145967147 21.6590592711464 14.2273796599394 13.8215136056603 15.0333146734103 14.2038929238282 14.3587127653757 14.7288089031383 14.7288089031383 15.279790130218 15.3579753379884 15.413926045748 15.8107283721026 15.3991998229531 15.2619641339302 14.8403237154921 14.9119512148463 13.8639426704184 16.9295751444851
-9999 -9999 -9999 -9999 -9999 -1 -9999 -9999 -9999 -9999 -9999 -9999 -9999 -9999 -9999 -9999 167.729847934682 105.242682802685 45.4119401669035 34.0611784577973 18.599203302753 36.236266614837 22.5140516952039 36.3048814366305 23.0286988673519 35.0128109213209 32.734496898069 32.8186236548006 20.0085575788116 29.5781741345243 19.8687079841171 14.4015735685213 13.8500368018131 14.7877856724817 15.9543519209594 15.3624599083196 15.7544434655457 15.7875228689391 15.9750548868267 15.4139099823772 15.7138620870569 15.6649024523286 15.2309435522445 14.9062676230868 13.6068170876205 14.7895336508405 16.4047548157655 16.2707291939094
-9999 -9999 -9999 -9999 -9999 -9999 -9999 -9999 -9999 -9999 -9999 -9999 -9999 -9999 -9999 -9999 254.887875951525 254.887875951525 86.4995155382361 35.3678798646647 45.9721811573907 35.3364661881172 34.5876189034457 34.5125837477128 34.5125837477128 38.3083399106837 21.4592799443269 20.0028412696579 18.0469910452159 14.5618271324639 14.5925555283437 15.0842639033757 14.9891726966918 14.6119869371755 15.8765296576054 17.4735988190192 17.4048335070374 17.5834624948603 15.2925910621101 14.9234065666589 15.1471698303966 24.1637148839965 24.2204497066578 13.8899427934935 13.6767842059654 13.9620144712662 14.2401342346722 14.9776658358407
-9999 -9999 -9999 -9999 -9999 -9999 -9999 -9999 -9999 -9999 -9999 -9999 -9999 -9999 -9999 -9999 -9999 374.165738677394 140.745743550584 83.085661681798 58.0142432653604 67.7117876642559 80.9938052589076 46.7690853178802 34.3592837954825 19.8003044246129 19.9282805673943 20.5059484700817 16.0775671359482 14.3781210685028 14.3781210685028 20.911753111286 17.3934980820445 17.22899771419 17.1631391704796 16.5880379698125 17.6672605612894 17.7043406148619 17.3388085648341 14.957742774517 14.2010760270146 13.3222890555897 14.0229374018484 13.9620144712662 14.15377598056 14.2465841860185 14.3348382064548 16.7276913369409
-9999 -9999 -9999 -9999 -9999 -9999 -9999 -9999 -9999 -9999 -9999 -9999 -9999 -9999 -9999 -9999 -9999 -9999 201.656500108002 180.918937779683 125.76179995673 81.9618948789185 77.6266813594677 57.0894943581755 33.8677703160601 34.6020521652267 16.7960355580842 14.5570514698572 15.8826276688106 14.7133346308551 14.4543461448241 18.0207170347283 16.9306853712148 15.6434857545721 15.8301926215534 16.0993891734367 15.7966526850181 16.1563983230396 16.7805951922392 17.1546088895689 17.1922549120937 16.7121934879808 17.3928939190911 16.2408787359578 16.4803683736317 13.9274056352117 14.4730523484461 18.2333271156382
-9999 -9999 -9999 -9999 -9999 -9999 -9999 -9999 -9999 -9999 -9999 -9999 -9999 -9999 -9999 -9999 -9999 -9999 -9999 159.804504659416 97.8131164375128 62.2346866990437 59.9942829815523 33.1628931168171 18.569099166002 15.9419060626208 15.1152548507119 14.7019755870673 14.9718631608152 14.1451986894321 16.6647703885408 17.4083739837886 16.8194816962815 16.3145606937549 23.4086662766107 15.1597957844793 16.1829338663176 15.2793096996822 16.8629727168639 16.0040397317097 16.0488500409627 16.0753321479462 15.916494934237 16.4355613696364 16.4247887757573 16.9772131572 23.2195707157879 23.9098578983799
-9999 -9999 -9999 -9999 -9999 -9999 -9999 -9999 -9999 -9999 -9999 -9999 -9999 -9999 -9999 -9999 -9999 -9999 -9999 145.677565543948 106.593921558246 85.191450793122 63.1837437576538 33.9970263109944 17.6077907943107 14.0457832758141 21.3572403381661 18.2829346498977 12.9519366134992 13.1978241549598 14.937827307783 15.880734874352 19.4247395481151 24.1818285180892 26.5115284421668 15.6968180835527 13.3907665178764 13.3907665178764 17.8242293165344 15.064520598151 17.3307439663899 19.3354921272085 17.9257952058279 14.5048152290527 15.407069351851 16.8616471926711 22.0801896444425 38.7289737465541
-9999 -9999 -9999 -9999 -9999 -9999 -9999 -9999 -9999 -9999 -9999 -9999 -9999 -9999 -9999 -9999 -9999 -9999 -9999 -1 97.5884483944117 84.8840442876234 73.0265331404454 38.9865002992318 33.9202739137442 24.9341440347044 22.9977847079542 18.3165630040808 18.1379084520864 16.2222119213636 23.6609621232675 25.6081314316638 25.7452207684959 39.4927058761138 11.6238759157418 11.8851225111422 15.5151046438688 12.2856218284461 14.8120839172406 22.0532809628808 23.2623199571987 27.1887010483206 17.0780375770621 13.7214670400897 15.0165786478882 16.5850855357406 29.0726936353147 48.5069199016284
-9999 -9999 -9999 -9999 -9999 -9999 -9999 -9999 -9999 -9999 -9999 -9999 -9999 -9999 -9999 -9999 -9999 -9999 -9999 -1 124.141918286462 83.3257789144552 54.5779800760612 38.0124978033697 34.4424154755333 37.0822787340523 47.2111439853401 33.5741446168811 16.9603631560516 14.5903006926814 24.5620000764156 25.9773966305508 24.5203870288465 34.0775597501544 22.9364042097005 17.8723539429243 14.5412041214511 15.4774957654917 16.9603631560516 23.9573122987027 27.7860919390149 29.702271392727 33.2177262496357 14.2314954908423 17.1319672263452 29.9747752753139 34.8145686660243 54.9497060856497
