data/derived/r_cv_scmc_1900.asc
NCOLS 186 
NROWS 74 
XLLCORNER 443300.206538099 
YLLCORNER 4085841.77455235 
CELLSIZE 500 
NODATA_value -9999 
[rows 27 to 53 of 74, columns 61 to 121 of 186]
50.7949623991219 67.3718579354165 76.8324720217585 71.2491600509961 57.4679397800556 56.5136135950629 70.5533682950557 64.3048650163599 55.4700196225229 52.8559769030937 56.7220961387109 58.4705346204686 47.2143979317381 54.8155848101767 56.1574235548862 46.4452203067056 -1 -1 -1 -1 -1 41.3449115297362 50.581818059893 -1 -1 47.510322764961 39.1604195781718 -1 -1 -1 51.2459278520667 53.0374200768173 54.8155848101767 -1 46.4574670984691 -1 -1 -1 -1 -1 -1 -1 50.2189738473052 53.4400641451753 52.0673052260656 52.6179543526345 50.3980050136593 54.8155848101767 -1 43.0979855879245 40.7921037272623 -1 -1 -1 39.8048658167441 41.5553195630528 40.7921037272623 -1 -1 -1 -1
55.7102546990451 66.8935694002361 66.7000103386224 64.3048650163599 65.6330123313894 65.7903789167047 58.8348405414552 54.4749609226236 55.5650514201759 53.2757957498154 58.8348405414552 60.4967418067351 57.5888523208409 54.6668230141604 51.8172485728138 42.0846899525114 46.8895843968479 -1 -1 -1 49.6971118310549 54.6668230141604 50.9159948489177 -1 42.8023795594243 48.763163903157 44.4749589996661 -1 -1 -1 45.8651357246356 46.1567479442053 44.6535650453682 59.1291863952201 49.8361427337883 48.2933481139514 -1 -1 -1 -1 -1 -1 52.6686798886372 50.6369683541833 44.3721741176365 49.224759248542 46.8591666967672 52.954475098761 56.1650815848792 42.3659272868162 40.6712901953435 47.6769360547397 45.1799374402964 46.4452203067056 38.2304595311448 42.9426667046832 -1 -1 -1 -1 -1
60.2660350906597 66.8935694002361 56.691778587484 65.7383985872015 71.6394551798207 72.0148160005226 70.7106781186548 65.6330123313894 59.2011760391989 54.5978303316448 59.5737083281413 62.5678907410022 61.3819794737107 50.5629376591073 54.6668230141604 47.5416546501654 52.7381228286656 54.8743207740897 52.0673052260656 44.4749589996661 61.3691869924382 57.4679397800557 52.0281901818547 49.2874210545926 39.8048658167441 45.948896011051 42.9742896865358 46.8591666967672 50.3980050136593 47.5416546501654 53.4400641451753 43.3629090391994 48.9199590470229 48.1495178415742 42.9426667046832 56.7669045921715 -1 -1 -1 -1 -1 -1 55.6914577070709 45.3500157841641 50.3980050136593 46.5415342727915 43.0979855879245 50.2189738473052 49.1449797063656 54.462727772371 56.3642003129919 43.3629090391994 45.3445600493865 52.2976360368491 48.9199590470229 40.3655558350461 -1 -1 -1 -1 -1
63.5975017312819 64.1993571220989 47.9315751612222 64.1131123368019 70.5533682950557 54.5978303316448 68.8622317691577 65.0443635587991 68.137618411088 65.0443635587991 42.9463392960653 54.5978303316448 65.0443635587991 59.8107208755052 58.5716772918437 56.7610758488158 52.2976360368491 55.4700196225229 49.0250384990451 52.7381228286656 45.8651357246356 48.526158606197 52.7381228286656 52.2429642307255 45.3445600493865 45.3445600493865 50.9373088784185 52.6686798886372 58.0119351115321 52.6179543526345 48.1045692920835 61.174403898262 56.7610758488158 57.5511169094111 49.0827547017973 46.7707173346743 52.0519493706308 58.3465761615666 62.0505622362093 -1 -1 -1 -1 44.4749589996661 44.2989070112702 50.3980050136593 46.4574670984691 50.6369683541833 45.2910813657838 51.1438190384558 50.9446246793559 57.5888523208409 54.7460898008771 52.9150262212918 49.6971118310549 48.8776224237335 50.9524665365068 59.8665181883831 67.7875726763851 70.5533682950557 52.6960388131996
58.2528637933469 51.307685900639 51.8874521662771 55.0894601846273 55.4700196225229 59.2011760391989 62.5678907410022 56.5346010578127 55.4700196225229 62.8159705317537 47.5416546501654 43.1895681884802 63.0289582069192 67.9366220486757 59.0834374572238 58.177447388274 59.8107208755052 49.224759248542 50.6369683541833 43.3629090391994 53.0179569358281 46.8591666967672 50.9373088784185 54.8557553655755 55.1356848252506 58.3465761615666 54.8743207740897 52.0281901818547 48.1045692920835 45.3482989699331 49.4899195468344 46.8591666967672 49.224759248542 50.6369683541833 57.7811830581785 54.1946762797135 62.6958469977815 50.7993161995562 46.6659563835427 50.9446246793559 54.3449192349023 45.3500157841641 42.1280100499564 44.2989070112702 42.9742896865358 41.3449115297362 46.6659563835427 48.3357923575823 51.103213808316 44.4749589996661 47.2166337229592 48.9897948556636 52.954475098761 46.000945435413 47.0760378580621 51.103213808316 47.2717186551894 48.8521558833955 58.5716772918437 52.2067625780357 50.9373088784185
65.0443635587991 57.4679397800556 62.0173672946042 72.8890973522139 65.0443635587991 62.3609564462324 55.3056636475641 51.1141234745425 51.1141234745425 51.2459278520667 49.9846130170229 43.1895681884802 51.2459278520667 58.8505277409185 66.3091612846796 60.4967418067351 55.2777486120378 49.1365798513921 64.2111900144899 52.2976360368491 51.4407799916938 50.5629376591073 51.1141234745425 49.1365798513921 55.1706940229913 54.6668230141604 57.5511169094111 56.6339477328431 52.2976360368491 54.7460898008771 50.9373088784185 50.9373088784185 52.6686798886372 65.7168578051818 54.8907832176784 61.174403898262 50.3382225707634 57.4497717634924 52.6686798886372 50.9446246793559 47.2717186551894 45.2344320861205 45.0854698116251 54.8907832176784 47.2847610219483 47.1404520791032 40.7619732292055 38.607654312582 48.3357923575823 54.6668230141604 51.332579268019 52.954475098761 51.4407799916938 62.2750489041924 72.697319654168 46.6659563835427 43.5410741607092 49.224759248542 50.9446246793559 43.3253714817324 45.0854698116251
73.6660212873459 69.5538667840645 62.5678907410022 61.2531114052079 60.3125761148273 58.8348405414552 59.2011760391989 55.5650514201759 51.8874521662771 51.1141234745425 51.7329789084396 52.2792935194313 51.2459278520667 51.709205496712 61.3691869924382 70.076880857878 62.8557241414887 59.2011760391989 65.1828050709931 48.3357923575823 45.8952989968998 56.5136135950629 53.7801793629186 51.4407799916938 57.7985255261433 61.3819794737107 69.0120793308853 66.1001571044334 60.4807396956758 55.2777486120378 62.2649425995325 64.2111900144899 73.3799385705343 66.7000103386224 59.0834374572238 66.0292480018931 51.4407799916938 60.2211949939032 60.4666877122188 58.3579829576464 47.1404520791032 39.1826862136743 43.6771371279335 50.3382225707634 51.1141234745425 50.9373088784185 50.9446246793559 53.7801793629186 46.000945435413 45.028217385032 52.9549933323484 49.9287241262732 45.028217385032 47.6769360547397 50.3382225707634 44.8580406566289 50.6580407514143 48.3357923575823 44.3721741176365 50.9373088784185 50.2189738473052
61.8169875549772 56.5136135950629 47.5416546501654 53.6657507836424 53.6657507836424 59.2011760391989 62.5678907410022 53.6657507836424 40.0082311114015 40.3404316703531 65.6330123313894 66.8508690310303 54.9517469896045 55.4700196225229 62.5678907410022 53.3092894520302 51.1141234745425 62.8159705317537 58.8348405414552 54.1946762797135 55.4700196225229 55.0894601846273 55.0894601846273 62.8557241414887 65.7903789167047 69.6833070549902 69.4808333779651 67.4037775704688 66.1001571044334 81.5188406441896 67.4037775704688 67.9757898939871 65.7383985872015 65.0443635587991 62.3609564462324 54.3894716363497 56.3642003129919 62.2750489041924 67.0270128709142 60.2558647002035 62.3609564462324 56.0219737108712 54.1946762797135 56.7220961387109 58.5716772918437 59.16448957406 50.9373088784185 45.028217385032 49.1365798513921 44.3721741176365 45.2910813657838 48.4044609761948 51.4407799916938 52.8657078984069 55.415823205457 49.8193853218419 43.6771371279335 45.028217385032 43.1009548350417 53.0179569358281 50.9446246793559
60.0325271329093 61.3819794737107 65.6330123313894 55.415823205457 48.0384461415261 51.307685900639 70.5533682950557 50.6580407514143 43.5089513336491 44.2989070112702 63.5975017312819 63.0289582069192 55.4551907679554 55.5650514201759 62.3609564462324 62.8557241414887 61.3691869924382 62.3609564462324 49.9846130170229 66.3091612846796 62.5678907410022 54.4749609226236 54.4749609226236 61.2531114052079 58.5111250693839 58.9591389993395 70.5655080434972 61.3244140671867 60.4807396956758 64.0190874497834 54.3894716363497 62.8834391797787 63.5975017312819 56.7220961387109 58.0119351115321 48.3357923575823 48.5681317212827 49.0250384990451 63.3429258507714 57.4679397800556 62.8834391797787 60.0325271329093 65.7168578051818 68.4366223331416 70.6516474508081 53.0179569358281 55.4700196225229 51.8172485728138 -1 53.3676790298888 45.0854698116251 47.3852628378131 50.2189738473052 53.4400641451753 54.3894716363497 57.5888523208409 47.6769360547397 44.3721741176365 43.3629090391994 47.1404520791032 49.6971118310549
58.1898583104776 57.5238651286765 55.8356465156798 47.4045817381002 47.0191761951952 62.1626760208648 66.7864771169239 68.5970520908556 57.4995140592361 62.5669358513195 62.1322785086359 59.0876130351326 71.7092160087283 63.585590915947 54.4749609226236 57.4679397800556 47.9315751612222 58.0119351115321 59.2011760391989 72.8890973522139 65.6330123313894 56.4879030490882 56.7220961387109 56.3642003129919 55.970980445981 60.3279622566911 65.9744303073361 56.7610758488158 55.970980445981 53.3676790298888 54.1946762797135 58.3579829576464 64.1993571220989 50.6369683541833 50.9373088784185 54.3449192349023 41.2032451221234 41.1222109873823 55.6130944529654 55.4215903127375 71.4681209189965 51.103213808316 48.9199590470229 53.4400641451753 53.9071693375093 50.6369683541833 52.6686798886372 49.8361427337883 -1 -1 53.4400641451753 43.0979855879245 42.7029153220522 46.4452203067056 45.3500157841641 48.9199590470229 50.5629376591073 54.1946762797135 46.8591666967672 47.1404520791032 44.2989070112702
62.8834391797787 61.635239349906 65.7903789167047 53.3092894520302 59.2246927891749 62.0505622362093 53.9071693375093 55.4700196225229 55.970980445981 50.5629376591073 54.3449192349023 55.4700196225229 64.1812337777233 62.1262921582986 57.1504348247209 50.0152527798838 51.0697424909051 63.3057409578453 56.8632863956581 54.6918676760886 54.7787432429454 51.0677433521545 53.8528502640858 51.0877721198133 55.8284253159172 62.3309867366995 56.2845400571135 44.0071775891981 47.5043422691707 50.960771421781 48.418781955079 53.6496971668317 55.2527960040861 52.896532121997 54.6438318272616 55.4454499578992 50.9163093322959 48.4783625877395 48.6738179489839 50.6390591412079 52.9682077709019 51.0239192438359 50.7871386163009 48.1628259571725 50.5238107083062 47.4066866526774 52.5761935953176 42.973972455203 -1 -1 49.714872890024 41.9507854939218 43.4041399602201 46.4458352171647 42.8236050695118 41.8867612484282 46.1785942334073 48.3554232608593 51.7465572148051 41.2740783259298 -1
51.7329789084396 67.2874926974369 60.3125761148273 48.1430533934905 53.7801793629186 70.6516474508081 51.7345476338665 45.3500157841641 50.3980050136593 42.0846899525114 47.5416546501654 53.9071693375093 54.8557553655755 58.3579829576464 57.1403154541624 63.0289582069192 61.2531114052079 65.6330123313894 64.0235516952905 62.2649425995325 52.6960388131996 56.7610758488158 44.3721741176365 46.6659563835427 58.0119351115321 55.970980445981 48.9199590470229 49.1537569751697 52.6686798886372 44.2989070112702 48.3852986323927 46.7707173346743 54.6668230141604 48.8521558833955 54.6668230141604 56.4879030490882 43.6771371279335 43.5410741607092 43.3629090391994 48.1495178415742 44.8627439751548 53.0179569358281 44.9210774729987 44.3721741176365 40.3561287732397 42.5850358712065 46.1567479442053 43.2390757620292 -1 -1 -1 40.7992328103205 45.8651357246356 48.1745964046592 -1 48.1495178415742 54.6668230141604 49.6971118310549 49.1449797063656 -1 -1
58.2528637933469 65.2111368107408 66.4258470957892 58.2528637933469 58.5111250693839 56.9962245434378 53.4818445110833 51.1141234745425 53.4818445110833 47.510322764961 53.3676790298888 44.4749589996661 48.5681317212827 48.9199590470229 58.4218695867483 68.137618411088 59.2246927891749 61.3819794737107 61.3819794737107 54.1946762797135 40.2666477767652 54.1946762797135 51.1141234745425 51.2401821027199 54.6668230141604 53.0179569358281 49.224759248542 50.2189738473052 48.1045692920835 47.2717186551894 49.0250384990451 43.3629090391994 53.9071693375093 46.6659563835427 56.7610758488158 58.5716772918437 49.9287241262732 -1 39.1826862136743 43.7450011685417 48.2933481139514 64.1993571220989 45.028217385032 45.0854698116251 51.7345476338665 44.2989070112702 49.4899195468344 53.9071693375093 52.7381228286656 -1 -9999 -1 43.0399033572882 -1 -1 40.7992328103205 46.8591666967672 41.3449115297362 43.3253714817324 -1 -1
60.3125761148273 54.4749609226236 55.4551907679554 60.3125761148273 59.2246927891749 65.6330123313894 56.4879030490882 63.1639341135463 48.8776224237335 45.2641464354409 51.0486577992832 52.0673052260656 51.8172485728138 55.6130944529654 56.0219737108712 58.049742232969 56.691778587484 56.691778587484 59.0834374572238 51.1141234745425 45.2910813657838 51.2401821027199 54.8907832176784 55.970980445981 56.6339477328431 56.7610758488158 47.0760378580621 58.5716772918437 46.8689615946125 39.2868151164432 38.9316004765989 48.9199590470229 54.8743207740897 54.7460898008771 56.7610758488158 56.7610758488158 50.9446246793559 -1 49.1365798513921 38.4807644254793 43.883343802038 48.0172820516067 51.8172485728138 46.7707173346743 -1 48.1045692920835 44.2989070112702 50.5769185632935 -1 -1 -9999 -1 -1 -1 -1 47.2847610219483 54.7460898008771 37.7246972698195 -1 -1 -1
57.4679397800556 60.3125761148273 53.2920715485327 51.709205496712 51.1141234745425 59.2011760391989 60.4967418067351 56.7220961387109 50.7949623991219 46.7707173346743 50.3980050136593 50.3980050136593 52.6686798886372 54.6668230141604 56.6339477328431 54.69107862441 58.3579829576464 52.954475098761 47.2847610219483 50.2189738473052 55.970980445981 59.6141439076848 56.3642003129919 54.8557553655755 48.8521558833955 52.6960388131996 54.7460898008771 60.4807396956758 49.192921064866 50.2189738473052 44.2989070112702 46.4574670984691 47.1404520791032 48.8521558833955 52.9150262212918 52.9150262212918 -1 -1 -1 45.3482989699331 50.9373088784185 50.79431946783 48.5681317212827 49.6971118310549 -1 -1 40.7921037272623 41.3449115297362 43.3629090391994 -1 -9999 -1 -1 -1 -1 40.8562206919677 41.1222109873823 41.3102379244425 -1 -1 -1
48.0384461415261 53.6657507836424 53.6657507836424 46.9187569911872 55.415823205457 61.3819794737107 57.5511169094111 61.8595235781845 47.6124972072341 56.5346010578127 51.2459278520667 51.2459278520667 58.3465761615666 58.3579829576464 53.0179569358281 52.6686798886372 51.8531409637897 45.3482989699331 50.6369683541833 46.8591666967672 58.6315446858824 54.3449192349023 48.9199590470229 54.7460898008771 52.954475098761 57.5511169094111 54.3449192349023 61.6616124752023 57.2349496366301 48.9199590470229 51.2401821027199 45.948896011051 48.9199590470229 52.9150262212918 49.1449797063656 -1 -1 -1 -1 -1 -1 55.1356848252506 46.4574670984691 57.5511169094111 -1 -1 -1 48.1495178415742 -1 -1 -9999 -9999 -1 -9999 -1 39.2232270276368 45.0854698116251 41.2032451221234 -1 -1 -1
47.5416546501654 47.4601030168697 52.6919567646933 55.3452839421618 55.970980445981 50.7949623991219 48.3852986323927 52.2642723103038 64.637551188489 53.4818445110833 48.3852986323927 53.4400641451753 58.3465761615666 50.9373088784185 56.3642003129919 54.8155848101767 47.946873574044 55.2599051567167 52.7381228286656 52.6960388131996 52.2067625780357 58.177447388274 58.3579829576464 56.3642003129919 44.3721741176365 53.3676790298888 47.2717186551894 50.2189738473052 58.0119351115321 47.9328510761773 45.3482989699331 45.3482989699331 50.5629376591073 57.5511169094111 -1 -1 -1 -1 -1 -1 -1 -1 55.9513062013628 56.990027617674 -1 -1 -1 -1 -1 -1 -9999 -9999 -9999 -9999 -1 -1 42.9742896865358 36.9697394287314 43.3253714817324 -1 -1
51.8874521662771 40.3101717879217 48.1430533934905 57.2710632053189 45.3482989699331 44.4749589996661 49.4899195468344 38.4144138306561 45.8651357246356 -1 44.6535650453682 53.0374200768173 56.5346010578127 44.7497811350382 46.4574670984691 53.4400641451753 54.5050132045292 53.9551028086559 54.1946762797135 49.1449797063656 54.8557553655755 47.6769360547397 52.6960388131996 49.224759248542 51.1141234745425 47.2847610219483 50.9373088784185 43.3253714817324 54.3449192349023 -1 51.2401821027199 56.7610758488158 58.3579829576464 -1 -1 -1 -1 -1 -1 -1 -1 -1 58.9095180150443 58.3579829576464 -1 -1 -1 -1 -1 -1 -9999 -9999 -9999 -1 -1 -1 37.1420188108797 36.9800130816819 -1 -1 -1
43.8529009653515 51.8874521662771 65.6330123313894 65.1828050709931 47.6321475121868 42.0846899525114 46.4574670984691 38.550137882057 43.883343802038 -1 45.948896011051 44.6535650453682 45.3445600493865 44.2989070112702 49.6971118310549 50.9373088784185 58.4705346204686 47.7724174316684 54.1946762797135 -1 54.3449192349023 50.5629376591073 46.6659563835427 55.970980445981 46.8591666967672 46.6659563835427 51.1141234745425 42.9742896865358 41.1222109873823 -1 49.1218329437096 47.2717186551894 -1 -1 -1 -1 -1 -1 -1 -1 -1 -1 -1 51.8914016815898 -1 -1 -1 -1 -1 -1 -1 -9999 -9999 -9999 -1 -1 -1 -1 -1 -1 -1
48.8187801195831 46.4095480892257 55.2777486120378 52.6960388131996 45.9476587677892 43.883343802038 36.7434142797813 44.7497811350382 -1 -1 45.0854698116251 52.0281901818547 49.6971118310549 41.2032451221234 52.2976360368491 52.6686798886372 46.4574670984691 52.0084913542344 54.8743207740897 -1 51.1141234745425 49.224759248542 54.3894716363497 49.1449797063656 48.5681317212827 42.0846899525114 49.6971118310549 49.1365798513921 -1 -1 58.3049309172174 62.3609564462324 -1 -1 -1 -1 -1 -1 -1 -1 -1 -1 -1 -1 -1 -1 -1 -1 -1 -1 -1 -9999 -9999 -9999 -1 -1 -1 -1 -1 -1 -1
44.8580406566289 46.4095480892257 51.5768176094025 53.7801793629186 45.0854698116251 40.5137094842916 42.3659272868162 -1 -1 -1 44.7497811350382 62.4355318030444 44.2989070112702 50.6369683541833 54.8907832176784 53.3676790298888 43.7450011685417 43.0979855879245 49.1903170909115 -1 -1 56.6339477328431 52.954475098761 52.0281901818547 49.6971118310549 -1 61.6616124752023 -1 -1 -1 58.6315446858824 52.11730166252 -1 -1 -1 -1 -1 -1 -1 -1 -1 -1 -1 -1 -1 -1 -1 -1 -1 -1 -1 -9999 -9999 -1 -1 -1 -1 -1 -1 -1 -1
61.6674677147645 54.1407655519319 50.0788039463026 45.1558957476918 46.6270478040028 45.2244934339261 43.2390757620292 -1 -1 -1 38.0515812176712 47.2847610219483 45.2344320861205 54.8907832176784 39.5247166829807 54.8743207740897 40.7992328103205 38.550137882057 -1 -1 -1 48.8521558833955 46.8895843968479 44.7497811350382 46.6659563835427 -1 -1 -1 -1 -1 52.6919567646933 53.9984163550579 59.0834374572238 -1 -1 -1 -1 -1 -1 -1 -1 -1 -1 -1 -1 -1 -1 -1 -1 -1 -1 -9999 -9999 -9999 -1 -1 -1 -1 -1 -1 -1
62.3609564462324 50.9446246793559 46.6659563835427 45.948896011051 47.6808313201864 48.3852986323927 -1 -1 -1 -1 44.1949595707262 54.06934975558 46.0963980640941 51.1042388321629 51.0260996150466 47.4132078360568 40.9571573573223 -1 -1 -1 -1 48.8049706129764 54.3460330645785 45.586239159191 -1 -1 -1 -1 -1 -1 61.0733129632261 -1 -1 -1 -1 -1 -1 -1 -1 -1 -1 -1 -1 -1 -1 -1 -1 -1 -1 -1 -1 -1 -9999 -9999 -1 -1 -1 -1 -1 -1 -1
48.8521558833955 49.8361427337883 47.5416546501654 48.5681317212827 51.0486577992832 43.883343802038 -1 -1 -1 45.0854698116251 46.4574670984691 50.9446246793559 51.103213808316 52.2067625780357 48.8187801195831 42.5850358712065 -1 -1 -1 -1 -1 48.3357923575823 48.9897948556636 -1 -1 -1 -1 -1 -1 -1 -1 -1 -1 -1 -1 -1 -1 -1 -1 -1 -1 -1 -1 -1 -1 -1 -1 -1 -1 -1 -1 -1 -9999 -9999 -9999 -1 -1 -1 -1 -1 -9999
60.0325271329093 51.2401821027199 50.5769185632935 64.7586990961288 42.8023795594243 -1 -1 -1 -1 41.3102379244425 48.5681317212827 49.1449797063656 61.3244140671867 55.4700196225229 49.224759248542 52.6686798886372 -1 -1 -1 -1 -1 44.8580406566289 -1 -1 -1 -1 -1 -1 -1 -1 -1 -1 -1 -1 -1 -1 -1 -1 -1 -1 -1 -1 -1 -1 -1 -1 -1 -1 -1 -1 -1 -9999 -9999 -9999 -9999 -9999 -1 -1 -9999 -9999 -9999
43.3629090391994 49.8361427337883 45.3482989699331 52.954475098761 -1 -1 -1 -1 -1 51.103213808316 55.6130944529654 52.954475098761 51.8172485728138 38.9316004765989 45.3445600493865 50.9446246793559 -1 -1 -1 -1 -1 37.1420188108797 -1 -1 -1 -1 -1 -1 -1 -1 -1 -1 -1 -1 -1 -1 -1 -1 -1 -1 -1 -1 -1 -1 -1 -1 -1 -1 -9999 -9999 -9999 -9999 -9999 -9999 -9999 -9999 -9999 -9999 -9999 -9999 -9999
43.7450011685417 54.6143896254469 41.1222109873823 -1 -1 -1 -1 -1 -1 47.5416546501654 49.6971118310549 45.028217385032 54.6668230141604 41.3449115297362 45.3445600493865 -1 -1 -1 -1 -1 53.4929392197384 41.3102379244425 -1 -1 -1 -1 -1 -1 -1 -1 -1 -1 -1 -1 -1 -1 -1 -1 -1 -1 -1 -1 -1 -1 -1 -1 -1 -1 -9999 -9999 -9999 -9999 -9999 -9999 -9999 -9999 -9999 -9999 -9999 -9999 -9999
