data/derived/r_cv_temp.asc
NCOLS 191 
NROWS 93 
XLLCORNER 442474.332677425 
YLLCORNER 4080120.41147431 
CELLSIZE 500 
NODATA_value -9999 
[rows 42 to 62 of 93, columns 47 to 93 of 191]
7.08823379725074 6.33786822462808 6.91385638125364 7.34843177610056 5.9551737613661 4.73174235288975 4.53267656451947 4.93620031496846 5.06471506612653 4.31178082258864 3.78490648849557 4.46392329587134 5.47905673613498 5.56008788865686 6.16750711661802 7.20916262978159 8.41012626990953 12.0503898500338 10.3737811295429 9.11966829175208 7.98498781681308 7.92341237666056 10.3017739500597 13.0549180572821 11.0461383889441 10.4424091362159 8.80808886030129 10.1045224131357 12.3612680533106 10.6152173694837 10.9887058003176 11.1628714913244 12.3078500448732 12.9987086646022 12.7834207148836 12.9898657534239 11.0043545371431 9.13366045207795 8.25132855812378 8.84081783244959 8.15950603319001 7.78481905273388 6.99436055568255 6.328730266955 5.92868241442365 6.4022945033396 6.96363227510251
7.80164390745857 6.89208979931588 7.53999839349657 8.51868722986914 6.65197464205479 4.67477776896204 5.33850102614057 5.81297366823268 5.59591690104756 4.71032835006765 3.80251371183021 4.02023946317586 4.41603609983637 5.1973351362667 5.6337030097125 6.7243175710921 8.40612947797896 9.8736071833877 9.19831170347049 8.73235508841682 7.5023919080601 7.83614460698455 9.29347679406265 11.134509915401 11.3969584715215 10.6964689682495 8.86475515931454 9.68410938868745 11.633297150628 10.759866970192 11.0128434965139 12.3843262277999 13.3460862311734 13.0899937778911 12.8054390999704 12.2593991569943 10.3548733944819 8.89748486189067 7.90173641230323 8.55041410416649 7.98662940558165 7.2980792994855 6.99344834927056 6.31583263217934 5.72970299978966 5.9929995625391 6.48814862667943
8.53965363376509 8.19186519409366 8.31298672843247 9.2583347008334 6.51161723439972 5.04570340501349 5.80137147523229 6.79825652406078 5.7064834355537 4.82765684401715 3.86765451243564 4.388521399482 4.48646158275445 4.65539371485329 5.50033226429885 6.79206691076905 9.7238641137739 10.578379109856 8.40694784847242 8.03910507685401 7.04433357864203 7.2295033515186 8.83812386452923 9.67777636098491 9.69275015556242 9.44084166603961 8.84171701981095 8.80519703541123 11.2410725782997 10.6730912562196 12.0565530594285 13.6271618400839 13.4253610911303 12.1747621479739 12.732808453034 11.766897683662 9.74519003858134 8.38225644743276 7.90927139334261 8.56223977877974 7.91679692276974 6.6621978334832 6.36670373254182 6.0358392257246 5.41771792198225 5.82490452792181 6.48546282452524
9.88927547766779 9.79093722856467 9.17195105093535 9.93887882444334 6.41665955665719 5.82897002905663 6.86091334882302 7.19231069443326 5.45442991308388 4.29581470224551 4.47442268298911 4.47929118995955 4.9553456357963 5.29493072508245 6.00790685051066 7.56011440533015 12.0443978625179 11.0007795261484 10.850326001386 10.2506031751213 7.59738613961313 6.34273470786823 7.37553263747641 8.4140555826867 7.94297554899408 8.03246535389108 7.66776533316113 9.40207343219679 10.7246840099303 11.5926740458863 13.3115376590975 13.6981393244504 12.2021536264938 13.0171232340974 11.8299252095615 10.5199786831478 9.95428354620691 9.16257561986406 7.96278041402262 8.83065561159182 7.74837993062289 6.61388806684785 6.1863940768593 5.62538013996239 5.17790820419133 5.77130099702813 6.53630837781754
10.5421382085091 10.9634654331062 10.9089522074653 9.41638209475985 6.82196938280196 7.36485534105389 9.24268904645623 6.37979280260126 5.7720728014056 4.53072236818035 5.23839393453688 4.75751167214558 5.37895760752581 6.81868194348561 7.87339768429145 10.0759739258307 10.1920214887491 8.90241306761281 9.05744658478744 8.78423125651508 7.61663407989393 6.40955125336323 6.14717946125163 7.22336288176876 6.94982956199575 7.33862958848352 8.18425050722598 9.24978778561877 10.8925570291829 13.5120412324452 14.4501674487793 12.4882832826944 12.3126120238672 12.1014520567576 11.0450019180754 9.97615311024659 9.18416355734467 9.01807342146275 8.04089414692711 9.09771654381111 7.70834289618181 6.6769292675113 5.73325683846241 5.35454628342837 5.3980211441653 5.73948908002507 6.21752129272015
10.6839697739459 13.1296586307055 14.6522196028042 9.78148243777824 8.20635544880263 9.27207256811302 10.264955135134 6.95991772828297 5.11854202346694 5.25915037255522 6.2367576702242 5.70778613340083 5.59034667497524 8.25373370421139 15.0741705856981 10.5918472737698 9.57397025032332 9.24270806342998 7.98182287006796 6.97482065313491 6.60388224641693 6.9615265532576 6.72057686123001 5.90014956838633 6.23698092148958 6.56669385694428 8.26525163424323 10.2211938570973 12.6741106306291 15.2212572775172 14.0469667989774 11.8254445310049 12.6831796584911 10.8130512924228 9.97817399936219 9.83792639907589 8.59473068708289 8.31765062699866 7.97522274384054 9.02545144624984 7.87785764199808 6.62900518351214 5.80025330305727 4.92186432479695 5.08464533526326 5.49947832556303 6.00524616364496
10.7484470268073 14.2662781290984 17.9615561230924 10.8648258835499 9.53280996519255 12.1181148802894 8.83578455760432 6.33544356987113 6.03697771534106 6.32834519050932 6.44277853479829 8.299121036445 6.42482603520206 8.39260156114569 17.5061145770411 15.4989916401397 9.84902381990337 8.2185425301444 7.3752880384107 7.95232722428561 8.09798051673032 8.29694255361529 7.20229893912592 6.96969681357869 6.41325672564347 5.90227495669039 7.98039989714391 10.74086420778 12.899078455013 15.3464875120249 13.7056217344884 11.3430631053391 12.7760819510379 11.1469622158007 9.88446912333244 8.74395737601407 8.30776775460344 7.38764719655567 8.36342571126747 8.91476170636121 7.99981622682897 6.9573258225304 5.94639391019188 5.23576823651689 4.80462647271734 5.31515726145222 5.82308933635547
11.7104502280344 15.471952282177 18.3711839190569 13.2339624951927 12.680230061555 12.2030275672233 8.28462955742225 8.30708091572666 7.49783890804575 7.76711590594975 8.76319899552044 9.61025987308363 8.71540552427326 10.1095074536175 15.7848084689323 14.4723195319077 12.3164047621123 8.86683281566013 9.10368172169168 9.77046713001314 9.00897880335449 8.49268252159596 8.23214697391665 7.18220472785284 6.63763183660185 6.04805632710951 8.3320633603769 10.6559120254786 12.858430471419 15.2928420529091 13.0843319270662 10.9929848416231 11.7702876434928 10.5299371970475 9.76238749056275 8.49418438950145 7.59168110269619 8.00195827873193 8.66840456702498 8.62668657801376 7.6325090695157 6.72220485890843 6.08414434854002 5.36220981383651 4.73466976931832 5.10525778152353 5.58149253083959
9.93914895757135 14.3283069614738 27.5097803212861 18.1047096867804 20.2425832934543 11.9913198855891 10.5599800530128 10.4025574684304 9.88322036451941 11.6544415911551 11.310872608713 10.6676532832684 11.7876188265704 16.9595447459769 11.3456747984845 10.276945099153 10.3624035219668 8.99467538719633 8.6676251379343 8.26215357189549 7.93046080699104 8.08726178506658 7.858510155791 6.98503302071351 6.56554199509833 6.11907582350351 7.30140105035781 9.92294181060861 11.9136038966073 13.4542113075053 12.3172622009667 11.0345931321981 10.5244348622182 9.27421189233901 8.64472954855785 7.80770559910083 7.05562212526935 7.83841304071236 8.37845069097504 8.4322107064339 7.65584681098049 6.67362117614085 5.59288048199991 5.27960578758054 4.81845088399717 4.85440816417435 5.47697377630879
10.6102575404638 14.3897467214385 14.7278296966731 10.7297224701719 9.88785071891489 10.1023477369386 11.1740393710586 8.72189218796954 9.0809001528517 11.4650291287202 9.10323698238284 9.16078747432765 13.9968260351827 19.7838804663404 13.0848693251261 8.7008570856071 8.30352368400674 7.98410898995604 7.28528350135397 6.95870952781916 6.93681790442909 7.07558815793105 6.97608840565794 6.75689076158123 6.57738991013323 5.94186492136321 6.68738680477212 9.01848081844589 11.8909418717247 11.5698291106133 10.5111650859976 9.84516058051283 9.00439189314033 8.34544876049505 7.40212332283181 6.79898861647392 6.44633984187737 7.08780497419869 7.4606651794051 7.5893161289997 7.03850008448651 6.30448178361722 5.70831531665371 5.27868206952565 4.71523134541543 4.70881951285695 5.24288631195568
13.0203965964101 14.69496344233 11.7169516123647 7.74521052980816 8.27751123909139 9.2222696534348 8.2921631796972 7.82765008298602 8.92184129171129 9.06450518782827 7.98874345589324 8.66665752262751 13.4393132732036 16.5982993576101 13.8022171150223 10.348491398735 7.20000348572428 7.24183814764833 6.44620689414233 6.02845548839062 5.74501950293014 5.63640452735829 6.16775115731901 6.46023314352034 5.72468226672333 5.39502729522727 6.68888811442156 8.06367392804042 10.4105038357754 10.4043905328677 9.5617888757659 8.32607404181401 7.78815312288903 7.85698382628025 6.61779122823361 5.83378129321672 6.2597491940886 6.43268127614224 6.78194242355905 7.04816497380001 6.13959873957192 5.80799001110681 5.14031700556308 4.82312993326094 4.51762241564849 4.56536946479382 5.22193268629522
11.4943097966179 8.82646011589526 9.82689683555612 8.35353486910249 6.55989415917489 6.66154341022715 6.88307716606037 6.96561585700037 8.25849693058364 7.69078856165637 6.92089633044807 7.91459182067955 10.4676698557231 13.5906139038734 12.1471944547589 10.2195244153693 7.18752308293847 6.56168045131029 5.86682610492756 5.49734342582318 5.08590319741373 4.91901461355542 4.91389477081708 5.40282672486268 5.57212308113796 5.49964143659887 6.590535130069 8.08838937436742 10.2908716003811 8.88902668093357 8.60821800540406 7.81562862281171 7.24655385329715 7.40328315964654 6.46622798325514 5.42498625671889 5.98293604523355 6.052857308093 6.63051762295958 6.27321809637012 5.60109145496748 5.32296946628027 4.85583006811567 4.48291980640453 4.22860345462769 4.6612376025706 5.25091228720894
8.10290286493099 7.35311582244205 8.01106057059773 8.58846863129427 7.47360220204094 5.97392250799454 6.62856910192555 6.07476299807759 6.74482494285928 6.75155116322064 5.94140891948973 7.24878176089381 8.66876815722727 9.58399523055185 10.5534967456476 10.5309930541731 8.27351989829952 6.71901380833736 6.23001151407073 5.82592963288361 5.40205286897818 5.20072955250802 4.94210962512373 4.67902662102125 4.81273138420473 5.45747963845129 6.61779023941977 7.8920986890772 9.41545789377834 9.86544140056047 7.73119715215677 7.07812279602177 7.29290673724294 7.00367145766243 6.08076875529288 5.22188099244764 5.52397146730136 5.89854628765454 6.02767405303626 5.83030620254264 5.1478360516206 4.65851671907439 4.65901583584032 4.2055365898897 4.38109617980253 4.92301367667188 5.48863324979618
6.79129551671122 6.16662807358412 6.12785200873808 7.0926575916658 7.51329464335552 5.96712067190053 5.98257300831059 6.14377414621788 5.55176969939069 5.54671653310832 5.4233330261378 6.36068421017747 7.77257352518951 8.24778535050653 8.993110884672 9.74541148931359 8.2274017083084 7.1214911451062 6.46844003989901 5.95907713163512 5.7671051883558 5.52760587191664 5.2348230092402 4.87070370208968 4.59487353785033 5.45764689955995 6.45173495648416 7.68949191744641 9.04633211869151 9.4540481247037 7.74300407862598 6.76010658036646 6.93765464475739 6.37427974521179 5.74066136551272 5.01921768732435 5.24424059142123 5.70931248263037 6.07634409420495 5.46943739413546 4.99241024883118 4.34852137504721 4.33403584927933 4.01311870381199 4.42999381735034 5.16490207027285 5.37550157693332
5.59581435217349 5.2326707402089 4.95113914079025 5.87437186090177 6.48227169020256 6.4709069909685 5.23814794133372 6.05883010226371 5.06067837693606 4.79923643443902 5.23448298225519 5.55745402337657 6.32763991141754 7.38684325866748 8.2058097072855 7.93280684743958 7.31415477770894 6.82304324743484 5.86316280867132 5.7889514533389 5.26325082349561 4.87653710869628 4.57203692289407 4.31635792974723 4.47887077553836 5.6488801815594 6.57327728763589 7.62202247500151 9.21627657227634 9.02901459118004 7.58250979756024 6.53334721708884 6.56241559201084 6.02183133052447 5.42469994790427 4.80736287219661 4.87661123955132 5.39842714278515 5.63159371965287 5.16649924256297 4.65466615698973 4.34462465213256 4.04949097170554 3.89884637224231 4.6584497530752 5.32741594389536 5.36195742299536
4.71678750968977 4.79759059235892 4.59620819515128 5.41352044988786 5.95420051907729 5.64693119733011 5.42576432979938 5.46491163263407 4.83205396430238 4.20817063620554 4.78320691203475 5.35368843510494 5.98509459448571 6.79743403747852 7.4119413573819 7.4152951675974 6.55210860326832 5.9737956871016 5.26114989521764 5.09978798809852 4.75752139051676 4.5518945302731 4.31029638069753 3.91706804276654 4.5922167951598 5.22816841454605 6.22321076006874 7.39627370227167 8.98670004416831 8.26921080370705 6.85161323742743 6.05340051982327 5.58361638264605 5.62096110340309 5.17145818088637 4.57456854748332 4.81264193027231 5.39661614666699 5.27487384860116 4.80770808181168 4.41588048574228 4.09284612720639 3.80729266135611 3.93701101654701 4.87419237973 5.14684420257611 5.20313213153634
5.14358213035046 4.39788832951221 4.48090647230561 5.05656669633442 5.62599265412339 5.62833437616888 4.65716478984503 4.25858419262638 4.22960855679108 4.11847315497591 4.47377482810383 5.19185665986008 5.6171989672553 6.3001711739097 6.9591896925869 6.88869882507452 6.03849991442784 5.41193466926254 4.90944038105829 4.70447380294299 4.41017752831389 4.16138557174694 3.9778306896163 3.78727580130898 4.61958404676336 5.24969020165742 6.19205849757858 7.93499795656458 8.08592476975499 7.42852907823317 6.31307383826228 5.51433589392802 5.4760603744464 5.36236078139876 4.75391980736619 4.29634445471011 4.77668673430904 5.12666009464354 4.94771286755866 4.55847350063736 4.18776916498514 3.92442501090527 3.62489368643984 4.08315962087278 4.84804416875556 4.97250742186011 5.02611863241277
5.09515253397414 4.61606435920254 4.05854141658548 4.4376352586215 5.17261396233001 5.4975187362455 4.89288908792887 4.16610230086024 3.85899751367678 3.82698061277631 4.3651707981755 4.94983352542911 5.37010159651669 6.0554060891111 6.62735709334917 6.51269787665701 5.47116774871456 4.84706062798386 4.6435053651086 4.32573992536587 4.04050428118287 3.89354796354193 3.77758496399266 3.82820719652241 4.62525836353663 5.60896413784832 6.72399257187489 8.5408835099705 7.51527351701198 6.89029736820627 6.30337905114378 5.38718863390612 4.8865575030803 5.10910943469014 4.55133489531126 4.12414972485543 4.60871054857922 5.09574601807845 4.70458741617681 4.33467786927279 4.06038980234586 3.7684746202843 3.47670523347934 4.06972306005616 4.58934460337423 4.81594027236032 4.9394957521568
4.65125138933549 4.32331781678807 4.01223992747901 4.42860897107905 4.80869840321411 5.08555971575679 4.59479936842309 4.05809016493949 3.61281441846465 4.07114467237204 4.34593396888342 4.88766215722942 5.4715410504989 6.18517554315474 6.62245392528993 5.92635053691542 5.12790683877468 4.36990787915492 3.97111018706222 3.88535290969383 3.80577752886364 3.65500064770159 3.49332557004974 3.84698857567348 4.69610940509301 6.15736275112867 7.36313713743509 7.97872576645013 7.15318947331198 6.43844588465586 5.90957937882489 5.18163642562335 4.42564388975145 4.37417816431927 4.0670080420384 4.37904773785291 4.96921798481848 4.86243792813607 4.47463941064581 4.13368891060374 3.82373611852926 3.65978030284539 3.41094854915767 3.98085543021923 4.48163271829772 4.600388255495 4.75940987280925
5.12232826619603 4.72562193032522 4.21019210863332 3.91425319126823 4.34347564802438 4.66826944818149 4.319694279617 3.74898285992897 3.9243466604158 4.34378890681576 4.65616433984451 4.97835576029857 5.61674948040289 6.1741340976771 6.29497177709233 5.95204426298381 5.16732106568969 4.46987365718362 3.71428196616027 3.42875482313958 3.43153894115165 3.40585442183193 3.33788503225233 3.92751664118752 4.60441666440549 6.01982039127818 7.79126546428665 7.38601435348071 6.69904196034473 6.18597598298809 5.50225086433523 5.0869428705678 4.37354524356115 4.00151355447456 3.96356736846389 4.67797396333976 5.25725217758665 4.72792432296315 4.28830120181176 3.94888690756389 3.71909427279468 3.55223848261945 3.39023785271764 3.90216264990991 4.36218841101407 4.43196578963728 4.53951413474418
5.65067910404473 5.05486733035133 4.53576755802086 4.07485434056904 3.8651495336897 3.99704226344593 3.85008289872332 3.82571921751338 4.01826193610182 4.39927987081901 4.79184892327553 5.23773492904229 5.67613391716103 6.13379218320676 5.60030112757879 5.23146587874993 4.9985764813897 4.3777214397635 3.88414685141135 3.35299903691446 3.2342446812809 3.14104611820053 3.67842842546997 4.09793004439659 4.68757200008599 6.4998058677672 6.96879009348534 6.71873593377356 6.21344509469139 5.72649569933706 5.23361228155318 4.74344314829655 4.07556828842105 3.65833825944083 4.07064494515365 4.58945039725351 4.72195039673132 4.55588228083264 4.162606890002 3.76323956834786 3.59320422042644 3.39618998002985 3.30177124096267 4.0006503994452 4.29183578703088 4.26105534713682 4.31605452342499
