data/derived/r_cv_temp.asc
NCOLS 191 
NROWS 93 
XLLCORNER 442474.332677425 
YLLCORNER 4080120.41147431 
CELLSIZE 500 
NODATA_value -9999 
[rows 42 to 62 of 93, columns 94 to 140 of 191]
7.81942127574162 7.00499714653628 6.22224071402607 5.20729844762019 5.08125909871199 5.63288325114257 6.09260217796769 6.88171586028089 7.00701515753148 6.17658137351237 5.87123052359961 5.70636921549444 6.1312436429307 5.58962428335728 4.9272066294992 4.40378327646472 4.21218284259278 4.43370346480008 4.92462422696968 5.64172219422115 6.9043863981269 7.09544220374521 6.63866560120343 6.95766525361638 7.96585996709659 7.66067053205189 6.75487182147209 6.30772670594882 6.39271282077803 6.46101731882016 6.20349004746087 6.30000061554088 6.48060211937733 7.06673589955479 7.72366319938349 7.42872558308935 7.30389088575449 7.60237511129112 7.35802945033381 7.34495511123954 7.53994816047653 7.50458515090261 7.33809903541453 6.92513672145128 6.23115758601334 5.4133334571873 4.28901686414985
7.34626733565281 6.556753966405 6.22977052856845 5.37005017412517 4.72921265077853 5.46373887281159 6.05257216713073 6.61056444064421 6.86811968169333 6.01057072335749 5.40135214648258 5.13937650530438 5.38123057679856 5.77274571274676 5.38740632185143 5.05792468182309 4.48685692099118 4.41994782259343 4.91953036353804 5.37353680487704 6.19317361543591 6.41565364426477 6.01070840327149 6.77355448300543 7.32642514571962 7.2518509009379 6.78332938755261 5.94036444482126 5.80019775522613 5.92659647340257 5.85841656996099 5.74200990348789 6.13312757098172 6.8014614800859 7.25856763241122 6.9949928530532 7.15068518897834 7.34014151515349 6.87460240080237 7.01363770556634 7.18062895595003 7.13887063697642 6.8388652331195 6.89829681025033 7.16703926994816 6.83692283571128 5.89709056969451
7.37180167089545 6.70158082921492 5.68628633971857 5.17323123418887 4.64382479568707 5.30582371486178 5.78948470515132 6.15466974131599 6.6993422766211 6.30735196288503 5.86247221108014 5.28799946493626 4.96295803983371 5.31321280901996 5.71086843347799 5.20007219041414 4.58387707232771 4.31682555111083 4.65382044964451 5.00444256447299 5.93839050696858 5.92659368119514 6.17298909415979 6.28237838764601 6.6067314036838 6.97853565878823 6.56076565966476 6.17408290893414 5.47841339819766 5.47539165325815 5.34548374241585 5.71164187559149 6.14120140744042 6.44759091222672 6.83436945840825 6.53825145709971 6.63325910199223 6.67504982150652 6.51942825000073 6.58427487716688 6.77629378038156 6.73931792445305 6.41192198480213 6.45942400158392 6.85793346231353 7.12765528460916 6.88165698214457
6.92561796105721 6.65746193553674 5.68645826289186 5.29578783754565 4.77128873450042 5.00951434678315 5.21398142037489 5.83521586335093 6.43839576375947 6.41016585682652 5.52766386422967 5.19082633681933 5.00375691770374 5.05048200851651 5.67028978379195 5.42578701379492 4.83287583078428 4.42930672106527 4.71165483827617 5.05151489885087 6.2007275975816 6.42300177602374 5.90668607297767 5.71467463532005 6.21014525686671 6.66188325952309 6.14319212783535 5.8327628424468 5.46860641390891 5.13333265804651 5.14760309037045 5.63441611870484 6.0114786612242 6.22821801746941 6.53007314966633 6.10527530201276 6.06344413416908 6.10370435437349 6.14729786453328 6.09166310075238 6.34048682149374 6.20510726196855 5.95483954261934 6.16608516363762 6.41982268320932 6.78361009337977 6.89981108968298
6.27975461610932 6.38908143778768 5.67765454566215 5.03617997471999 4.72706786148266 4.50178378511278 5.183695363255 5.5977573355601 6.23273693647704 6.5638982685379 6.08800515160254 5.49854076327801 4.84091197578907 5.06467264174464 5.46913939872038 5.51923858424814 4.94961283638865 4.31189040964117 4.39133599162243 5.5163968404653 5.89577679745483 5.97884814647458 5.79785118611172 5.49076257218637 5.9581221341166 6.55387212162737 6.17475590318779 5.4495719673501 5.10418117538307 4.95687838614368 5.05894111697625 5.50362785938465 5.71786618302481 6.17579358144679 6.32461233284439 6.04027201062806 5.65533178165951 5.652214473928 6.08894957431349 5.92517773744007 5.97220530477367 5.87207438321694 5.6610312298691 5.69213773643946 6.09795750498915 6.42680069742512 6.51169663089157
5.94043024934629 6.05004957591685 5.55216471880618 4.97350015303431 4.76655179770888 4.37336408474638 5.00480788188608 5.65473671941306 6.03288209095129 6.18449813939838 6.21676175946519 5.55793151036114 4.85723922343907 4.80059533167093 5.19705573847403 5.50368301971111 5.18371238674412 4.59513114471128 -9999 5.21335139699955 5.59387644349585 5.32879014888568 5.46499128557068 5.36558632738206 5.96851760014495 6.34948858439343 6.10504102911197 5.84521664559741 5.54710096627841 5.11681560840698 4.95775726535548 5.50898681684031 5.69266604187383 6.01249170786616 6.21923647180673 5.94979667262415 5.53622956092762 5.34449508829551 5.59823577809348 5.74838980722999 5.55928274678002 5.59665290733034 5.47683633291081 5.34796966246998 5.74955391539817 6.24479820376531 6.17451346593775
5.90664821032155 5.74714914566676 5.32513883615712 5.03713223549034 5.0637550459629 4.53090434049729 4.75784339536829 5.47913469945151 5.63420000972111 5.93820099493187 6.07006156219795 5.98291604506194 5.18392585774246 4.58023821335895 4.93443310900181 5.29949300383172 5.25878243890163 4.63710208875352 4.88261059305485 5.11120559285372 5.29747861461884 4.94793515969106 5.13514291914755 5.76363592786409 5.98199566297501 6.3712038406949 5.93083898034785 5.55536417193828 5.46054440174049 5.08295296979722 4.70509503814011 5.18252802491863 5.59018204685299 5.88840540107378 6.1860373642671 5.80214388941719 5.47539542460289 5.08801565428118 5.19672968758363 5.479452705259 5.4494015463188 5.28789273482473 5.24325668976255 5.09601604525009 5.33983484643215 6.11858081261706 6.01766702662124
5.83726342763341 5.33704819086929 5.18032894121836 4.98909977203548 5.01882643641392 4.57253530308772 4.78897492091082 5.3826993871654 5.38964838431232 5.50410816639659 5.80282555256179 6.09979132251545 5.6867459150832 4.83465074951152 4.75286600940334 4.99206870666099 5.30194230266391 4.85431784900154 4.8290346621774 4.87557628890962 5.05753241593941 4.71122795907871 5.23766519288085 5.66691011473864 6.0258864107173 6.30249634660227 5.85502921475618 5.37388442268792 5.26347359563778 5.15324836772409 4.79318214278724 5.12856096322982 5.51789832727284 5.7780824661719 6.14635327347574 5.77856211985 5.44545285345351 5.02566772533792 4.98810906088355 5.22988994542957 5.21238146089274 5.05799112052648 5.04302933726278 4.87863616111567 5.32041952659781 5.97178206668517 5.90231614089262
5.69865151257925 5.44796198861102 5.07456156782148 4.91462502615871 4.88971097541088 4.6834402601205 4.46783163215469 5.19715854889224 5.05538595032275 5.44436764598944 5.77638334429231 6.06254258488324 5.76174524857228 4.98738474367458 4.60621948946489 4.88975195269158 5.10427764616043 5.35510635662945 4.9112121213603 -9999 4.78824987013745 -9999 5.19512784476938 5.59870997140807 5.91774748742912 6.22538971061109 5.85484715260357 5.43566579531308 5.16902355851047 4.96876174451315 4.67919600666767 4.85628188621856 5.29300270851235 5.66512737117966 5.94986046127806 5.79092329298164 5.32989815467889 4.94442038641129 4.76763276733471 4.95354930227209 4.95828661593274 4.82082938143031 4.80407185439922 4.75354817689391 4.91644742197869 5.60001282423808 5.72864202650694
5.46587593294876 5.13977132924061 4.93265027343625 4.86220375179356 5.04766593543205 4.80585176238704 4.51398179471794 4.88024021016614 5.11602630797161 5.40489452433962 5.68211097605584 5.87921322624409 5.8564480621574 5.17441637577338 4.67584864604153 4.80489336673176 5.2233134336153 5.27028046673808 4.8397452629196 -9999 -9999 4.40680418451007 5.22538140293931 5.43176679268617 5.70529304941748 5.95846765147987 5.94105906888158 5.76072103211612 5.4836463599937 5.26106487759237 4.97497665821451 4.75932646201427 5.23844587576235 5.65553186828315 5.88152399231081 5.72122529356395 5.34332901248838 4.95718612990255 4.54966776530359 4.67779323273045 4.64693231578059 4.60076407603708 4.57556972254834 4.66923031963851 4.95784941246988 5.33917826980731 5.46335741902166
5.31362801552781 5.04947102351343 4.9178263822865 4.99080376436074 5.32651301785923 5.04524767707167 4.78489126905243 4.663197562892 5.11126946948176 5.32519187618651 5.58902853463233 5.77639209131348 5.7915938765253 5.36654651846052 4.97296530180311 4.6760823585481 4.84404900187304 4.90122060192985 5.05773811203735 4.56178033735334 -9999 -9999 5.00126761129098 5.22348590096361 5.54659974898632 5.73861511535256 5.70918723809311 5.60528189011962 5.49558907716049 5.26115543637559 4.94186777840728 4.77144785400271 5.18216707720786 5.57425648629916 5.90053444638842 5.7893370285483 5.5054668444731 5.16262977313347 4.74493552729003 4.61837429671798 4.57581483053111 4.54538167344205 4.57667270413772 4.81985563668973 5.09500222538123 5.33825117439206 5.37109214765202
5.35031786879527 5.11399822200128 4.87846030821439 4.94837815201534 5.32374873859135 5.24682638861739 5.0654140169539 4.78608920978561 4.96855882956434 5.46068835146642 5.61385794881083 5.65198998152527 5.64037676281498 5.66072532077469 5.27766374425414 4.76077935793873 4.58353558081995 4.65409966908785 4.84583309449551 4.75076067263542 -9999 -9999 4.59302267629181 5.16441610894945 5.36673742890897 5.56666238383695 5.61933212582903 5.55512702599519 5.41525971032513 5.15204481098141 5.13631711243304 4.83873393232476 5.15795450652624 5.70217974200784 5.96853266306867 5.88064741885261 5.7769017900359 5.51430436632087 5.2195740375814 4.90779515376811 4.82282492551808 4.92599219128451 5.06556516245328 5.3765109066513 5.48084786225165 5.77087933205422 5.77154600280943
5.51746462558794 5.27600035927994 4.94785633796864 4.84852894296634 5.26829774840513 5.34239724010651 5.15500747635147 4.95310821391215 4.99408456294917 5.44634664071416 5.56891052004847 5.57425312025489 5.58456025677776 5.51723718115577 5.39064492312119 4.99321838701836 4.65402532468397 4.45540529136889 4.65869338890875 4.6513465224838 -9999 4.33723889020372 4.48431414891092 5.06056957069953 5.2898420893741 5.4408066759797 5.5115607712119 5.46993731021473 5.34934088711054 5.15579346971156 5.1042152978945 4.92593613117407 5.39226121667211 5.71775814835816 6.03157677246473 6.06515830514723 6.12421408625184 6.07418095432654 5.88459986350084 5.57141774754866 5.43322229743418 5.58416009792312 5.5566296373966 5.67236554459775 5.9613892759362 5.72374763552761 5.68607388250937
5.40515238208928 5.50339261245953 5.42875197270579 4.89327212468717 5.22391130612034 5.48034203414011 5.23126157863677 5.00721513024073 4.85174041757169 5.40603254989118 5.49149160396165 5.48771839640009 5.45258080101054 5.35997787394417 5.2393453660546 4.86966580769805 4.57992639197546 4.28802846404967 4.56505164562162 4.65795827919043 -9999 -9999 4.38737804175308 5.02580071486939 5.21608830999645 5.39558470702511 5.38382387599349 5.42524623685288 5.29532961001849 5.12270057491841 5.20256107061306 5.07164455569733 5.44683159880806 5.70334053547796 6.00979080763545 6.11754192343789 6.26713934648247 6.50222493153552 6.49427810780739 6.15964090836965 6.08150248744569 5.89084988413186 5.7995152698065 5.82948224564759 5.74085806805454 5.54840634190081 5.47045233434283
5.31214127911186 5.37598950528677 5.29293960165145 5.04732985785876 5.16878060419735 5.40288057954302 5.29167413547075 4.97263350815436 4.82944580004288 5.187273053377 5.41979007550368 5.37898102926599 5.22974835116885 5.21891816141246 5.09842831728282 4.8881877518491 4.49448168984828 4.26367883746007 4.47577295931264 4.53358836262274 -9999 -9999 4.38214841835502 4.63455216003463 5.20942325217407 5.31908747261793 5.29982730455994 5.50152784380412 5.39833820157482 5.13993801244661 5.09354042604563 5.13279056641388 5.39610161453799 5.64881250465849 5.94871061933711 6.1632573883228 6.47337095306779 6.85169981990923 6.79767119257412 6.55183137454654 6.12855080029112 6.00056012219799 5.85423973203818 5.89115311044756 5.88126597889265 5.86676240524474 5.46709535249169
5.22727190717323 5.21423004488998 5.10671231936238 4.97165963215541 4.9659318043564 5.22942986608146 5.18847816657123 4.99852063792619 4.69777515113284 5.03341991726779 5.29958341763019 5.22989717591918 5.10909903431751 5.09383654407868 4.99639252672891 4.81995444441337 4.54396175856462 4.2040106335452 4.37164884946794 4.45681357530421 4.25081338724473 -9999 4.3131328758287 4.6066770115584 4.74309226554947 5.4055847889709 5.36908180193042 5.351749498946 5.23330640122783 -9999 -9999 -9999 5.29473226189586 5.56914328160815 5.82620059066821 6.06114361648282 6.4672906498702 6.81574850184253 6.84526500247151 6.58773666347434 6.10226169254264 5.9254182187133 5.70531021770965 5.8217890118861 5.83597658582789 5.90146486585574 5.56999292821859
5.09272895392338 5.14952737128739 5.09834936896735 4.9017406702345 4.75974583921149 5.04665361806569 5.22639348690792 4.96930504876566 4.76204745953915 4.96359114334385 5.16849819771075 5.14524496718134 5.0137181843766 5.00534040928847 4.89831076760596 4.72684757090941 4.4604681482491 4.09076109556153 4.30229690645084 4.3147184437299 4.19615018793709 -9999 -9999 4.47253855095296 4.65184614077361 5.26425398205996 5.25583733447788 5.23278460124918 5.14504522339749 -9999 -9999 -9999 5.22049808859556 5.47397444165303 5.69749828163545 5.99931592108071 6.26344253517341 6.67318030665184 6.70902853671855 6.5009582306515 5.87926136843786 5.63127725220893 5.83420289048428 5.97738767972262 5.95146960761061 5.57972734175337 5.32334219264267
4.97588438952862 5.14276226824945 5.16203420597183 4.91606111040254 4.70787733164646 4.94935226186726 5.2714313767043 5.01343034549386 4.7925379210029 4.55170929706888 4.97611869280912 5.05445581192063 4.94214561777779 4.87308673481882 4.78587468570345 4.66213748686829 4.37321817158069 4.08865400654319 4.15685459965907 4.20520740912985 -9999 -9999 -9999 -9999 4.76828439453521 5.17062341254649 -9999 -9999 -9999 -9999 -9999 -9999 -9999 5.39581591373126 5.55858451736075 5.75677249592553 5.9375275679751 6.33108085453997 6.27486119186598 6.16934205770259 5.66564412161834 5.40287220066689 5.71286669499947 5.67783330967765 5.49179326590177 5.30336391981836 5.05400268235909
4.82833935457398 4.97884101263582 5.01731026650098 4.9818572457167 4.75527342568915 4.80362179171744 5.13213466703998 5.05111848784861 4.92964978752415 4.50132650179818 4.8882918903348 4.88789040081439 4.79338994219113 4.77129893988851 4.68590018642253 4.55883994837171 4.36709632848283 -9999 -9999 -9999 -9999 -9999 -9999 -9999 -9999 -9999 -9999 -9999 -9999 -9999 -9999 -9999 -9999 -9999 5.33722283647787 5.42021410638645 5.66779981393601 5.82562729007608 5.86443164355418 5.67900378835611 5.31603662154986 5.10008814650094 5.38358714966958 5.18462206304746 5.0605488226136 5.07557424772692 4.99524383049252
4.67873572189523 4.74241912071323 4.83489981130819 4.81019397533093 4.76342812632397 4.65066521855419 4.94946259131496 4.90076386684447 4.77629647060726 4.55728644982372 4.67373052691634 4.77139672314815 4.65209537089943 4.59568457531757 4.51587878973534 4.3922111558789 4.30228267801376 -9999 -9999 -9999 -9999 -9999 -9999 -9999 -9999 -9999 -9999 -9999 -9999 -9999 -9999 -9999 -9999 5.07161910411823 5.12018796509884 5.16788527502906 5.3219196346581 5.40354981514682 5.28174166575114 5.15099797399779 4.92078494685324 4.83619850022296 4.87364884490378 4.81990771473438 4.85058356104951 4.98665867992578 4.81425486484397
4.42248104831123 4.52014742782147 4.6451461051873 4.70624565183547 4.62385461194197 4.50159106682447 4.72440760237514 4.73062909674807 4.61531981369172 4.49025958559308 4.57000073446437 4.58672201632469 -9999 -9999 -9999 -9999 -9999 -9999 -9999 -9999 -9999 -9999 -9999 -9999 -9999 -9999 -9999 -9999 -9999 -9999 -9999 -9999 -9999 -9999 4.95806568320641 5.00060594199916 4.92392498178116 4.9006980243938 4.7894281927117 4.74725450524051 4.63609436445002 4.52728102886043 4.61109699699456 4.63566709108434 4.7935990211139 4.75615884159367 4.60362536985403
