data/derived/r_cv_pre_snow.asc
NCOLS 191 
NROWS 93 
XLLCORNER 442474.332677425 
YLLCORNER 4080120.41147431 
CELLSIZE 500 
NODATA_value -9999 
[rows 42 to 62 of 93, columns 141 to 187 of 191]
73.6811794489338 68.7986371954064 75.8040949646775 77.5568876108673 76.519624615983 67.1311790683285 77.8311486274269 68.2358685631192 73.6919425590581 66.2612334093846 65.7750363148345 69.894160317809 65.6281171504863 64.4733609047691 65.7908170946612 70.0112522901253 75.0192280440618 81.0506284251987 81.9902936039472 88.1369424250727 94.2272297291011 116.52839883827 118.748230229107 120.21067698175 122.788063732095 101.287579728434 100.575762529786 84.9208865420778 85.574615769496 94.4263545444949 102.454326181055 102.615336037883 103.910560272401 130.618565131193 185.216281955946 246.913363334048 268.415087165395 288.090888104397 -9999 -9999 -9999 -9999 -9999 -9999 -9999 -9999 -9999
60.3590496669568 60.9417978661891 60.1338185525449 61.471270178343 63.5592207461444 58.0554809011757 63.5462383474205 60.9289132822614 62.3541392786518 64.4469751330472 62.9058237228501 62.8222382456924 64.96796699791 70.1975316752928 70.6622247704151 69.9638762680746 72.2184693888289 79.8656213499108 79.9677000881196 81.0106472114243 84.3240683198882 90.4968215156921 89.6712859590311 85.5961188333696 85.2985395217742 85.1044845652956 86.5486333854737 83.109803183594 79.9736335112144 85.512974081458 88.3483487303594 91.4984609573829 103.413490595407 109.557882545462 157.175718956816 258.173983565572 237.756853287762 300.749275637167 -9999 -9999 -9999 -9999 -9999 -9999 -9999 -9999 -9999
53.1896171316608 55.9017897596029 56.3205185300634 57.5871976392863 54.803778550684 55.2462881484316 55.5316967945965 56.475447959748 57.5571395333357 57.6187350299783 61.6950762538052 64.0536778144029 63.1097773344185 66.2816686074416 68.7693601746118 73.731377901255 82.2103001640243 82.7190302832678 82.5128377437434 82.2930467773974 85.41488158964 90.4712720436762 83.9146578663891 78.8023438545564 78.0505944067224 78.752931832938 81.2561894369506 82.8093834690754 80.1185420912751 80.6299069412385 80.6232015857584 90.0009344859809 98.1110834837507 109.643782344027 189.876852028496 190.672926192429 228.253084071879 275.40587593851 265.276685965085 -9999 -9999 -9999 -9999 -9999 -9999 -9999 -9999
55.6846189851554 59.3750080068003 57.4502145377507 57.621708672662 57.0636046147034 57.2954337728438 58.6234433467159 61.6470200933636 60.3251546842836 62.2541786749486 60.514369199591 62.6630569200992 62.4168843813052 60.2303308718535 65.9525646464868 71.8803697359906 77.4036541056552 81.2583297814372 81.2659326776173 85.0056869159894 98.1502691411651 98.1847600222808 86.9353863124372 83.020655086595 78.3559318923775 74.1499480764627 73.5724833602718 79.6084592447902 81.4355208923379 81.0222683558042 85.2724864612682 87.2757120635188 98.115145305011 104.351011654148 190.153938475842 179.225530346226 268.414076419626 242.53622499204 267.255192472255 -9999 -9999 -9999 -9999 -9999 -9999 -9999 -9999
59.4304422763563 59.1242149183357 63.4310649622296 59.6367981042711 59.4565153968122 63.8171606010703 64.365410106749 67.4005707867629 69.3128699015556 70.8983487852316 66.7054593222491 66.2911321104537 68.5739129706413 61.3784120991521 65.5588029509065 68.3972111094619 71.4902476987485 80.1683806798266 83.8155144373136 84.0127887043725 84.2817856589814 102.348490961484 100.620705184917 98.2462259177412 81.6366002384716 76.6064610171128 68.5092115247686 70.4556292954053 77.7348293999857 80.7016709816432 86.5511677343934 94.4072623288803 105.325449188348 138.624841048471 154.614422971104 204.400098126809 258.584012943474 246.492972590065 -9999 -9999 -9999 -9999 -9999 -9999 -9999 -9999 -9999
66.2614757147186 63.4254578815296 67.1406535846909 66.8505503398591 65.6671704124097 66.9078889229751 67.9872698812642 71.5072889978774 83.2894170513163 80.8907037739755 74.6277188769037 73.720317088919 76.4603312107416 71.683333547355 73.1981992902582 73.2617701545972 71.5810423654107 76.3171812434642 85.2258848627109 82.0865078068431 85.2643899592844 95.4463954356606 108.271622609886 101.616199888427 84.0636342453375 78.377628498912 73.3176680586412 72.2740314646131 77.0954341337129 79.1857746872091 84.5452007873064 97.2593318736869 124.248655919532 176.546746090739 163.449278622283 212.32147788321 238.575371852527 325.236139924214 -9999 -9999 -9999 -9999 -9999 -9999 -9999 -9999 -9999
76.7320191787209 71.9913118685189 70.7927595269356 79.2853545674322 80.2147681739876 71.6612546447477 74.9131329510894 85.0361105265147 87.5572806650104 91.5899041006453 86.5449030387768 80.7438577726555 80.8432501939493 81.2094628478266 79.5878216936648 80.1217511877032 83.0430397704241 79.630762757253 85.9874859971864 82.8146626131275 95.7163112377946 102.796171763007 132.593356922879 101.386833481378 82.3753118778475 78.3064313111423 75.1502248034402 79.2447524498173 80.5208347931156 81.4497650143245 85.300576559768 95.8145311963655 114.238067458953 156.130918831681 152.001675185069 244.89467633851 246.582754999236 245.974091014039 279.56637193109 -9999 -9999 -9999 -9999 -9999 -9999 -9999 -9999
79.2265868934226 77.4548029055527 79.015377854575 79.3715932355892 80.5115725222479 80.876253061602 83.4051133436735 87.3947623495304 90.7998026677238 89.0524479610371 91.9718455128349 83.2258080492584 86.2983713915222 86.3142080515198 84.7548718160272 83.1531933896095 83.982973079907 84.0736747603775 85.2586559203796 82.8639390180969 97.0043005196034 123.379105958694 127.25234230469 113.386822910618 83.3080602338051 84.1799039641687 82.181730598817 82.3400008433285 80.8576006572501 93.2232165952574 95.7060299941057 108.414640246336 112.001111688007 130.11645087924 162.835437367541 139.650104955555 168.173522081671 294.366753751652 237.335811680166 -9999 -9999 -9999 -9999 -9999 -9999 -9999 -9999
83.6544530063052 77.5296270276586 79.2045906353502 78.8668958800761 79.7694582675213 80.6164244027677 80.4998362316307 82.9396933665759 80.4488662939612 85.4552461162335 98.0561741978362 87.5243934274966 95.0362392066018 82.4618737971053 83.7828039801023 82.9736615856095 82.9665972510975 85.219993719886 84.4882469693626 84.4368655683886 93.9940561422659 116.895157573873 137.971228508014 126.288999429011 120.114330838593 102.479989563485 89.937449389144 93.8144674026738 100.944040699708 106.696315129075 104.475428018389 130.823954344316 139.802096999245 177.014558640019 160.033954652809 158.889866532725 151.454457322235 230.362455792511 251.697817028286 349.579173429211 387.298334620742 -9999 -9999 -9999 -9999 -9999 -9999
92.1982826069646 89.3722635794254 88.7693490978696 88.5617730466674 89.4041602415934 85.3782779898877 89.270509819706 88.9884987875012 87.7301249679251 89.3976124375708 91.4840292114482 94.6244907862343 91.1704966556171 92.0086794375783 92.7244615609408 93.8562869635939 104.905818665368 119.026834954907 110.005246561497 89.2724107874578 83.582261234676 104.763401793474 135.74489785348 146.924075669137 136.164262718862 116.872146190046 109.135133706867 112.044278591002 109.307288943521 133.03700644513 109.87015034743 111.86359787177 143.086006115301 131.378021052969 209.627721841112 289.059320983912 175.271462496588 229.225783752552 239.752081099063 301.609221984847 -9999 -9999 -9999 -9999 -9999 -9999 -9999
99.927361453904 91.9903372183683 92.2340114020409 91.7730894364438 93.2113758332234 91.4346581011428 91.1927028597644 98.667091257143 92.6992288598334 93.6808971823356 101.835708478199 92.32492124457 96.6384483275109 95.6356989027577 91.9693946909742 97.7742268321075 121.228745293503 152.966647613452 141.800745416176 141.99222949186 94.6313531838806 122.560652376347 153.431278646243 206.486037236561 145.611873336069 117.033307969839 130.582504232396 112.759888639411 141.5966441479 139.369777932622 148.587714757468 144.425117927869 142.462329329913 143.393095745277 279.110852465077 248.033135500737 214.564248466181 227.854501038687 264.39867567595 328.87266135694 387.298334620742 -9999 -9999 -9999 -9999 -9999 -9999
93.2497145518716 93.3899387126206 92.9219944557203 89.9201518089641 106.658216381794 91.4838035337865 95.4044512721409 103.032035547065 90.8237514914693 95.660796849364 95.1414379668204 97.6345834804118 98.5851680626415 89.5961954777444 97.2240356783055 94.9321273237537 121.834215245864 144.275857915448 177.099759280991 156.675473654173 140.226826762194 131.771804784525 154.729953700188 211.579247009679 264.006784213394 141.602038610853 147.693734869569 179.483627448938 155.406545826562 214.402150949842 166.077239073456 162.079248146774 141.21932550452 213.456407283137 200.821399100221 238.302459478428 242.907552599374 236.174318149409 225.14649296243 369.638282875884 -9999 -9999 -9999 -9999 -9999 -9999 -9999
101.412876014128 101.737971730807 96.0667581069848 104.406167227765 104.781336656701 101.584961332696 101.327185177881 97.2063347860836 97.8245744101827 95.0060156514976 97.594110709888 100.218647297787 101.730510260743 103.487174661875 92.2667993958698 100.058594951734 128.170162381496 156.127896943666 160.900450283494 268.553991661894 157.854814905464 146.307341364075 162.850279188868 194.081780567938 301.773947503491 280.902171347194 179.697243481958 146.989812609705 182.180388719655 249.813644829215 194.159633240568 161.998296413676 196.446407100442 243.454753419449 243.581392101774 218.135372596348 205.942851653854 207.068221798215 338.368155528108 387.298334620742 -9999 -9999 -9999 -9999 -9999 -9999 -9999
109.874931199534 108.707533861087 106.616133247925 112.512041706016 107.912156387479 102.919783252735 102.27509038943 116.837402381189 106.069913162841 99.0041892824798 95.4453926342271 95.9774806670083 116.269948473539 115.860854313426 125.96090143593 115.818095383475 118.783491828883 142.852612990838 255.910648200618 387.298334620742 241.968860823981 176.939175483485 160.746921750841 236.419099703878 317.903724502242 283.317128040862 264.145754791613 203.63757913858 259.809338718365 254.781919597347 247.649044539008 241.018202622822 230.68034569767 249.146646466622 219.812029063508 204.616293250062 267.903689071743 338.886042793149 218.379252887451 299.507530797607 367.998288752518 387.298334620742 387.298334620742 -9999 -9999 -9999 -9999
124.43938865952 116.663070351698 107.153918026291 106.574448434197 117.472147669269 111.872645686939 105.690940766585 114.378456285588 121.486707166694 115.313965495938 113.173861482726 116.138447647672 121.328551860917 116.638599008976 119.485710164522 118.437932136314 128.250569602596 163.875537548063 284.783696590547 263.899331455874 217.124059336724 235.027578731568 267.29737735033 282.50930592904 314.683212671345 212.235086115434 296.252363095711 300.066106737757 275.858913372506 268.612883292934 246.048571533288 233.971915286551 200.464438976155 199.981777595516 217.103354782433 201.084845656119 201.490021934952 216.04115374726 202.714189860222 258.615645827876 292.430971369096 387.298334620742 -9999 -9999 -9999 -9999 -9999
120.420262398525 119.158953185728 117.413531568691 113.686196277106 122.458252561311 122.711889278704 109.864275281105 121.543552353314 119.242755032077 118.06375113821 119.017737412704 134.297106980426 122.042589943985 144.967820651269 149.275119199572 157.097855216381 220.027104470846 250.636709041259 213.978574528252 233.614838692115 227.164034438276 275.537218771932 301.486870261024 265.77230975954 282.070012698075 257.610119678814 221.484739800693 279.531108588391 275.858913372506 272.202364881162 245.685227192663 250.89126842405 228.86377439897 208.55339500684 202.624175436911 281.232501561594 268.300601720324 276.048227501474 215.787438975678 282.228176216198 374.733605241172 387.298334620742 -9999 -9999 -9999 -9999 -9999
128.663739801941 127.681298160451 126.774729984814 118.60949249885 123.816248813808 116.103488052949 122.29993911539 121.178421515102 115.660750916739 115.606497075704 128.48975257679 153.755742552985 151.496645132223 152.661356103293 174.448386148629 174.361825431422 241.837961244948 315.976225927172 223.162692450121 233.614838692115 217.124059336724 257.515931111054 222.606314889249 244.948974278318 280.305955290694 269.920623252731 216.391767000034 234.503852085723 236.038737740833 324.58765050005 247.141087642598 387.298334620742 338.886042793149 217.676964292361 265.694992891615 311.426728369382 313.96087108337 387.298334620742 366.023347098638 366.023347098638 387.298334620742 -9999 -9999 -9999 -9999 -9999 -9999
115.295354111223 115.052708395472 118.614979819632 124.742934813703 114.138985705654 118.144269546387 114.284289791454 115.86186178679 125.553044628223 125.933603051595 160.941922266482 195.599940774461 211.242599382962 173.96619600519 197.439354853182 249.854802826451 250.970222156194 245.558553755024 212.342378517068 217.474165545308 263.899331455874 222.606314889249 207.019667802706 212.235086115434 387.298334620742 269.920623252731 387.298334620742 387.298334620742 387.298334620742 387.298334620742 247.141087642598 387.298334620742 387.298334620742 387.298334620742 387.298334620742 366.023347098638 387.298334620742 387.298334620742 387.298334620742 387.298334620742 319.662602531023 387.298334620742 -9999 -9999 -9999 -9999 -9999
126.375837415327 132.116921198174 114.227016351192 115.083694732726 123.764457213416 131.753985167975 137.246087597672 142.320851589849 141.444921895883 147.385585671986 147.707050532673 198.932418056248 227.009494466308 265.133691506866 244.110804212277 307.349587627851 275.380597957052 257.244503063822 222.606314889249 217.124059336724 263.899331455874 280.305955290694 387.298334620742 387.298334620742 387.298334620742 387.298334620742 387.298334620742 387.298334620742 387.298334620742 387.298334620742 387.298334620742 387.298334620742 387.298334620742 387.298334620742 387.298334620742 387.298334620742 387.298334620742 387.298334620742 387.298334620742 387.298334620742 387.298334620742 387.298334620742 -9999 -9999 -9999 -9999 -9999
134.18136351875 134.726916920727 124.869791978948 134.569335006649 139.102263186873 139.74982444839 158.179169020438 182.551930029787 170.70613328858 176.847416404616 187.597978289568 237.807776093887 248.992578434684 265.292728881833 258.253958430643 294.075593304756 338.886042793149 234.012616672488 234.012616672488 324.58765050005 234.012616672488 387.298334620742 387.298334620742 387.298334620742 387.298334620742 387.298334620742 387.298334620742 387.298334620742 387.298334620742 387.298334620742 387.298334620742 387.298334620742 387.298334620742 387.298334620742 387.298334620742 387.298334620742 387.298334620742 387.298334620742 387.298334620742 387.298334620742 387.298334620742 387.298334620742 -9999 -9999 -9999 -9999 -9999
185.128450775737 152.405943001642 135.564145282179 191.255936457639 164.018894911528 161.124120852086 196.289250068079 189.923918056324 170.549205298859 185.127223395132 224.943167314586 245.813079906456 247.031146911222 266.626355228417 276.86671323773 264.798684277823 387.298334620742 254.939398313165 387.298334620742 387.298334620742 324.58765050005 387.298334620742 387.298334620742 -9999 -9999 387.298334620742 387.298334620742 387.298334620742 387.298334620742 387.298334620742 387.298334620742 387.298334620742 387.298334620742 387.298334620742 387.298334620742 387.298334620742 387.298334620742 -9999 -9999 -9999 387.298334620742 -9999 -9999 -9999 -9999 -9999 -9999
