data/derived/r_cv_pre_snow.asc
NCOLS 191 
NROWS 93 
XLLCORNER 442474.332677425 
YLLCORNER 4080120.41147431 
CELLSIZE 500 
NODATA_value -9999 
[rows 42 to 62 of 93, columns 0 to 46 of 191]
-9999 -9999 -9999 -9999 -9999 -9999 -9999 -9999 -9999 -9999 -9999 -9999 -9999 -9999 -9999 -9999 103.255049619398 100.615759433134 78.9347133268194 -9999 -9999 -9999 72.9239758685619 57.6188671967651 51.1496310275628 43.0989815914108 41.1300809893725 42.6786220021747 42.8891901098749 42.9786462245991 40.3170331973839 39.3660426202112 37.0541025018848 37.2348566065481 36.9866191299278 36.9101126375847 36.5545908500746 40.1978758699935 36.9124806512565 37.0221406134467 38.0736667142434 37.2201061140238 37.8740526150889 39.1215821193178 38.5917302230029 39.8665814162258 40.9838655344093
-9999 -9999 -9999 -9999 -9999 -9999 -9999 -9999 -9999 -9999 -9999 -9999 -9999 -9999 -9999 -9999 102.661080384411 96.3244486816357 89.96112230337 83.5837159978429 -9999 -9999 -9999 77.817397240645 55.4284406206843 46.2599242708772 52.3260308177716 52.600727573896 50.7490832676721 48.0736864908047 44.6971436968079 41.9727572557801 39.1357166080494 36.550018846642 36.3082595011619 37.2285302229475 36.7733712443789 37.9996290725501 36.7248782941738 37.1133589105912 38.853444573496 38.3110429007036 38.6021736888501 38.1063497041709 38.4431217765958 39.8545430374092 41.7616492178688
-9999 -9999 -9999 -9999 -9999 -9999 -9999 -9999 -9999 -9999 -9999 -9999 -9999 -9999 -9999 -9999 98.9488264633781 89.5457928407512 88.5545777482524 82.6096341741844 77.6410976518921 -9999 73.2326495398001 65.67804366663 64.8813354559323 61.3149752719048 52.4340205079626 45.9297709164583 43.2748943639057 41.2910592887937 41.3862548408697 42.9182744581893 40.3217701353409 36.9318034175727 36.621679144322 36.7465648859108 36.842160940693 36.9442371092284 37.8497548933839 37.5528573307644 37.6224557040601 39.1185957387626 38.9814065574336 39.4588028812911 39.744808561276 40.3203919109804 42.740367353026
-9999 -9999 -9999 -9999 -9999 -9999 -9999 -9999 -9999 -9999 -9999 -9999 -9999 -9999 -9999 -9999 -9999 88.725049911923 82.8747056747931 88.0294835351454 84.5681548188975 81.3889398417648 79.3973861224164 64.4056965907772 59.4442219444868 56.038717480332 48.9415515209965 43.9421688683801 41.4099493592309 38.1219436653475 38.0959468655348 40.6256797177967 40.0901353663628 36.5985947158445 36.5318288714242 37.113228845357 37.1127800224869 38.7719552078829 38.7655549998041 39.2185350368224 39.669095073085 38.95745644715 39.6883497332557 39.7803115183024 40.667369756724 41.7393543611578 41.9195315337655
-9999 -9999 -9999 -9999 -9999 -9999 -9999 -9999 -9999 -9999 -9999 -9999 -9999 -9999 -9999 -9999 -9999 90.2439690981909 92.7191666598716 95.2508497303135 100.712403870759 93.1207792395761 82.2263524258449 75.6841497744137 59.8179836192781 57.4090791969417 51.3255398101793 47.1828408789016 41.1862837983707 40.4256520130825 40.9646945226553 39.9215329281991 37.9021091256822 36.0617690264318 36.2473916536488 36.1006188744764 36.2632483348542 37.6336342996388 38.7915301432184 37.8001603946117 36.8560848805891 38.8892712649431 40.2733134437969 41.4707524129482 42.1661437217791 42.386455413673 42.7114993831233
-9999 -9999 -9999 -9999 133.095728221917 -9999 -9999 -9999 -9999 -9999 -9999 -9999 -9999 -9999 -9999 -9999 -9999 106.009926983824 127.763538427694 130.2137452768 98.2972043026983 81.0430072006239 87.5483336217323 88.0565889672603 82.7454317403899 76.6752492329888 72.8541974313668 59.8913371955888 47.7405300560148 43.3989827087154 40.4647282235343 39.2515951233936 37.8020908011647 38.1128717023529 38.9198523659968 36.4639021652824 36.220898518993 35.8648228449571 36.4333755436582 36.4991370275907 37.0307845504339 37.2845668025077 39.3475204561466 40.6532712265578 41.7477036104061 41.4991837312334 42.4996906854403
-9999 -9999 -9999 -9999 -9999 -9999 -9999 136.304007419731 132.487279201408 -9999 -9999 -9999 -9999 -9999 128.657599495549 129.723505257003 126.478561819675 119.436038765388 100.641380783264 95.3363252905156 83.6046198313608 77.8928099876574 71.6809746165683 74.0084753033758 79.1403230050662 73.5934626964291 71.8913093790176 69.4871131608067 49.1211193941398 42.6317817026129 40.7618919032333 43.2919832546851 42.1230803071556 40.6913185818027 35.9942901955005 35.9818518994689 36.7210778092957 37.6873217606772 36.5714657043295 37.5088856854127 38.2249631929186 37.7545494737665 39.2316051787827 40.744540498494 42.2233389615661 41.5992987120668 41.6009444087896
-9999 -9999 -9999 -9999 -9999 132.467729674892 -9999 -9999 -9999 136.245671586329 -9999 -9999 134.614764108021 115.963876561817 123.028892542992 130.836812853059 127.398949787312 112.692452842795 91.7183692391532 75.7496794442937 76.7978207351645 77.0912297829538 69.4537484952841 62.0540724476126 73.3629560331923 54.1442085498647 54.8784034389494 69.9239336366589 62.5988000528169 51.077674847155 47.0269686254489 40.8175396741073 37.8171024647024 37.0229276428153 36.311622222854 36.1815246702793 37.2406220679769 37.9235935876539 38.238070412794 38.517659050043 39.5037860200457 39.566062388978 39.3540289965645 40.4042349572618 40.2845382970202 42.1645896655648 42.6577539988767
-9999 -9999 -9999 136.357839663407 128.528436370214 127.323816673734 107.718463706941 102.531891093936 108.33707415263 104.626734221127 106.826608029279 107.742686786509 101.434152323372 111.280119631661 103.047552295646 106.372866445446 110.821123836072 106.299641971804 95.3413398258106 81.6770611643247 71.6280134995857 71.8589875164644 62.0921604504302 47.4738776916932 50.1359166337136 41.8152353652144 48.6619328494989 57.9254968868876 70.7005075356281 54.4241896314533 48.4454548412162 37.8090633264436 39.0415894552873 36.925480183422 35.4788457576081 34.9132227382851 36.1009947475442 36.4561385918027 38.3885168867089 38.705811669308 40.4449176899383 40.5666784924808 40.4265344049754 41.110636187723 41.9504835695036 42.6391160809062 42.3531126931993
-9999 134.661688786159 114.643957895199 106.346863083538 99.6278425904323 114.253439632933 103.854910048488 93.5506822086551 94.1393699021253 91.995541681746 93.3972567947283 93.0360614620271 96.1924524993966 98.0402064039295 96.3223555152657 95.5088134856294 95.6602395145904 99.2432864878722 91.0441269021636 82.2016099610948 76.0281555079674 71.3665864826523 69.8945613367614 55.3865681718689 56.7013250173062 62.0628192287578 61.067732198953 56.1367531861416 52.0049876636842 47.5295077795356 39.7998205085244 38.8273232091598 38.2650871015787 36.492399514595 37.1559655469332 41.532503420912 36.2764940448477 37.8069944019307 36.8653531514706 38.6418073884204 39.9532829449732 40.8159290515193 41.025992708145 40.801377240221 41.7917450615033 41.3334785880365 41.2807705572087
-9999 -9999 132.08704389352 111.019605177131 104.498891082957 96.7272879615805 100.625297676127 94.6018289732597 91.7307491750643 91.5153020790505 87.6354243946359 82.2483756588162 93.6356541140014 91.0585116813621 91.3096613312674 90.1833205235342 84.8610687710701 82.5097064193371 92.7642828193504 82.2408735454144 83.0048088053215 79.1491605155398 70.0470656224481 66.2942597552363 73.79368356175 60.9874062344493 63.1530334553555 65.884405727469 50.3576757420823 45.0904007732223 40.2021499264755 41.6010509472276 44.2337047852303 47.9426152835848 47.7523713806997 39.6744644403175 37.2364164628983 38.3352233640946 38.1640824890093 38.5680293746905 40.1749567257294 39.9614961142167 39.9175820338875 40.7333655099062 40.9604688104672 41.0271089513243 41.4497567030201
-9999 -9999 -9999 138.136228341923 108.000736336623 96.1303800726261 96.4705294385668 96.5936794730072 95.7043120959393 88.1915234281886 79.9640670792544 83.3822430377315 91.2323652130845 80.7298762237869 83.6572982358991 87.510925521635 83.2996115966784 91.4505907386248 103.359090231403 86.3520222524499 82.9930131128811 82.3693553064738 81.1698290655133 82.1491572895838 81.2397603457861 80.2887554369874 77.7167127629702 70.4277646135156 58.6683242820638 54.0852162516509 57.7417275293802 60.2537675839796 51.3942521571827 41.5010744018344 42.7839215646341 36.6430072766922 36.6230603250588 38.1567220364249 38.5252717510512 38.9442610043746 39.7714072564332 39.8169769915056 40.205577145171 40.5363203419022 40.8409027645946 40.9447174744476 41.1559291972451
-9999 -9999 -9999 -9999 133.796227317667 103.704120893415 96.7832471199546 105.554203949466 96.5632427939791 88.0279942857593 85.5883072837561 92.9563728419563 94.8360499810906 94.1802326373519 93.704443563581 80.5469695323262 81.8634165426804 103.287119386394 112.669959335882 91.7162728954305 97.5461381984481 98.186172846929 82.3203808094478 89.5295066351027 90.7391539262434 88.2300499061682 84.7444637564109 83.1684909082449 83.0760841044952 74.4877386405987 67.7237909938773 53.1419482523178 48.2382486308263 39.8381774836947 36.5170445741519 36.1196595953257 35.4057238375134 38.3868116674532 37.6832270789507 39.3068663168449 38.8862059263389 40.1117170533012 40.5766309457229 40.755694014856 40.7150015159988 40.8663675672185 40.6037532476826
-9999 -9999 -9999 -9999 -9999 136.405350001905 126.864610979115 110.552712857459 95.8908946074066 96.5617652831318 92.8639512176368 99.8601276097458 92.6931573003696 96.2046929274401 94.5153021249135 88.4255960858988 83.8431896727671 92.0472594561467 136.798165870369 118.462400486279 102.869652556225 97.5227692375095 106.476255432322 98.5363558694805 92.2067121232751 82.2793300283781 74.5022572645826 73.0754336890916 74.7199510237916 54.0115671853472 50.7876158058311 46.0071673639519 43.9630566766742 35.9690850638894 35.7917341995405 35.4694270261844 37.0909584973511 38.0492266436018 38.328776410565 38.6323839886237 38.7901458703056 40.0021597052635 39.3632342839651 40.0141306309206 40.5648558410099 40.8861486478196 40.6579282504253
-9999 -9999 -9999 -9999 -9999 -9999 -9999 138.391348542275 109.072668304642 107.519201488168 121.605447349508 115.851248474345 122.221087516006 118.781824996347 96.1812069814548 89.7852654160693 90.2992630029604 101.781155961746 116.121990764814 94.3327270712544 81.5766815939511 74.6940654636544 81.9956585500346 97.2879437155767 82.891754785662 83.4791806315385 74.3871966521877 61.2875542347484 53.0462720748454 44.827642761551 40.1172577487977 38.902159619694 38.477292208493 36.3731789554099 36.3977360716115 35.8558909834302 37.4232652558789 38.0276147168615 38.5245531549479 38.4373432093464 39.4439633733091 38.7177281237435 40.140035979865 39.6575161931902 39.3368968077551 40.4295892678871 41.1545511005364
-9999 -9999 -9999 -9999 -9999 -9999 -9999 -9999 147.498848824015 141.487889895007 134.910528237683 141.196131432038 136.397493241167 117.315455694455 108.512516169603 98.2586841718268 104.399955016645 168.124324415136 102.431877901332 113.403576999419 87.9311154019311 82.4546869245922 82.7598257967609 85.879600027896 79.6626428642043 74.4071541998949 71.828925823891 56.3026968535342 46.5602002201612 39.2444124552728 38.4939827843619 38.1133357689276 34.6415017471612 36.0026903227639 36.1534721258176 37.6068234398918 37.6558855598692 38.5606831835893 38.2533330356882 38.4260372457776 39.2350803798175 39.5067395394666 39.1455004559008 39.7042403072626 39.8779829440505 40.4568867159645 37.7125223343383
-9999 -9999 -9999 -9999 -9999 -9999 -9999 174.075860668411 -9999 -9999 -9999 -9999 -9999 -9999 160.751203221078 111.296596998092 174.130078157045 120.136200829339 88.6508172911578 85.9282714641678 83.6002661691592 79.7498547670403 83.0528322359961 81.7599850452578 74.8774740055564 60.0505116028443 61.0174182811142 54.897294417494 42.6365489997613 37.6276976523367 36.2809838449504 35.3582784754738 35.8227840248602 37.7925919045287 37.5171504632022 38.1381336185585 38.3861430703029 38.3729779195546 38.4397553923442 38.5098365074589 38.9270846527649 39.2592883704341 39.0589843467261 39.5787735075005 40.5534989594831 39.9529794999824 39.6978635977032
-9999 -9999 -9999 -9999 -9999 172.567333893887 178.261357888203 173.414013207077 169.303140907512 -9999 -9999 -9999 -9999 -9999 -9999 173.194986296138 207.100953793542 98.1784217325363 86.2339608679087 94.4716289402237 96.5700953892087 92.0907364619045 86.3502738313865 74.8590935774835 73.6644268724094 60.4516986020983 53.2972866824699 48.2858134937107 40.3743464928825 38.0169072351339 38.2413321408138 37.7447218721372 36.1358124464763 36.1810069720308 37.6270524091812 38.1217395009202 38.6024170339955 37.7727967625479 38.6110490568067 38.4209288973254 38.508446999521 38.5533437302734 39.2161064548011 39.4508372627498 40.1004267144876 40.6129396997361 37.6521175282177
-9999 -9999 -9999 -9999 -9999 180.23535184327 172.587363246866 178.864197855946 -9999 -9999 -9999 -9999 -9999 -9999 -9999 209.863218079435 196.157184644302 133.197659893483 115.411797122135 94.5923127075099 86.1272738427748 85.9886524909242 79.9258927903467 73.0475991839004 69.9714735113568 61.017912574757 50.6976446954364 44.7286554593727 38.8103486495898 41.0226620288154 41.4710315858303 39.9014229963756 38.8815321997601 35.3921185919572 36.4890599098012 38.0775415280682 37.7631813904533 37.9568893726842 38.6071535203755 38.0248288834267 39.0594236453177 39.283202298227 39.4713349759524 39.6014035572911 40.115105838224 40.3316300121935 39.0253845692769
-9999 -9999 -9999 -9999 -9999 -9999 188.384034940665 192.171713385064 -9999 -9999 -9999 -9999 -9999 -9999 -9999 -9999 -9999 115.828237330548 89.6645142879856 79.7960132266077 74.5016051623468 71.3825723701853 69.180087494 73.6528522329297 69.6410887937077 62.3028723085378 65.7754370364814 59.7099463246421 59.4896266167986 51.8414619590785 46.0784184990523 42.6668893879342 40.1340353032232 37.54207602323 36.3368872292306 38.2581182340773 38.871645398554 38.526332023527 37.060175505292 38.5702479864746 38.5766302606915 38.6823383332826 39.4099841380471 39.2188392253892 39.3255355877796 40.5769361967771 38.1102812062816
-9999 -9999 -9999 -9999 -9999 -9999 -9999 230.273029646002 -9999 -9999 -9999 -9999 -9999 -9999 -9999 -9999 -9999 119.009291805602 93.8498304918745 80.3627583120426 74.2651304416329 73.1874538117556 72.3323213792983 72.4804869317921 77.5524159877821 79.6472936208038 79.356319832683 78.0778102580318 55.4900062197195 45.1362897582816 41.3582060583896 40.950017050192 38.2880392838165 36.0555659174419 38.6282406668658 38.9151427637279 37.0908761526028 37.6098201968646 36.8489151463552 38.1637043525051 38.7209872772199 39.1669077335762 39.140848802329 38.9101368672656 37.8518235883231 39.4438599095945 38.0141121295977
