data/derived/r_cv_scd_1000.asc
NCOLS 186 
NROWS 74 
XLLCORNER 443300.206538099 
YLLCORNER 4085841.77455235 
CELLSIZE 500 
NODATA_value -9999 
[rows 42 to 62 of 74, columns 0 to 47 of 186]
-9999 -9999 -9999 -1 -9999 -9999 -9999 -1 -9999 -9999 -9999 103.774904332554 84.9020761672236 83.0604506461316 117.66968108291 65.6330123313894 66.5455309717166 65.0443635587991 81.2684890206057 53.3092894520302 52.8058854528692 44.9210774729987 31.1979550913811 23.4091210682728 23.9362677823675 33.9865755040403 65.7793514480272 61.685721241858 58.71029825882 55.4498623659201 43.0380408730422 37.4725155933021 31.1556904950365 27.5273333998672 22.9308240152759 21.9327097889768 18.680939893304 20.529373004201 20.5528680345076 18.8304618100816 18.7082869338697 17.9800766248284 19.0648981333671 20.0796293429151 18.8635797649578 18.4840045097505 19.0851821034977 19.6812891244406
-9999 -1 150.781440287068 113.086080215301 113.086080215301 130.088727117598 77.3492468153762 58.0119351115321 77.3492468153762 89.0009535867541 89.2491309408187 107.396042185479 90.3359190849738 66.1001571044334 62.2649425995325 58.0119351115321 52.8657078984069 48.9897948556636 49.9287241262732 61.3691869924382 53.0113005874905 55.9339324578422 46.1032110907092 52.2841276713811 47.2372184232432 43.8461622790191 58.6289363174363 59.8832878570654 50.5180005153448 48.4554837172694 32.6880187100222 33.2452213601777 28.6192547147678 27.1746488194703 24.8040784066666 22.5559705541587 21.077383454195 21.7676271598145 19.7511578032532 18.359134266521 18.9794774381038 19.1394460292 16.7248402001418 18.4282701196054 18.3910052589338 20.8310763770059 19.7699121597437 19.5330095361278
-1 121.58740366645 130.088727117598 149.666295470958 123.952017184484 44.0858185721974 32.6384609182595 34.3004304985749 27.8135423227984 39.2232270276368 31.0086836473021 54.3449192349023 66.6984969605524 52.8395949267478 54.8907832176784 36.9697394287314 62.2649425995325 44.0305083319716 54.4749609226236 56.990027617674 48.3852986323927 50 57.5081216359556 61.0030123958442 58.71029825882 56.2050084322044 56.7289399700527 52.3847262487793 50.2893312855423 48.3270566629162 33.9198886033922 37.2688583630259 34.6313610435838 33.1716628956785 35.6322868350195 31.8757253711308 27.7350098112615 28.2996046849637 22.0558514626625 16.593398126344 17.1771302474302 17.9435219373097 18.390789919037 19.5751213279949 19.2481246428216 19.5727092630211 20.33849136637 20.4120301920799
-9999 -1 147.085628973036 138.84196202449 99.9981992344971 67.6805909634542 55.381121357219 49.4853919710359 56.2069070175973 54.8704671321956 46.0223597108941 50.7155911349108 54.6290678612564 46.7263203433588 35.6572570272366 51.80756381687 54.6143896254469 49.1365798513921 75.1522670839892 50.3382225707634 52.7381228286656 41.4792477356731 51.176917873949 58.0119351115321 51.9889481241795 52.8058854528692 49.0304117283553 52.1699175527226 48.3681911341724 47.9128593738835 41.6473071013219 47.0308685813559 47.625021166379 46.8506224299069 32.2145741747129 23.3165641826532 23.3811566227048 23.3106979197596 22.5951612196353 18.7278264305261 17.646310059173 18.7090546130562 19.2647481195026 20.0398868842388 19.8398576220624 19.785368097325 20.0920956520794 19.9761601735015
-9999 -9999 -1 115.880542348432 89.0009535867541 89.0009535867541 98.7403596580358 84.7905128392759 98.9454889836307 81.0507912930575 71.1444900293653 59.2011760391989 51.2401821027199 54.6143896254469 43.2487780366671 51.8259058830837 53.1515284733547 58.5778629086054 69.7764771312785 67.0867241181423 57.1331754731877 60.622955750353 65.945268010569 73.5783371179687 76.8533136996581 69.5094442668738 56.1582615390186 53.0669560178981 49.8354366915493 52.3900341061427 49.4871659305393 52.8802412635474 49.0851223444734 40.3677427641235 28.0165907340263 23.9776313112973 20.3358079802462 21.242434341871 20.5103163535592 18.9569446585719 18.1331744707313 19.754944412042 20.1736646196482 19.8496703251893 19.428084876416 19.1983619019556 19.3277597708723 20.4124145231931
-9999 -9999 -9999 -1 -1 101.678225488359 85.5749783702977 89.8717034272917 89.8717034272917 89.8717034272917 77.3492468153762 96.0768922830523 106.50628969028 54.5978303316448 50.3820050005989 58.0119351115321 61.2531114052079 72.7257210079837 91.2485894405349 124.034734589208 55.4700196225229 68.4366223331416 62.3609564462324 58.8348405414552 66.7000103386224 63.5975017312819 62.5194458624638 60.2524469862137 51.6514331650003 52.6445380233479 46.1770721050873 44.251590699864 33.6111357620481 27.4879993111238 24.8189576064165 20.8799132888592 20.5366537552661 20.1503175035729 19.9888665189246 18.8876847170239 19.9018674536983 20.2323329783662 19.8935680078807 19.2756973380097 19.3445639957429 18.2972330331013 20.1502176334626 19.8367170927927
-9999 -9999 -9999 -9999 -9999 -1 132.28756555323 132.28756555323 119.828937903056 103.774904332554 103.774904332554 119.828937903056 103.774904332554 77.3492468153762 66.5455309717166 67.423330891139 75.1522670839892 83.8445855730382 89.6336322715309 92.376427252579 68.137618411088 43.8529009653515 58.0119351115321 58.5111250693839 54.6668230141604 50.4871268025096 54.5978303316448 49.6987282020807 47.1181317880417 37.9675531234729 33.9683110243379 31.1908756272439 26.7002860760262 23.4875696788167 21.4180404535 20.9836927948122 19.6083008087771 19.0258412844138 19.7704434395416 19.5649865105283 20.1132637619769 19.9497857654438 18.938652626046 19.4253352720721 21.3075846312892 21.5588379999798 21.5611862278578 24.2078639097687
-9999 -9999 -9999 -9999 -9999 -9999 -1 -1 -1 -1 -9999 -1 119.828937903056 103.774904332554 89.8717034272917 71.8767270840608 100.851079175883 77.7954348820888 59.6663748467176 62.702662875064 51.8874521662771 49.9287241262732 58.5716772918437 66.9230685660509 78.9023489289397 53.8343182258666 56.386109860095 48.4554837172694 43.6821037944561 25.8098977572216 25.3307123759099 24.5254251806896 22.29025011027 22.2125139106242 21.4813152440195 18.5841038739426 19.737177036256 19.9714896505093 19.5934771765583 19.3735408585779 19.3897312523266 20.1872599091218 20.6085531212043 19.483931354673 23.6563317171594 23.8220971322483 32.1700385190225 34.1393701663697
-9999 -9999 -9999 -9999 -9999 -1 -9999 -9999 -9999 -9999 -9999 -9999 -9999 -1 103.774904332554 92.6630116119355 66.0292480018931 79.7128877314576 76.2586691162691 51.1141234745425 55.415823205457 63.6168492914431 65.6330123313894 67.7622688238384 74.3558906493159 67.3718579354165 56.8212327377606 48.5362671697075 38.4960647026621 24.8856952123347 21.7129984891775 21.6277415574615 20.9924523179027 21.8382192372289 19.433641406152 18.4469078201441 18.5818042378836 19.674623172172 18.6975787191165 18.6321301273418 19.2371231870561 19.5671213487722 20.8165435713651 20.3706168224132 21.8940833478946 23.1624791472445 32.8526322804075 37.8369848100736
-9999 -9999 -9999 -9999 -9999 -1 -1 -9999 -9999 -9999 -9999 -9999 -9999 -9999 -1 -1 113.086080215301 110.747267528175 100.017092556317 88.0697966361936 87.7266569546407 62.6958469977815 61.9622978440862 56.5136135950629 56.040127299718 52.7381228286656 48.452990699154 42.3260588245327 36.2992810414241 28.8175499055032 20.4983711408267 21.9200257766289 21.2633885995446 22.1189323941836 20.2944583912584 18.6929465500792 19.3749168047487 19.8897647344926 19.2513111441593 18.6812575836374 19.4184542174201 19.343890486464 18.8203982622172 20.8680012910652 23.0679003683068 23.4292898725425 33.6875541982746 37.8920232579128
-9999 -9999 -9999 -1 -1 -1 -9999 -9999 -9999 -9999 -9999 -9999 -9999 -9999 -1 -1 151.655587548075 164.082530828473 103.774904332554 89.0009535867541 92.7384890454193 64.4419466503059 55.4700196225229 52.8657078984069 48.481206156895 51.4350681861727 46.7707173346743 41.8446745066789 44.0692469193054 34.0437836781491 33.8525753862623 27.9006774697955 22.9086785265885 20.9526957182346 18.8732553410461 18.7735447839525 19.1746778129587 20.0943137549209 19.7633903556173 18.7919774506613 19.0204849084834 18.9165207645264 19.433424397493 20.1385210657542 24.7330961548188 29.5253943326286 30.4719365433934 43.8962308557462
-9999 -9999 -9999 -9999 -1 -1 -9999 -9999 -9999 -9999 -9999 -9999 -9999 -9999 -9999 -9999 139.228644267677 141.852979041044 96.9624123137899 69.7597139907006 48.8187801195831 50.2167372848823 47.6769360547397 45.9010988401862 44.8168161357655 45.4113766144885 48.8776224237335 45.1867694100075 45.7139451444947 46.6521246094199 42.1052626904646 30.443214363982 25.260230469358 20.7467659519335 17.7176665933629 18.0949738444212 20.0629526265662 21.3494152476449 21.0977075396243 19.7803705205369 19.1025628652828 19.6318911220157 19.0598867518419 20.709425069641 23.3948218127928 27.1643809909555 35.7257660509474 41.3292511012473
-9999 -9999 -9999 -9999 -1 -1 -9999 -9999 -9999 -9999 -9999 -9999 -9999 -9999 -9999 -9999 119.828937903056 89.6972241364237 49.5594627783352 42.5255216192644 34.735318198797 46.8081565920265 49.4454719954689 47.7566092416729 54.4021264470262 50.9893272653405 47.7171151362179 50.6401330658113 50.207546452677 48.6170461713995 43.1175442985404 26.1428143866112 20.7121927641621 23.5702260395516 19.0441695915644 19.1239885518009 19.6426438600832 18.5257201295793 20.3529713935453 19.3222350917628 18.7344748820857 20.4184115441512 20.8443670229955 20.7857329920558 23.0482745743058 25.2884316731166 28.1714423697955 41.0001172606203
-9999 -9999 -9999 -9999 -9999 -1 -9999 -9999 -9999 -9999 -9999 -9999 -9999 -9999 -9999 -9999 177.330634257462 113.898220197698 69.1832695550361 60.4456815577238 62.1122957155879 59.0172264622743 52.3230223226009 54.4856007119648 52.0673052260656 60.2257150404771 55.5650514201759 54.7460898008771 41.3125981902708 35.6996523763275 30.0631261970949 22.5246669043505 19.8521540302289 20.0900158522105 23.8036614103159 25.5945275806628 24.475951940647 21.4066181223366 20.9596321403811 19.6185392027204 19.6267770601974 20.4272557927387 24.5478295169549 25.3916460548439 23.6593861872026 26.3151813118841 27.8771920169005 32.6747702912593
-9999 -9999 -9999 -9999 -9999 -9999 -9999 -9999 -9999 -9999 -9999 -9999 -9999 -9999 -9999 -9999 270.169304310192 254.195563720897 105.474740561931 70.5655080434972 71.4681209189965 78.3921094321558 79.4855252102464 73.5067838485631 71.4681209189965 65.6330123313894 43.343194144323 48.033391963459 34.4664340540636 27.6562543002382 22.860812217903 22.0196584333796 21.053494794655 22.513920811368 28.3769438193526 29.9431773052298 25.8822454218595 23.6072117492474 21.3105006856387 19.129383621007 21.1169533680103 23.3912070946407 23.8650932859458 26.1425800298237 25.8941920321083 25.6853122653823 27.8202436010427 32.3227725217587
-9999 -9999 -9999 -9999 -9999 -9999 -9999 -9999 -9999 -9999 -9999 -9999 -9999 -9999 -9999 -9999 -9999 374.165738677394 145.208357236382 96.2019110636982 71.079052602707 107.99796920379 121.629430617488 89.8717034272917 59.0834374572238 60.865551707147 37.7197298523136 41.8139560257728 32.4484174369995 26.9111328526835 24.6659570150865 25.1363477837237 27.0866855068961 28.9454753782313 32.3555576674374 31.960005942693 28.3548695538203 24.8969901783375 24.1169015373467 23.6589856074877 24.2119532247833 28.6694640488205 28.0771141529303 25.1603177291518 28.8263482735327 29.8011047002026 28.2162890318396 33.4934705980158
-9999 -9999 -9999 -9999 -9999 -9999 -9999 -9999 -9999 -9999 -9999 -9999 -9999 -9999 -9999 -9999 -9999 -9999 213.937445925744 189.532904813556 147.441368060118 93.1114104813132 90.6955566099082 82.5858880086505 60.7041577561263 46.4452203067056 42.550874527757 37.1316529211378 29.5404807205933 25.4048926521662 24.1449350860018 28.3250364926101 30.7223255522687 36.6949230379779 38.7174524611306 34.3548237733816 28.1917738302749 29.0004420832794 28.7383613715116 29.8371649165334 30.5509136172171 31.7235539742042 27.6993193965136 28.1099499602834 29.9683112868194 30.4157330527837 31.4165955846068 39.0163792994532
-9999 -9999 -9999 -9999 -9999 -9999 -9999 -9999 -9999 -9999 -9999 -9999 -9999 -9999 -9999 -9999 -9999 -9999 -9999 164.620769660006 117.66968108291 81.6496580927726 74.0015209178383 63.5975017312819 56.5346010578127 45.6091610425295 40.8677796032927 38.0037592790945 29.7691962994766 27.548305719629 25.8925807611472 29.6649443664403 37.4948288289784 47.1902506623283 43.9843048621527 34.5409611406573 27.9211540376126 27.8028272945635 33.5005790565291 35.0744893780663 37.2438606008847 35.7392248973037 31.1233187282618 31.1242126526578 32.9820556810332 33.2479822434394 44.2989070112702 50.6994445881293
-9999 -9999 -9999 -9999 -9999 -9999 -9999 -9999 -9999 -9999 -9999 -9999 -9999 -9999 -9999 -9999 -9999 -9999 -9999 150.781440287068 110.768348247024 118.179296637974 85.4292478549676 67.8117384466668 62.5194458624638 55.1441195321897 52.7057458146805 37.7241311371197 36.6616481932157 33.5092346455668 31.4015555714632 37.4632034572836 40.8648974362362 53.2455859558715 51.129163149147 41.6240581942779 33.1796851187951 34.6561296130131 34.4426781322689 37.2938148319489 35.7922336295358 40.9296830565238 38.6231161456864 34.6783166675976 36.9964790583756 37.9574892940943 56.7989171387416 74.6574157846514
-9999 -9999 -9999 -9999 -9999 -9999 -9999 -9999 -9999 -9999 -9999 -9999 -9999 -9999 -9999 -9999 -9999 -9999 -9999 -1 117.790126752928 115.558842819778 107.01865002415 66.0292480018931 65.6951018224443 54.4658692761519 49.7141689929324 46.1523472917886 46.0571677816154 38.5978700015299 47.3070909664961 46.6025200154978 52.8615976738712 59.957740179862 47.026997156298 37.1647372982593 39.0013202955405 40.2835053197086 39.2232270276368 41.8951617744833 45.0159275449896 43.0450671802993 39.9723765604382 40.9502512437113 43.2735892833243 49.582850522677 57.7741098858031 80.3009533873028
-9999 -9999 -9999 -9999 -9999 -9999 -9999 -9999 -9999 -9999 -9999 -9999 -9999 -9999 -9999 -9999 -9999 -9999 -9999 -1 130.088727117598 108.723164467663 85.7346333194897 67.9757898939871 62.6958469977815 60.5332234258145 64.6274357446691 50.3583584359074 49.8814214033777 43.583742057827 50.1497060504946 54.2786804784844 61.2584028380792 60.6351460711432 51.64538223943 44.1291807230521 38.0155307385084 42.3233086813591 42.7425207132555 48.793533775519 55.4498623659201 52.704627669473 52.4639532329582 46.6025200154978 48.0027552681874 61.5930701760051 67.8658915536543 84.3993738307765
