data/derived/r_cv_scmd_1900.asc
NCOLS 186 
NROWS 74 
XLLCORNER 443300.206538099 
YLLCORNER 4085841.77455235 
CELLSIZE 500 
NODATA_value -9999 
[rows 27 to 53 of 74, columns 61 to 121 of 186]
23.5213590113888 23.3854897577584 23.1255323991408 22.240296832907 21.961010137581 21.4914332798196 21.7053392413052 21.7710485235955 21.8270808464418 22.0827036240956 23.4548376131049 25.0215411912306 14.9543277006591 16.9178178753908 17.5023956668732 27.9843351043442 -1 -1 -1 -1 -1 15.5151046438688 15.9683377411324 -1 -1 28.3252509315231 26.8905716900799 -1 -1 -1 17.0089675713494 16.3885210063826 10.7874517499747 -1 27.1940190705588 -1 -1 -1 -1 -1 -1 -1 30.8914517671079 32.2118392861279 22.920789269128 23.0491955868951 22.1648250005335 22.7609735550158 -1 11.6470114365307 12.4576927383336 -1 -1 -1 12.3114542279476 12.1896225205005 15.6169385278973 -1 -1 -1 -1
23.4393161678146 23.1255323991408 22.5943435637468 22.1202055937686 21.6173485071584 20.4150342656121 20.1738688267103 21.3784996700244 21.6828807678612 15.2609210421225 15.3082412903577 14.5984492876819 14.9163470539656 15.9080628995959 15.8389042121645 16.1343547639013 15.1346958197523 -1 -1 -1 35.3617029413641 27.2722567410178 18.1893160510645 -1 20.0627879999109 19.2474260675314 16.7637504805238 -1 -1 -1 16.821114936065 14.0847009771024 26.1809990993936 18.0163417587648 17.9022219705311 29.2876171966792 -1 -1 -1 -1 -1 -1 30.8039889707835 30.6980397717982 15.7781721944005 21.5498575104003 22.2384850773796 22.6173092488043 22.7039222216417 22.6173092488043 13.4210555212298 27.2735855297149 27.2735855297149 18.3507199146301 13.65524010577 12.5305693566156 -1 -1 -1 -1 -1
23.3761663943133 23.3769120230378 22.5673768823945 22.0334350496497 21.6747266158224 14.2258952975201 20.262698997981 20.272566336836 22.1202055937686 15.1064714887634 15.3859128422591 15.683132977087 15.609756097561 14.8009612022865 16.3703010639975 14.8329015675002 14.8140062010154 14.7622616585576 15.3949714122082 17.0913364763425 16.5163437145663 14.4669865965789 17.2666217306194 18.4403773871872 24.9169194128176 24.4721061266755 16.2669870532152 26.2458366879077 15.8206188225426 15.9965857533676 27.7848801341894 24.1817379250072 23.9498725475877 25.4825021301375 25.582447892608 28.1412912318516 -1 -1 -1 -1 -1 -1 30.045981373543 24.0283964628928 21.2098498272886 25.4585500759002 21.4251078297245 27.8179070425869 22.4944556914665 21.6150716400464 21.0472261870166 33.3534682610838 35.1988084795255 16.9849265091732 13.7128208011158 14.5817963354104 -1 -1 -1 -1 -1
22.6950080971557 23.2657528585596 22.2833090993206 21.9658066465379 21.4914332798196 15.0947666457489 15.1393484617757 14.768578653351 15.0082666426609 14.7419162369064 15.460776825465 14.6231924220678 15.4672290078329 14.9640128609512 15.5907792297293 14.7472206117329 15.5632582600147 15.3501691195793 16.6854368335544 16.6730998890604 16.1852859143623 14.7428794816247 15.0728539874751 17.0003823486311 24.3169212744778 22.6670102673264 15.83770322444 16.3229010841121 27.7866613328482 12.2774146216161 11.8729609705866 22.5428178965347 22.8747765525855 24.4548737910956 30.4062394532239 27.8553782429463 33.9240749479169 33.9843146422894 32.3685281456418 -1 -1 -1 -1 27.5978236977922 12.8704138023993 26.1111056348307 12.507559126648 21.9257668770921 22.1742757124787 22.8031669178346 25.5679118294087 12.1353630582744 13.7128208011158 12.3978611831378 12.194658746771 27.9663840050964 29.6774642842075 17.8824595463303 11.9883150725702 15.3694221539189 30.1109532857653
22.0054720980535 24.6621647686418 22.0277142580729 21.9787575244321 21.3679140077149 14.7388446077568 15.1677093292181 14.0552712421209 14.7587530384749 14.2927287305855 14.8254813527452 14.1762037643879 15.8733722834574 15.3624599083196 12.8502443334913 13.1410293937396 14.8447382783062 15.916494934237 15.83770322444 15.916494934237 15.0728539874751 14.7428794816247 12.656270544039 13.2784523542626 12.8646645282615 22.4032042842632 15.9533588541374 15.9418004214604 15.5684154867205 12.5578127397447 22.1239232192492 22.173491135894 24.1887197374449 24.422977057128 25.4188503479336 29.8729314291409 30.3863570508004 30.3243462862553 26.8475014449546 13.1181613560202 31.4268606140942 15.6373117999143 15.6934615946653 27.1762616812528 13.4894738955679 13.4894738955679 11.9177575872468 24.135127250131 24.7671415224386 22.8929921733528 16.7530866976242 13.549622657157 13.549622657157 12.7267669770734 12.1353630582744 13.760208309289 28.7983673280081 29.2411163161872 34.5481243091907 11.4714205400424 16.1728545544692
21.7260574153437 23.740103714441 21.6371134286837 21.4258908448771 19.9332440824252 14.722546054585 14.8138653554365 14.4339371924416 14.4375609034432 14.5027631231036 15.2902741177928 14.3677833056674 14.3697619383199 13.9449992037066 13.1337883498712 14.2273796599394 11.7265164795882 10.8869375643796 11.6660722055985 14.1159854450184 14.227035420323 14.1573062942596 12.879021397287 12.9352475286187 13.1190248693592 12.7716713639145 12.7019737863742 13.422199198412 13.3704535814297 11.1608073567506 23.3872433050795 23.8269874018685 23.9279038491336 23.4291090647742 23.1918296831183 12.2840773433694 13.1777656295307 12.8189259520124 12.2267009694982 13.3084003172624 16.4355613696364 16.0726805442775 14.7897216654401 11.9464681031127 12.90512477175 12.5133465547032 11.7524745613928 22.6492450787078 25.1203169931188 23.6732488824397 17.622077988439 12.4455439612769 12.32727652061 12.086747215805 12.1685764019661 13.3223776708411 12.0416277350468 11.7942217606076 12.7267669770734 12.2856218284461 12.5235985431502
21.3763393920434 24.0830561893643 21.3141257500452 21.2575827413574 16.3456420405995 16.4019795292377 16.0805938355516 14.789491860649 16.1981628311057 16.0193841752148 14.5657305242463 14.4632346041943 15.2187133785211 15.1989478436538 14.6719187529085 14.3716656398421 13.0015561699839 11.9196975002112 12.7886244570806 12.5673860024018 12.5673860024018 12.6309931173871 21.7604169606926 21.8147889600425 12.876234743512 13.1975002439447 13.7716809361462 13.6769753678084 13.6769753678084 11.6348622395381 11.3011457525773 11.6348622395381 11.8337726780956 11.7694513092674 11.0564399537311 11.3813013464249 13.0713826434426 14.2162393002228 13.0352454086038 15.2140997175153 14.2977159576723 14.4182409014742 15.1778883596492 13.1832922052949 11.3513152664911 11.9203158612111 12.3805466764356 12.8603924002119 12.2765931486674 13.4285882928221 14.0044859712744 12.1685764019661 11.9978971648378 11.9978971648378 11.9982640724263 12.5345553471194 13.7999572304188 12.3126872779416 13.4971043937206 12.8720035197853 13.0665615484774
21.8366605558278 20.0887758482485 16.3541327739393 15.9880423737922 16.6885344129697 16.220072303984 15.7994484564754 17.1796827815543 16.9760440230079 17.0283755091928 15.0716311382447 14.4041778087753 14.6468848990205 14.691171002684 14.6231924220678 14.1934814269099 14.3588871962193 13.8500368018131 13.4971740957717 13.9855496326461 13.4242447050371 21.4306740661204 21.4293789602734 21.1660876982856 13.0450615292637 12.9810748736619 13.134741767515 13.0378050790842 13.2370117917198 12.9250093914316 13.1975002439447 12.9480193414418 12.6701922308495 11.8337726780956 11.8805612029693 13.232974394833 14.8622632375892 14.8622632375892 12.5310120986644 14.1518029085915 14.1394779732959 15.1778883596492 12.7518130000356 12.6721160298048 12.7060101514919 12.8372166299454 13.4737588424704 10.7388208150962 11.7643273011005 12.7538617298281 13.4285882928221 13.7599871361254 12.9611181680517 11.9747558224363 11.9747558224363 13.1344819882025 13.1178854436875 13.4701598955619 11.9978971648378 12.3320543084684 13.8605382274653
22.1269563227676 15.3318700821266 15.4283811975934 15.9450351825629 15.9095691356348 16.0859301534398 15.5536262234809 15.4938427070351 16.5938920113745 14.9517378033646 14.9393883304092 15.1862416352387 14.7749235259905 14.5534868086094 14.5561076154841 14.1791950929518 13.8111904601498 13.9681008200162 13.8409713969799 13.9928359405803 13.7627719747618 14.8403237154921 14.7568410839215 14.0111038590113 14.6942093776588 13.750633553964 13.3222890555897 13.0378050790842 13.0352454086038 12.9024682877894 13.2370117917198 13.1337883498712 12.8417366910391 12.6305045789535 12.6305045789535 14.2401525738807 14.1159854450184 15.6696348300293 13.9382428137732 13.0352454086038 12.2558760650583 15.4665816499081 13.7848696734333 12.6309931173871 12.6721160298048 11.1807343713438 12.4695278311567 12.2503001668477 -1 12.6425219160748 12.9217760747716 18.5341614201033 23.6773982126007 21.9586678209761 11.9747558224363 12.0300674244167 13.1178854436875 13.0645133416963 11.6524429866259 12.1108590110352 14.2834934445899
16.0675736972861 15.0924185437232 15.4510213781929 15.5775181608231 15.4805341705475 15.5426101852202 15.1755742565121 15.7659350133086 15.9294278273638 15.092924135705 15.0333852257477 15.3598783458938 14.4503525172825 14.936829426781 22.1251518507439 22.5929496410534 22.4113529596789 13.9681008200162 13.8820668244606 13.6765464028731 13.8986434671471 13.8500368018131 13.79549629841 13.4975928032527 13.7419469228854 13.3222890555897 12.1276945464137 12.4216164147319 13.1178854436875 12.940983348602 13.0914410490228 12.6271252609156 12.5673860024018 12.5673860024018 12.2218038451191 14.9200534905971 14.1890287197333 15.2018868502196 16.3647468482941 13.0467356941029 13.5155377760462 13.6750827166823 12.9812374560844 12.8903537545008 13.861509194737 12.879021397287 12.8460141216973 11.0250244182361 -1 -1 13.5771482398452 24.691005228645 23.6522501728824 22.750040085633 22.6942116822506 11.8682805376338 11.3069467372713 22.6769237980952 24.1885078288465 14.3051179633129 13.7673545322375
14.2564198301627 14.7498770157107 15.9095691356348 15.5590998544042 21.468233034574 23.2985188438974 15.8667910607672 16.7023945138184 16.1153010659087 15.8332962032157 14.9534116022971 14.8009612022865 14.4562055786643 14.8046926054643 22.4016475259143 22.6479405704909 22.6007740074928 13.4090109193398 13.6999789226088 13.6302624075784 13.2362955589212 13.2571498944797 13.1841566315264 12.6447564843416 12.9096987598375 12.5222372742503 12.2638298104917 12.8578559870739 13.1242322796192 12.5237635992692 12.5760135918936 12.2207251819596 11.8211884885903 11.8701819914458 12.3826801127019 14.5488253755032 13.0445296435464 13.3653538250046 13.1210438740526 13.5711634404206 12.6034896178911 12.7090231040143 12.0618498425427 11.6024819160099 11.7380366820033 11.5956390067574 13.7916003496275 16.6135105354526 -1 -1 27.0074314429423 26.1001559486099 21.558764457604 21.7698264543159 22.8312487480477 16.7806824583704 16.9283299744449 25.437028926906 25.6086606387106 10.9601479415179 -1
14.7426160956843 14.6415308181693 14.7606921132358 16.1108058609776 15.6974627618263 15.6224762612701 16.9408799611729 17.1191626986996 16.8731637460905 16.5530855753119 15.931704208365 15.9282140213754 15.486147082122 14.324301900026 18.5815038099644 22.6982348014919 22.6182359215364 13.4436406275258 13.532421051433 13.3222890555897 13.3073973015701 13.1410293937396 12.9250093914316 11.8082960141195 11.8805612029693 11.9196975002112 11.649012314195 13.1403720677563 14.0862395737372 25.2353390297919 24.5906963122877 12.1029798522251 12.2817761550595 12.7200110982393 12.2774146216161 18.7952663370095 17.718758219916 18.4379779495508 18.4686130540661 18.5179146814101 14.5972539424754 12.0308609207768 14.433432991921 12.0313273634773 12.0918864665553 11.9172348858427 15.1030020638092 18.7983074204426 -1 -1 -1 20.3349853841601 32.2239995469559 24.3826532530373 -1 26.6150896186127 27.1091655688053 23.1866594889136 17.0485063092722 -1 -1
15.510583075807 15.0112703107516 14.7506736855877 15.5536262234809 16.7967547605618 16.251533123994 16.2488968768321 16.243654822335 16.524408419583 17.2446863999634 16.2379968134061 16.0115914782262 16.0076569781416 14.4562055786643 22.5396859796649 22.1731085761397 13.5324622490295 13.5613785360775 13.134741767515 12.8259114719315 11.8805612029693 13.2404112243231 12.2128666308149 11.6958334896492 11.297199379881 11.6348622395381 11.6549181908899 12.61620064618 13.2819393109458 26.2714239761915 25.8213565237404 12.2768333518532 26.8547450096017 27.9296004089636 17.6697316234342 18.3188513031527 18.1683712400056 -1 11.0662382607007 17.2634579214366 17.1150236028958 17.1112686111953 12.3805466764356 12.0416277350468 28.2800075674757 28.3806364704928 28.09440035934 18.7999246548446 19.8003420364949 -1 -9999 -1 25.2672313087019 -1 -1 17.5422178219294 27.8960873164125 16.1466966569979 18.0254656219542 -1 -1
17.0707212798758 15.6538820448177 15.3974482212166 15.8627912873595 14.9402380263701 15.3441463047759 15.0185983754689 16.2867407862017 17.3028536642012 18.0369707747059 14.1655579874379 15.8397414848547 16.2327869274358 14.9111630896547 13.4155462174085 13.9593433351074 13.0046389992549 13.3783732331764 13.1975002439447 12.0997204616497 11.8805612029693 12.280328555292 11.7942217606076 11.2603119028347 11.2284998956847 11.2964294684255 11.6549181908899 11.7585153669603 19.2887455171513 24.7554277772826 14.542613949661 13.875395966881 27.0274065916085 18.4270764301924 17.5788172962918 17.7848268169332 18.0089492379274 -1 18.6505976180915 11.5966795944989 26.0764312551722 16.1395675175906 16.9853232109894 13.1475317207375 -1 30.5558717969057 25.1155771104325 30.3079952186994 -1 -1 -9999 -1 -1 -1 -1 14.0330535293396 15.1024511422566 16.7956441946073 -1 -1 -1
14.8609770389554 15.3014548798938 14.8627800976738 15.6567335581086 14.9517378033646 15.8733722834574 14.6015898020446 14.9190527757318 13.4846225897416 15.2206146860212 13.1755163002768 14.3359407868418 14.9449632739496 13.2178461111071 13.0249443906021 13.7057987510283 13.192829602991 12.9401422426914 13.0352454086038 11.9747558224363 11.6414290823306 11.6951713771502 11.5024968548022 12.2267009694982 11.6753424807488 11.8298331250616 12.05196859949 12.4455439612769 14.0404484167188 15.2074821755502 14.3409235544556 17.5379131394734 30.8364403900972 30.7967072933039 19.662135353057 15.2826828070163 -1 -1 -1 31.3472418858707 30.3168148413703 17.5524513458911 17.0035286838503 18.1621870658121 -1 -1 35.5065735958306 27.883173823415 19.6488877774431 -1 -9999 -1 -1 -1 -1 21.328942749009 31.8267330488503 13.1815254891493 -1 -1 -1
14.976243961744 15.2588439901121 17.2118802146592 16.4131626091761 15.2957836883479 15.5240255036712 14.8403237154921 14.5992415484591 13.1614107233761 12.4958019188282 12.2604866746983 15.2503369374603 14.2384508175305 12.8373473850343 13.5613785360775 13.4556957726156 13.73217361026 12.2128666308149 12.32727652061 11.8682805376338 12.8753938470613 11.6311589828115 11.8018575162697 12.2604866746983 12.0831343281172 12.9971937765109 13.792246240682 13.5268411746073 16.6612797846147 20.833252599469 14.6910476626345 14.1911943799594 18.8741542608184 20.3275770921465 19.4815127241899 -1 -1 -1 -1 -1 -1 18.9118997884394 12.9859198313561 27.046114801608 -1 -1 -1 35.0497397692521 -1 -1 -9999 -9999 -1 -9999 -1 12.7530839745893 31.3896652235791 17.9494545926451 -1 -1 -1
15.6772063023615 15.3326872214291 22.0010113216379 16.7098943209286 14.9330287510376 15.8035764403477 15.5121131661354 15.0589967516277 15.3622545499955 15.0022989022537 12.5248636285483 15.2018868502196 14.1890287197333 14.0117983285318 13.2309682683623 12.5826987041879 12.0810446809957 12.2218038451191 13.8575742828728 14.196549479711 13.7214670400897 12.0363198957377 13.3845941381911 13.5231374269646 13.8480432516968 12.8146038174772 14.4081408370204 16.1059588955579 16.3203660655834 17.6516372248378 13.1778872150041 12.8922706693259 16.82739543313 22.0768686638367 -1 -1 -1 -1 -1 -1 -1 -1 19.631319110355 27.7923382889868 -1 -1 -1 -1 -1 -1 -9999 -9999 -9999 -9999 -1 -1 30.3996779887627 29.7020644997666 17.309006271595 -1 -1
15.3202449355748 16.8278102428703 20.8584964914783 15.2502628999576 15.5125503103294 15.0577916389882 15.0185983754689 13.5811395250805 18.3629206426122 -1 14.9019543704594 12.6118131781936 12.5578127397447 13.232974394833 13.1975002439447 11.9747558224363 12.0108228469658 12.3322531671084 15.3066008926009 15.2369471181574 15.2369471181574 14.4061738419361 12.8299328431675 15.5172852133312 14.9115663200399 14.7047360035855 14.6424173733692 14.5067566246297 15.5029372835201 -1 14.0904213915216 19.6640640621299 19.8977399763638 -1 -1 -1 -1 -1 -1 -1 -1 -1 29.1298348764464 36.4192731684702 -1 -1 -1 -1 -1 -1 -9999 -9999 -9999 -1 -1 -1 30.5683499452958 30.2612418085613 -1 -1 -1
15.3005659775981 21.9378763545686 22.6284866255933 15.4190484403643 14.6398753966099 16.4247887757573 14.7405180650225 15.9572573057462 19.95878161882 -1 16.9020461563904 15.4053578198945 13.4894738955679 12.3423615268856 12.2897333272263 12.1099358022538 12.1024904688588 12.8090756097204 14.9887631975886 -1 19.4265628676044 15.275810209872 14.153348683778 15.7078894910233 15.023157681859 14.1183920691897 14.913191465847 13.4108437133119 13.3057097496436 -1 17.1185118644983 15.6720617103326 -1 -1 -1 -1 -1 -1 -1 -1 -1 -1 -1 25.9636118687189 -1 -1 -1 -1 -1 -1 -1 -9999 -9999 -9999 -1 -1 -1 -1 -1 -1 -1
17.1416855998789 22.1062833305537 22.9013374877434 23.9817754308984 24.8743308645185 29.0447427689074 30.669451063817 19.95878161882 -1 -1 17.8973076503437 13.5425882649961 12.8601824391577 13.3223776708411 13.2571616375364 13.0885688431246 13.0885688431246 18.2493829026263 16.3344211536696 -1 18.0381227365541 17.3395101079969 10.9333578307407 15.0150764471535 16.5056589716228 13.9406548229736 18.2167061815888 18.8710096179476 -1 -1 19.3608140303273 15.256734799328 -1 -1 -1 -1 -1 -1 -1 -1 -1 -1 -1 -1 -1 -1 -1 -1 -1 -1 -1 -9999 -9999 -9999 -1 -1 -1 -1 -1 -1 -1
16.3531538853459 21.7881688795585 22.9889511247617 23.2544917481127 26.0244703721441 28.2770402772346 30.641140959838 -1 -1 -1 20.6697344169188 13.6584584926303 13.5807425309396 12.2768333518532 11.7526818533582 12.0108945058432 13.6317794342673 16.7620984815407 17.0918824623928 -1 -1 16.3467778600942 13.1992254555729 11.2557717003723 13.7977584905652 -1 18.5119576777382 -1 -1 -1 17.7546245227406 16.4987301257473 -1 -1 -1 -1 -1 -1 -1 -1 -1 -1 -1 -1 -1 -1 -1 -1 -1 -1 -1 -9999 -9999 -1 -1 -1 -1 -1 -1 -1 -1
14.7039837331841 14.8634958085421 13.9212096756923 14.5995291973653 19.6748556811551 21.3019234634159 30.7411466771222 -1 -1 -1 16.4018418431576 12.7538617298281 13.7128208011158 13.8009185494592 12.0215375136978 11.9707490870111 16.3615431562759 16.6458449097614 -1 -1 -1 17.2547413084491 13.1995009446113 13.9884059141336 16.5014362570568 -1 -1 -1 -1 -1 15.0498761210308 16.832710195028 16.3565912012436 -1 -1 -1 -1 -1 -1 -1 -1 -1 -1 -1 -1 -1 -1 -1 -1 -1 -1 -9999 -9999 -9999 -1 -1 -1 -1 -1 -1 -1
14.1298682950542 14.2624978370544 13.8834373693993 13.3822965461512 13.3922866333944 16.6297284038129 -1 -1 -1 -1 16.0405099327044 14.7348777596784 13.3794329890972 12.6313569519701 11.6450787018716 12.4463808667238 15.0527879462226 -1 -1 -1 -1 14.8246562364275 15.0813706636544 12.4374339915823 -1 -1 -1 -1 -1 -1 20.7075230924265 -1 -1 -1 -1 -1 -1 -1 -1 -1 -1 -1 -1 -1 -1 -1 -1 -1 -1 -1 -1 -1 -9999 -9999 -1 -1 -1 -1 -1 -1 -1
13.9928359405803 13.7652788038515 13.3190476681201 13.2866259044222 15.1476018266474 17.1065771242234 -1 -1 -1 15.5019793169257 13.3567802574101 10.9223813212644 12.9519366134992 13.3057097496436 12.969046442803 12.336083057801 -1 -1 -1 -1 -1 16.4907541554502 14.3903118063978 -1 -1 -1 -1 -1 -1 -1 -1 -1 -1 -1 -1 -1 -1 -1 -1 -1 -1 -1 -1 -1 -1 -1 -1 -1 -1 -1 -1 -1 -9999 -9999 -9999 -1 -1 -1 -1 -1 -9999
13.609072025485 13.5811395250805 13.5937563059885 16.8305404785081 15.0165786478882 -1 -1 -1 -1 14.1835362494659 13.4301228323211 12.3787034679535 12.3927332024814 25.0089540229811 13.7950438393968 14.7158085229478 -1 -1 -1 -1 -1 15.8642861382356 -1 -1 -1 -1 -1 -1 -1 -1 -1 -1 -1 -1 -1 -1 -1 -1 -1 -1 -1 -1 -1 -1 -1 -1 -1 -1 -1 -1 -1 -9999 -9999 -9999 -9999 -9999 -1 -1 -9999 -9999 -9999
13.3305081839686 13.2200994256883 14.2154398170934 22.2506377167144 -1 -1 -1 -1 -1 16.7067804066116 13.5659681310548 13.8647876667289 24.953541630659 25.1502893594181 15.3802612014532 15.1863752383977 -1 -1 -1 -1 -1 18.4533657266929 -1 -1 -1 -1 -1 -1 -1 -1 -1 -1 -1 -1 -1 -1 -1 -1 -1 -1 -1 -1 -1 -1 -1 -1 -1 -1 -9999 -9999 -9999 -9999 -9999 -9999 -9999 -9999 -9999 -9999 -9999 -9999 -9999
15.5242471249417 12.8603924002119 15.9953362591692 -1 -1 -1 -1 -1 -1 19.6886378173128 15.5776705200511 15.8143613898454 14.3672130847363 14.5660767040741 27.6150183775649 -1 -1 -1 -1 -1 15.8248803587158 18.4533657266929 -1 -1 -1 -1 -1 -1 -1 -1 -1 -1 -1 -1 -1 -1 -1 -1 -1 -1 -1 -1 -1 -1 -1 -1 -1 -1 -9999 -9999 -9999 -9999 -9999 -9999 -9999 -9999 -9999 -9999 -9999 -9999 -9999
