data/derived/r_cv_scmc_1900.asc
NCOLS 186 
NROWS 74 
XLLCORNER 443300.206538099 
YLLCORNER 4085841.77455235 
CELLSIZE 500 
NODATA_value -9999 
[rows 27 to 53 of 74, columns 0 to 60 of 186]
-9999 -9999 -9999 -9999 -9999 -9999 -9999 -9999 -9999 -9999 -9999 -9999 -1 -9999 -1 -9999 -1 -9999 -9999 -9999 -1 -1 -1 -1 -1 -1 -1 -1 -1 -1 -1 -1 -1 -1 -1 -1 47.0760378580621 58.4705346204686 50.5769185632935 50.5769185632935 39.1604195781718 -1 -9999 -9999 -9999 -1 -1 -1 -1 -1 -1 -1 -1 -1 -1 -1 -1 47.4121337974192 48.3629002520352 40.1124954283034 48.0384461415261
-9999 -9999 -9999 -9999 -9999 -9999 -9999 -9999 -9999 -9999 -9999 -1 -1 -1 -1 -1 -1 -9999 -9999 -1 -1 -1 -1 -1 -1 -1 -1 -1 -1 -1 -1 -1 -1 -1 50.2189738473052 52.0281901818547 46.7707173346743 46.1567479442053 57.7811830581785 55.6130944529654 56.7220961387109 54.7460898008771 51.5768176094025 43.3629090391994 -9999 -1 -1 46.000945435413 -1 -1 -1 -1 -1 -1 -1 48.8776224237335 47.510322764961 49.6977228468204 43.0979855879245 45.3736393685451 48.526158606197
-9999 -9999 -9999 -9999 -9999 -9999 -9999 -9999 -9999 -9999 -9999 -1 -1 -1 -1 -1 -1 -1 -9999 -1 -1 -1 -1 -1 -1 -1 -1 -1 -1 -1 -1 -1 -1 -1 43.0979855879245 43.2390757620292 40.3561287732397 41.484115661455 57.7811830581785 49.6971118310549 58.5716772918437 69.0120793308853 75.1522670839892 59.2246927891749 -9999 -1 -1 46.4574670984691 45.0854698116251 47.2847610219483 54.8907832176784 -1 -1 -1 -1 59.8107208755052 52.6960388131996 68.9871660785788 56.8944368407109 50.3980050136593 54.309045636328
-9999 -9999 -9999 -9999 -9999 -9999 -9999 -9999 -9999 -9999 -1 -1 -1 -1 -1 -1 -1 -1 -9999 -1 -1 -1 -1 -1 -1 -1 -1 -1 -1 -1 -1 -1 -1 -1 -1 -1 -1 37.8542324506045 49.9846130170229 55.6914577070709 67.5854562430038 64.0190874497834 78.6497713398284 79.6144555872961 67.4037775704688 36.9800130816819 -1 39.1550719335268 52.7381228286656 52.6686798886372 41.2032451221234 -1 -1 -1 -1 53.9551028086559 56.990027617674 50.9373088784185 52.5665008370189 54.4749609226236 59.2246927891749
-9999 -9999 -9999 -9999 -9999 -9999 -9999 -9999 -9999 -1 -1 -1 -1 -1 -1 -1 -1 -1 -1 -9999 -1 -1 -1 -1 -1 -1 -1 -1 -1 -1 -1 -1 -1 -1 -1 -1 -1 36.7434142797813 41.5553195630528 54.8155848101767 52.7381228286656 53.0179569358281 66.1001571044334 69.0120793308853 63.5975017312819 64.1993571220989 49.12326602395 46.1567479442053 62.0505622362093 61.8595235781845 54.3449192349023 -1 -1 -1 -1 -1 47.0497100275359 47.7295140230418 54.8907832176784 59.5737083281413 61.2531114052079
-9999 -9999 -9999 -9999 -9999 -9999 -9999 -9999 -9999 -9999 -9999 -1 -1 -1 -1 -1 -1 -1 -1 -9999 -1 -1 -1 -1 -1 -1 -1 -1 -1 -1 -1 -1 -1 -1 -1 -1 -1 -1 -1 44.7497811350382 43.3629090391994 52.6179543526345 58.6315446858824 73.4181075918777 65.6330123313894 63.0289582069192 68.4254251525795 62.3609564462324 62.6958469977815 56.3642003129919 52.7381228286656 -1 -1 -1 -1 -1 40.6712901953435 54.5978303316448 53.4111312622598 57.0463777388729 69.4808333779651
-9999 -9999 -9999 -9999 -9999 -9999 -9999 -9999 -9999 -9999 -9999 -1 -1 -1 -1 -1 -1 -1 -1 -9999 -1 -1 -1 -1 -1 -1 -1 -1 -1 -1 -1 -1 -1 -1 -1 -1 -1 -1 -1 -1 54.8743207740897 61.2314277907003 57.7811830581785 59.9144689515278 59.0834374572238 65.6330123313894 65.9414077048077 61.174403898262 63.24875170405 64.7970271787149 52.6686798886372 -1 -1 55.970980445981 -1 -1 42.9718037863201 52.2931086909516 48.5681317212827 55.7725632090814 54.3894716363497
-9999 -9999 -9999 -9999 -9999 -9999 -9999 -9999 -9999 -9999 -9999 -9999 -9999 -9999 -1 -1 -1 -1 -1 -9999 -9999 -1 -1 -1 -1 -1 -1 -1 -1 -1 -1 -1 -1 -1 -1 -1 -1 44.8998886412873 39.0132135942886 39.2868151164432 40.3561287732397 42.0846899525114 42.3659272868162 48.5681317212827 61.3244140671867 56.7220961387109 58.0119351115321 70.259884581993 72.1093112387044 60.4807396956758 47.2717186551894 -1 54.6143896254469 42.9742896865358 50.5629376591073 -1 -1 42.3659272868162 46.4452203067056 54.1946762797135 63.2379230925148
-9999 -9999 -9999 -9999 -9999 -9999 -9999 -9999 -9999 -9999 -9999 -9999 -9999 -9999 -1 -1 -1 -1 -1 -9999 -9999 -9999 -1 -1 -1 -1 -1 -1 -1 -1 -1 -1 44.4844068068315 50.6789500291146 47.3448222887615 50.6517682590614 42.2910506246898 49.6525999349055 48.734026667095 54.5003161539242 53.9745609615352 56.1578796532867 59.0550160658107 64.0686825385896 63.5168287606318 60.4817147594769 53.3331388970149 59.2721650814567 61.0862617971315 67.9366220486757 59.0890130477488 52.2976360368491 48.526158606197 49.6971118310549 36.655274271091 -1 -1 49.9846130170229 51.176917873949 43.8781837007844 48.4756005411086
-9999 -9999 -9999 -9999 -9999 -9999 -9999 -9999 -9999 -9999 -9999 -9999 -9999 -9999 -1 -1 -1 -1 -1 -1 -9999 -1 -1 -1 -1 -1 -1 -1 -1 -1 -1 -1 52.2976360368491 57.5511169094111 56.1574235548862 51.8261073198554 56.5346010578127 53.4400641451753 69.4230736347541 65.3140718210045 58.5111250693839 67.9757898939871 55.415823205457 62.8834391797787 66.7000103386224 64.3048650163599 57.4679397800556 59.1701609390442 54.3074765497972 60.4103772671745 61.3470800276419 54.5740467117836 63.6086746564843 67.7105166137462 50.6566112320223 47.9248743708293 46.3423918615003 49.9763327675256 42.0376409178919 48.27922687196 57.3212921175676
-9999 -9999 -9999 -9999 -9999 -9999 -9999 -9999 -9999 -9999 -9999 -9999 -9999 -9999 -9999 -1 -1 -1 -1 -1 -1 -1 -1 -1 -1 -1 -1 38.9316004765989 42.5850358712065 -1 -1 46.4574670984691 59.9144689515278 59.9144689515278 60.1969526909472 59.6141439076848 69.9179638854334 61.9529559558183 58.177447388274 60.4666877122188 58.177447388274 56.691778587484 51.307685900639 55.0894601846273 64.1131123368019 66.8508690310303 53.6657507836424 49.8193853218419 53.6657507836424 57.1999459808155 65.0443635587991 56.5136135950629 69.4808333779651 68.137618411088 60.3279622566911 53.9071693375093 59.16448957406 64.0512615220349 67.7266165321625 69.1832695550361 71.778976837636
-9999 -9999 -9999 -9999 -9999 -9999 -9999 -9999 -9999 -9999 -9999 -9999 -9999 -9999 -9999 -1 -1 -1 -1 -1 -1 -1 -1 -1 -1 -1 -1 -1 -1 -1 48.1045692920835 42.0846899525114 40.7921037272623 45.3500157841641 47.510322764961 43.883343802038 52.8583512173202 65.1828050709931 54.3894716363497 45.8952989968998 53.6657507836424 54.1946762797135 58.2528637933469 51.7329789084396 66.3091612846796 68.8622317691577 58.2528637933469 51.307685900639 61.2531114052079 56.1727847316276 54.5978303316448 51.709205496712 54.5978303316448 69.0120793308853 59.6141439076848 64.2111900144899 69.5538667840645 65.1828050709931 67.9757898939871 56.5136135950629 47.9315751612222
-9999 -9999 -9999 -9999 -9999 -9999 -9999 -9999 -9999 -9999 -9999 -9999 -9999 -9999 -9999 -1 -1 -1 -1 -1 -1 -1 -1 -1 -1 -1 -1 -1 -1 -1 48.763163903157 -1 -1 43.0399033572882 38.69750103371 46.2235371279112 46.1971676860173 54.1946762797135 57.816686438858 60.2257150404771 54.3449192349023 58.177447388274 51.8874521662771 44.8998886412873 51.709205496712 55.0894601846273 51.307685900639 59.2011760391989 59.1701609390442 57.2379122933042 62.8159705317537 59.2011760391989 55.3056636475641 63.5975017312819 59.8107208755052 67.9366220486757 71.2491600509961 71.8027852555511 72.0148160005226 62.8557241414887 51.307685900639
-9999 -9999 -1 -9999 -9999 -9999 -9999 -9999 -9999 -9999 -9999 -9999 -9999 -9999 -9999 -1 -1 -1 -1 -1 -1 -1 -1 -1 -1 -1 -1 -1 -1 -1 -1 -1 52.342070151001 45.1655146395011 46.2437004542477 53.6717657266275 57.4679397800557 57.3290254152172 78.3921094321558 77.4844897630884 71.4558262976781 64.7970271787149 61.9529559558183 58.2528637933469 47.4601030168697 59.2246927891749 59.2011760391989 62.5678907410022 65.7903789167047 74.6275617763329 58.062629991892 62.8557241414887 54.5978303316448 47.5416546501654 48.0384461415261 48.1430533934905 45.3445600493865 46.5466519273305 48.1430533934905 55.5650514201759 55.4700196225229
-9999 -9999 -9999 -9999 -9999 -1 -1 -9999 -9999 -9999 -9999 -9999 -1 -1 -1 -1 -1 -1 -1 -1 -1 -1 -1 -1 -1 -1 -1 -1 -1 -1 47.6124972072341 48.763163903157 39.7177514241657 54.0143060021687 59.0346198618167 53.3676790298888 58.5716772918437 64.491798142106 64.2111900144899 59.0834374572238 60.3279622566911 64.1993571220989 56.7610758488158 56.7610758488158 56.4879030490882 54.1946762797135 63.0289582069192 69.5538667840645 74.4626163942801 53.3092894520302 58.062629991892 77.3492468153762 51.2459278520667 47.5416546501654 40.3404316703531 54.4749609226236 54.4749609226236 55.4700196225229 47.9315751612222 51.8874521662771 54.4749609226236
-9999 -9999 -9999 -1 -9999 -9999 -9999 -1 -9999 -9999 -9999 -1 -1 -1 -1 -1 -1 -1 -1 -1 -1 -1 -1 -1 -1 -1 -1 -1 -1 -1 44.6535650453682 49.0250384990451 54.5978303316448 61.174403898262 54.3449192349023 59.16448957406 65.9865593957791 69.8235396804581 70.3537986352298 61.2531114052079 65.0443635587991 69.0120793308853 56.691778587484 56.691778587484 55.415823205457 58.2528637933469 52.6919567646933 67.4037775704688 72.7257210079837 70.2559423529244 69.4808333779651 65.8721869487107 62.5678907410022 56.5346010578127 58.8348405414552 49.9846130170229 57.4679397800556 57.4679397800556 59.2246927891749 58.0119351115321 54.4749609226236
-9999 -1 -1 -1 -1 -1 -1 -1 -1 -1 -1 -1 -1 -1 -1 -1 -1 -1 -1 -1 -1 -1 -1 -1 -1 -1 -1 -1 -1 45.3445600493865 46.7707173346743 50.5769185632935 53.9071693375093 62.3609564462324 58.6315446858824 70.5655080434972 65.9865593957791 60.3279622566911 63.0820729851541 54.4749609226236 65.6330123313894 66.5455309717166 54.5978303316448 47.5416546501654 55.4700196225229 51.709205496712 62.8834391797787 64.1131123368019 57.4679397800556 73.4181075918777 80.860754006264 72.7326808323367 72.0148160005226 55.5650514201759 51.8874521662771 62.8557241414887 58.2528637933469 51.7329789084396 51.7329789084396 51.8874521662771 51.709205496712
-1 -1 -1 -1 -1 -1 -1 -1 -1 -1 -1 -1 -1 -1 -1 -1 -1 -1 -1 -1 -1 -1 -1 -1 -1 -1 -1 43.2390757620292 48.5681317212827 47.1404520791032 41.1222109873823 47.1404520791032 56.3642003129919 59.9144689515278 60.9576051442356 65.6849871216285 72.7001754971766 70.4404452391713 60.7151342992327 61.8169875549772 54.5978303316448 49.9846130170229 47.5416546501654 59.2011760391989 62.5678907410022 67.9366220486757 76.8324720217585 75.6383093819121 73.4181075918777 72.0148160005226 68.137618411088 67.3530424535955 55.0894601846273 47.9315751612222 44.2629198467057 51.709205496712 58.8348405414552 59.2246927891749 66.7000103386224 62.0173672946042 65.7903789167047
-9999 -1 -1 -1 -1 -1 -1 -1 -1 -1 -1 -1 -1 -1 -1 -1 -1 -1 -1 -1 -1 -1 -1 -1 -1 -1 -1 48.5681317212827 47.5416546501654 51.2459278520667 41.1222109873823 -1 40.7992328103205 42.0846899525114 55.6130944529654 67.0533656586591 65.9865593957791 60.0325271329093 60.3279622566911 68.7682359729477 66.8508690310303 58.8348405414552 64.2111900144899 72.0148160005226 79.1313861477662 72.8890973522139 75.5247921994665 76.8324720217585 73.4181075918777 69.4808333779651 70.5533682950557 63.0289582069192 59.6424636675164 55.0894601846273 51.7329789084396 55.4700196225229 51.709205496712 51.1141234745425 54.4749609226236 61.8169875549772 47.9315751612222
-9999 -9999 -1 -1 -1 -1 -1 -1 -1 -1 -1 -1 -1 -1 -1 -1 -1 -1 -1 -1 -1 -1 -1 -1 -1 -1 -1 -1 -1 -1 -1 38.4144138306561 36.213510236389 46.5415342727915 60.1969526909472 64.7970271787149 56.7610758488158 65.7168578051818 67.4037775704688 65.4079087011912 64.3048650163599 77.5742866623513 77.5742866623513 69.8235396804581 75.1522670839892 73.4181075918777 63.0289582069192 65.1828050709931 70.5533682950557 65.7383985872015 67.9366220486757 56.691778587484 55.5773912790747 52.8657078984069 48.9897948556636 58.6315446858824 60.3125761148273 59.8107208755052 55.2777486120378 54.1946762797135 58.5111250693839
-9999 -9999 -9999 -1 -1 -1 -1 -1 -1 -1 -1 -1 -1 -1 -1 -1 -1 -1 -1 -1 -1 -1 -1 -1 -1 -1 -1 -1 -1 -1 40.7914020989473 52.0084913542344 53.5712771067987 57.199867651934 66.7228058583329 51.9544309956785 52.626055567805 64.3339282930038 61.7628500068272 63.4743865790104 80.402175877046 72.8558882226381 80.3486290060577 71.278022327229 72.0300760718094 75.1522670839892 62.8834391797787 67.3718579354165 68.9871660785788 76.5541526827299 67.4037775704688 67.9366220486757 53.0179569358281 58.1876098782503 52.6686798886372 54.7460898008771 52.8657078984069 56.7220961387109 55.2777486120378 50.6580407514143 55.2777486120378
-9999 -9999 -9999 -9999 -9999 -1 -1 -1 -1 -1 -1 -1 -1 -1 -1 -1 -1 -1 -1 -1 -1 -1 -1 -1 -1 -1 -1 51.837715853542 43.1009548350417 46.1567479442053 51.2459278520667 55.6130944529654 75.6814344650877 59.8107208755052 60.4807396956758 59.8107208755052 52.8657078984069 61.2531114052079 66.3091612846796 62.0173672946042 67.8499524168737 64.2111900144899 75.2601733440427 71.2491600509961 69.4230736347541 69.1300810067999 59.3589103543263 65.5181621902176 58.6083559059039 65.4585605477633 57.351856849508 55.8900117592244 55.6503853735017 51.3016524574595 54.3956495060655 50.963743360496 52.0145748479172 52.6032363691555 52.8407867215738 52.7788323315501 56.3367251451273
-9999 -9999 -9999 -9999 -9999 -9999 -1 -1 -1 -1 -9999 -1 -1 -1 -1 -1 -1 -1 -1 -1 -1 -1 -1 -1 -1 -1 -1 46.8895843968479 53.714665431682 51.2401821027199 54.6668230141604 60.2558647002035 59.8107208755052 64.0235516952905 63.0289582069192 60.3125761148273 57.5888523208409 68.8622317691577 76.6530645681717 62.0173672946042 59.1701609390442 74.5954067434062 69.8235396804581 69.4808333779651 56.4879030490882 72.3765609275538 62.222045630886 55.2599051567167 41.151324649653 58.0119351115321 60.3279622566911 61.8595235781845 49.0827547017973 45.1799374402964 49.1647698385373 45.3445600493865 48.1045692920835 40.2666477767652 51.4407799916938 45.8952989968998 55.415823205457
-9999 -9999 -9999 -9999 -9999 -1 -9999 -9999 -9999 -9999 -9999 -9999 -9999 -1 -1 -1 -1 -1 -1 -1 -1 -1 -1 -1 -1 -1 -1 52.0281901818547 55.2907857611126 69.7247334992287 71.7105351517015 69.4808333779651 58.0119351115321 51.7329789084396 51.307685900639 55.4700196225229 65.0443635587991 74.6275617763329 66.5455309717166 58.2528637933469 55.0894601846273 68.6730277870294 60.4967418067351 63.5975017312819 56.4879030490882 81.2341875000157 66.6666666666667 60.0031654752192 55.7102546990451 48.763163903157 57.5888523208409 54.522989740626 52.3145983496483 51.1945842668509 54.0248289013729 59.1226731129831 52.2976360368491 52.0281901818547 47.2847610219483 46.000945435413 56.691778587484
-9999 -9999 -9999 -9999 -9999 -1 -1 -9999 -9999 -9999 -9999 -9999 -9999 -9999 -1 -1 -1 -1 -1 -1 -1 -1 -1 -1 -1 54.8907832176784 50.2189738473052 45.3500157841641 50.0113778588343 59.4571674564844 75.53814374577 58.5111250693839 57.5888523208409 61.2531114052079 59.2011760391989 62.5678907410022 66.5455309717166 65.7903789167047 66.5455309717166 62.5678907410022 68.137618411088 68.137618411088 61.5350494800925 54.1946762797135 56.7610758488158 76.3115766684797 56.7220961387109 49.0250384990451 55.5515701619021 56.1574235548862 50.3980050136593 56.7669045921715 60.0888928109552 56.7640189394113 46.4574670984691 53.9551028086559 55.7102546990451 51.2401821027199 52.6686798886372 48.3357923575823 58.0119351115321
-9999 -9999 -9999 -1 -1 -1 -9999 -9999 -9999 -9999 -9999 -9999 -9999 -9999 -1 -1 -1 -1 -1 -1 -1 -1 -1 -1 -1 47.2717186551894 44.2989070112702 48.3852986323927 55.2599051567167 48.9541638893101 65.8497768216389 69.1832695550361 67.8117384466668 61.2531114052079 62.5678907410022 58.8348405414552 65.7903789167047 70.2559423529244 71.8027852555511 65.6330123313894 58.8348405414552 65.1828050709931 59.4854158972758 59.0834374572238 68.4442501939745 66.9230685660509 52.0281901818547 56.1574235548862 55.4700196225229 53.4522483824849 57.4679397800557 53.3676790298888 52.0673052260656 50.5769185632935 53.9071693375093 51.0181112100595 57.7811830581785 44.7497811350382 50.5769185632935 52.9150262212918 58.4705346204686
-9999 -9999 -9999 -9999 -1 -1 -9999 -9999 -9999 -9999 -9999 -9999 -9999 -9999 -9999 -9999 -1 -1 -1 -1 -1 -1 -1 -1 -1 -1 52.2976360368491 -1 -1 45.1799374402964 51.8716560356488 57.7698443063386 63.4795453612107 54.1946762797135 51.8874521662771 55.5650514201759 62.8159705317537 59.2011760391989 58.8505277409185 58.2528637933469 51.709205496712 61.8169875549772 54.1946762797135 59.3557317355539 74.2890158329514 58.0119351115321 60.2257150404771 53.0374200768173 -1 53.4400641451753 58.3465761615666 60.5878854920136 42.5850358712065 -1 42.9742896865358 62.5885114869812 51.0486577992832 49.0250384990451 51.8172485728138 55.970980445981 49.1365798513921
