data/derived/r_mean_pre_snow_per.asc
NCOLS 191 
NROWS 93 
XLLCORNER 442474.332677425 
YLLCORNER 4080120.41147431 
CELLSIZE 500 
NODATA_value -9999 
[rows 23 to 45 of 93, columns 104 to 155 of 191]
-9999 -9999 -9999 -9999 -9999 -9999 -9999 -9999 -9999 -9999 -9999 -9999 -9999 -9999 -9999 -9999 -9999 -9999 -9999 -9999 -9999 -9999 -9999 -9999 -9999 -9999 -9999 -9999 -9999 -9999 -9999 -9999 -9999 -9999 -9999 -9999 -9999 -9999 -9999 -9999 -9999 -9999 -9999 -9999 -9999 -9999 -9999 -9999 -9999 -9999 -9999 -9999
-9999 -9999 4.81466666666667 -9999 -9999 -9999 -9999 -9999 -9999 -9999 -9999 -9999 -9999 -9999 -9999 -9999 -9999 -9999 -9999 -9999 -9999 -9999 -9999 -9999 -9999 -9999 -9999 -9999 -9999 -9999 -9999 -9999 -9999 -9999 -9999 -9999 -9999 -9999 -9999 -9999 -9999 -9999 -9999 -9999 -9999 -9999 -9999 -9999 -9999 -9999 -9999 -9999
5.27533333333333 5.236 6.012 5.25733333333333 -9999 5.63466666666667 6.452 -9999 -9999 5.05933333333333 5.09 -9999 -9999 -9999 -9999 -9999 -9999 -9999 -9999 -9999 -9999 -9999 -9999 -9999 -9999 -9999 -9999 -9999 -9999 -9999 -9999 2.87466666666667 2.67 2.39 2.25666666666667 2.29666666666667 1.87533333333333 -9999 -9999 -9999 -9999 -9999 -9999 -9999 -9999 -9999 -9999 -9999 -9999 -9999 -9999 -9999
7.092 7.08 8.10333333333333 7.32733333333333 -9999 -9999 -9999 7.60066666666667 7.47133333333333 8.63333333333333 6.21466666666667 -9999 -9999 -9999 -9999 -9999 12.4913333333333 -9999 -9999 -9999 -9999 -9999 -9999 -9999 -9999 -9999 -9999 -9999 4.94133333333333 3.96666666666667 3.128 3.00933333333333 2.54733333333333 3.062 2.96133333333333 2.51133333333333 2.332 1.95 1.792 -9999 -9999 -9999 -9999 -9999 -9999 -9999 -9999 -9999 -9999 -9999 -9999 -9999
9.143 10.8036666666667 10.814 8.35666666666667 7.34666666666667 -9999 8.053 10.9593333333333 11.0833333333333 8.11366666666667 -9999 6.63766666666667 11.6788888888889 9.77566666666667 10.847 11.9666666666667 -9999 -9999 -9999 -9999 -9999 -9999 -9999 -9999 12.2613333333333 8.59966666666667 7.27133333333333 5.09566666666667 4.083 3.81633333333333 4.542 4.68366666666667 4.10633333333333 3.82333333333333 4.93266666666667 3.70233333333333 3.55466666666667 2.67933333333333 2.21866666666667 1.98833333333333 1.741 1.327 1.04666666666667 0.708666666666667 0.570666666666667 -9999 -9999 -9999 -9999 -9999 -9999 -9999
10.356 13.278 12.9913333333333 10.726 8.91066666666667 -9999 8.594 14.9013333333333 12.3113333333333 10.0246666666667 6.59933333333333 10.7366666666667 15.2303333333333 12.59 13.53 -9999 -9999 -9999 -9999 8.916 -9999 -9999 -9999 -9999 -9999 7.78333333333333 6.67066666666667 5.93133333333333 4.28933333333333 5.806 5.83066666666667 7.62266666666667 7.21866666666667 6.612 4.89133333333333 6.30666666666667 6.51133333333333 4.21533333333333 2.898 2.21733333333333 2.00666666666667 1.50333333333333 1.04266666666667 0.686 0.550666666666667 0.460666666666667 0.444 -9999 -9999 -9999 -9999 -9999
-9999 11.5973333333333 15.4413333333333 14.9146666666667 10.172 8.15533333333333 13.0493333333333 14.974 18.2726666666667 11.3866666666667 9.00466666666667 14.53 16.9413333333333 18.1243333333333 19.386 -9999 -9999 -9999 10.7473333333333 9.79933333333333 10.5893333333333 10.9293333333333 11.7126666666667 -9999 12.416 10.428 6.74633333333333 4.848 7.02266666666667 7.58466666666667 7.40933333333333 8.17933333333333 9.67 8.37 7.338 8.17666666666667 8.20733333333333 6.202 3.49033333333333 2.388 2.05 1.65066666666667 1.05266666666667 0.792 0.534666666666667 0.462666666666667 0.464666666666667 0.456 -9999 -9999 -9999 -9999
10.8483333333333 13.4806666666667 16.6066666666667 14.446 9.614 7.966 10.2133333333333 18.6546666666667 17.754 11.8686666666667 8.35333333333333 17.0233333333333 20.8146666666667 23.3273333333333 23.366 18.7426666666667 -9999 -9999 11.64 10.8073333333333 11.7893333333333 13.6126666666667 17.896 17.5486666666667 16.8113333333333 13.002 8.34333333333333 6.72 7.48933333333333 10.4426666666667 10.488 11.8873333333333 12.2493333333333 11.2526666666667 9.96733333333333 9.46733333333333 10.4346666666667 8.338 4.95533333333333 3.34066666666667 2.35333333333333 1.744 1.06866666666667 0.826666666666667 0.665333333333333 0.575333333333333 0.486 0.479333333333333 0.56 0.488666666666667 0.501333333333333 0.549333333333333
13.261 16.9646666666667 21.022 15.0573333333333 14.746 10.864 9.85466666666667 17.6453333333333 23.782 16.9526666666667 10.1686666666667 15.5546666666667 25.7546666666667 27.298 21.992 18.77 15.4633333333333 14.8946666666667 11.346 13.7833333333333 14.4846666666667 15.124 19.7866666666667 25.8486666666667 21.706 13.746 8.59566666666667 9.14466666666667 8.52333333333333 11.778 14.6433333333333 13.552 12.2493333333333 11.2426666666667 11.6173333333333 10.57 10.102 9.28866666666667 8.05333333333333 4.931 2.50866666666667 1.90266666666667 1.338 0.884666666666667 0.772 0.659333333333333 0.559333333333333 0.554666666666667 0.679333333333333 0.716 0.662 0.495333333333333
13.3833333333333 18.3636666666667 23.664 21.2953333333333 15.8073333333333 15.0706666666667 12.572 15.308 23.3186666666667 19.8126666666667 13.6166666666667 18.876 27.3673333333333 28.8033333333333 24.5206666666667 18.132 16.6713333333333 13.746 12.7673333333333 13.2146666666667 17.1333333333333 19.9046666666667 25.064 29.2146666666667 22.782 14.0033333333333 9.72133333333333 10.3823333333333 12.67 12.9526666666667 15.802 13.5706666666667 13.3566666666667 13.3806666666667 13.3406666666667 11.76 10.2233333333333 8.13066666666667 8.382 7.61266666666667 4.988 2.44533333333333 1.62733333333333 1.194 0.948666666666667 0.894 0.804 0.723333333333333 0.847333333333333 0.522 0.608 0.720666666666667
12.2406666666667 21.1163333333333 28.3326666666667 24.2446666666667 16.9213333333333 19.1353333333333 19.4173333333333 22.644 25.9833333333333 24.4526666666667 19.3046666666667 20.234 30.1146666666667 34.3413333333333 28.802 21.276 15.4973333333333 13.908 13.88 17.9053333333333 16.6326666666667 21.6753333333333 26.004 25.722 24.44 17.5693333333333 12.1726666666667 11.315 19.402 18.704 22.7053333333333 14.3873333333333 13.8846666666667 14.7833333333333 16.2706666666667 13.892 12.0646666666667 8.368 6.42533333333333 7.34533333333333 6.787 3.41 2.05866666666667 2.106 1.51933333333333 1.07133333333333 1.03933333333333 0.928 0.691333333333333 0.888 1.02 1.03266666666667
18.396 20.1993333333333 27.9343333333333 26.4973333333333 25.4266666666667 19.7693333333333 19.574 22.6686666666667 29.6766666666667 30.538 23.8486666666667 19.7373333333333 28.3086666666667 36.5686666666667 35.3886666666667 27.7253333333333 18.5206666666667 15.7793333333333 18.684 24.196 22.924 21.2386666666667 22.4593333333333 20.462 26.2373333333333 17.5786666666667 13.868 10.408 20.3816666666667 24.012 20.874 16.504 18.7973333333333 16.546 13.098 9.39333333333333 8.698 7.89466666666667 6.58133333333333 4.82066666666667 6.72466666666667 5.495 3.458 3.946 3.112 2.06466666666667 1.82733333333333 0.868666666666667 1.32266666666667 1.65666666666667 1.48333333333333 1.95466666666667
22.4673333333333 26.3246666666667 32.2946666666667 33.8673333333333 31.0566666666667 25.924 24.7293333333333 24.9 29.008 34.2393333333333 25.3573333333333 26.522 29.5833333333333 36.058 34.3633333333333 30.7596666666667 23.742 14.9606666666667 22.9233333333333 24.9053333333333 29.8193333333333 27.4893333333333 21.894 18.898 23.504 16.5026666666667 10.8126666666667 13.356 18.1706666666667 24.1113333333333 21.7853333333333 18.4626666666667 21.6433333333333 18.4153333333333 11.316 11.3546666666667 13.1793333333333 8.25466666666667 8.53666666666667 5.61533333333333 4.66933333333333 4.84566666666667 3.80866666666667 3.344 2.81933333333333 2.06666666666667 1.24333333333333 2.03266666666667 3.21066666666667 4.214 3.29933333333333 3.692
25.762 30.8 35.7243333333333 35.73 33.464 33.214 33.0233333333333 28.746 36.5973333333333 35.9066666666667 27.0773333333333 34.128 30.0866666666667 36.7 35.9186666666667 29.51 23.6186666666667 17.8326666666667 21.6146666666667 22.5313333333333 28.6426666666667 29.3393333333333 23.1106666666667 17.1473333333333 15.2293333333333 14.738 13.68 14.0166666666667 14.96 19.7193333333333 22.83 21.7246666666667 21.9746666666667 16.3493333333333 13.0433333333333 15.326 13.1106666666667 12.7233333333333 10.8946666666667 8.10333333333333 5.61266666666667 4.14566666666667 4.02266666666667 2.36466666666667 2.046 1.41666666666667 2.27133333333333 2.91933333333333 2.28466666666667 3.73533333333333 5.498 6.4
25.424 31.7153333333333 35.6906666666667 39.7703333333333 36.048 32.5993333333333 35.89 35.5386666666667 40.428 37.9953333333333 33.214 36.3073333333333 38.082 40.592 36.5306666666667 29.0333333333333 26.757 28.6786666666667 26.766 28.5733333333333 29.0533333333333 31.9433333333333 27.0233333333333 19.382 17.886 17.378 16.8893333333333 16.2926666666667 19.6786666666667 17.3006666666667 23.1726666666667 23.7386666666667 21.912 16.9233333333333 17.032 17.514 14.96 14.9573333333333 12.4846666666667 9.02533333333333 6.12933333333333 3.70933333333333 2.76233333333333 2.21 2.42133333333333 3.234 3.808 4.49866666666667 3.67133333333333 4.50533333333333 4.42333333333333 5.82666666666667
21.3213333333333 24.7373333333333 30.7733333333333 39.2296666666667 36.4986666666667 34.9346666666667 34.5866666666667 37.9893333333333 42.5266666666667 41.49 37.486 39.7986666666667 44.7006666666667 38.5846666666667 36.5946666666667 34.9553333333333 33.6983333333333 35.296 33.626 33.142 37.0946666666667 36.4966666666667 27.914 24.9126666666667 25.9866666666667 21.2606666666667 16.9926666666667 19.7846666666667 23.1406666666667 21.8193333333333 25.0006666666667 26.8693333333333 22.5693333333333 19.0566666666667 19.5473333333333 17.7173333333333 15.612 12.8913333333333 10.6406666666667 7.62733333333333 5.08266666666667 7.00666666666667 4.20433333333333 3.586 3.48933333333333 5.84666666666667 6.10133333333333 6.87133333333333 5.90266666666667 6.33933333333333 6.42933333333333 6.12666666666667
31.2426666666667 31.1553333333333 31.316 39.124 42.7886666666667 38.8053333333333 31.9536666666667 37.5293333333333 42.7706666666667 47.569 46.6983333333333 47.2863333333333 51.5226666666667 49.3066666666667 44.5986666666667 44.4446666666667 43.428 43.3565 41.588 41.6076666666667 45.069 39.2556666666667 32.415 30.642 32.4796666666667 28.678 23.2183333333333 27.0353333333333 29.9173333333333 24.2766666666667 29.1183333333333 29.914 23.1566666666667 29.008 23.7146666666667 16.6663333333333 12.8396666666667 9.90566666666667 8.817 9.742 10.281 6.87633333333333 5.70633333333333 5.02333333333333 7.415 8.56833333333333 10.1366666666667 10.0706666666667 11.8633333333333 10.974 9.54533333333333 8.76066666666667
43.0306666666667 43.5 43.9726666666667 45.6853333333333 43.029 41.7646666666667 34.9326666666667 31.056 38.89 49.8933333333333 57.032 57.898 58.9626666666667 57.048 53.6973333333333 53.3386666666667 53.106 52.2503333333333 53.5493333333333 53.1906666666667 53.1733333333333 51.0173333333333 46.2906666666667 40.1606666666667 41.5226666666667 35.2266666666667 30.842 37.5033333333333 35.5046666666667 33.7526666666667 33.6193333333333 33.2853333333333 34.364 34.8286666666667 26.342 14.8846666666667 14.2733333333333 13.8773333333333 18.2 16.2826666666667 10.3086666666667 10.322 13.8553333333333 7.37833333333333 10.1986666666667 12.126 15.418 16.29 17.454 16.2486666666667 14.602 10.422
50.8046666666667 52.6266666666667 52.1333333333333 47.0953333333333 38.478 35.0293333333333 34.0893333333333 29.7613333333333 39.608 45.9813333333333 56.9146666666667 62.69 62.128 60.6486666666667 59.758 58.5186666666667 55.5546666666667 50.782 52.7786666666667 54.3306666666667 54.0126666666667 52.9406666666667 53.4046666666667 51.3533333333333 51.0473333333333 44.8153333333333 41.4493333333333 42.172 43.786 42.3466666666667 39.3393333333333 44.037 43.444 35.7993333333333 24.54 19.148 19.0453333333333 18.282 21.876 15.0166666666667 13.14 15.804 17.7346666666667 13.4006666666667 13.6293333333333 14.9886666666667 17.4726666666667 21.1106666666667 20.5206666666667 18.8346666666667 15.162 15.7366666666667
49.354 48.09 52.3566666666667 47.31 38.562 28.301 24.212 28.1766666666667 37.1573333333333 46.7973333333333 57.842 57.9626666666667 53.9573333333333 55.4446666666667 58.12 56.5493333333333 50.6753333333333 45.3153333333333 47.0433333333333 48.702 45.2126666666667 46.1773333333333 47.6253333333333 52.752 56.8273333333333 54.034 51.5666666666667 54.0053333333333 50.97 50.392 52.3553333333333 50.9806666666667 48.7693333333333 44.7073333333333 34.752 28.7233333333333 22.7133333333333 22.2506666666667 23.582 19.906 17.2393333333333 17.814 23.918 16.1773333333333 21.9276666666667 17.904 20.532 20.5913333333333 18.4513333333333 18.3346666666667 20.1033333333333 18.334
42.6606666666667 39.374 42.6226666666667 47.3046666666667 42.9333333333333 38.6726666666667 28.4853333333333 26.3246666666667 36.1306666666667 42.7786666666667 51.7133333333333 52.8026666666667 47.1946666666667 48.2953333333333 53.81 53.772 50.7846666666667 40.59 38.5306666666667 40.9896666666667 39.9186666666667 38.1553333333333 42.6746666666667 49.586 52.2093333333333 49.1566666666667 49.8246666666667 50.5786666666667 45.7926666666667 46.6153333333333 47.998 47.0413333333333 43.6703333333333 43.836 46.474 42.444 35.078 35.488 30.6346666666667 34.7813333333333 28.4213333333333 26.8453333333333 33.3433333333333 26.3453333333333 28.6273333333333 27.9416666666667 25.7826666666667 24.0886666666667 21.952 19.7126666666667 15.7726666666667 15.4746666666667
46.192 39.3366666666667 34.536 40.112 44.916 38.9246666666667 28.8463333333333 23.5286666666667 29.7626666666667 37.6893333333333 48.3886666666667 47 40.5153333333333 42.3966666666667 46.714 51.254 47.1666666666667 42.9713333333333 33.048 33.6676666666667 31.5926666666667 36.6233333333333 42.0086666666667 44.558 47.7646666666667 43.4766666666667 43.6353333333333 43.4633333333333 41.0086666666667 41.3666666666667 43.5946666666667 42.6813333333333 38.158 38.3373333333333 42.8446666666667 45.294 46.412 46.954 42.524 40.932 37.4526666666667 42.242 41.9126666666667 39.702 38.752 36.994 31.9613333333333 28.4873333333333 24.99 22.282 18.7393333333333 16.298
39.638 35.766 32.2846666666667 34.0446666666667 42.6566666666667 40.436 31.6133333333333 24.32 29.6793333333333 35.758 42.342 42.7433333333333 36.222 33.7413333333333 41.44 47.4926666666667 41.4233333333333 37.6506666666667 32.3073333333333 27.4986666666667 27.7256666666667 34.3793333333333 38.2346666666667 40.412 43.0766666666667 36.724 35.4933333333333 35.5366666666667 36.042 34.5 37.5093333333333 35.542 31.968 33.8853333333333 37.1666666666667 41.2833333333333 42.1393333333333 44.5306666666667 40.1373333333333 41.1046666666667 41.0093333333333 40.79 38.884 36.4006666666667 34.24 29.7146666666667 28.578 29.1093333333333 28.2533333333333 24.054 22.9733333333333 19.8213333333333
