data/derived/r_mean_scd_1900.asc
NCOLS 186 
NROWS 74 
XLLCORNER 443300.206538099 
YLLCORNER 4085841.77455235 
CELLSIZE 500 
NODATA_value -9999 
[rows 29 to 57 of 74, columns 65 to 129 of 186]
177.142857142857 181.714285714286 182.285714285714 179.428571428571 178.285714285714 173.714285714286 163.428571428571 150.857142857143 140 130.285714285714 124.571428571429 107.428571428571 105.142857142857 105.714285714286 112.571428571429 108.571428571429 104 98.2857142857143 90.2857142857143 92.2857142857143 105.714285714286 102.857142857143 101.714285714286 95.4285714285714 89.7142857142857 87.4285714285714 89.7142857142857 89.7142857142857 93.7142857142857 96.5714285714286 100 102.285714285714 0 0 0 0 0 0 93.7142857142857 97.7142857142857 98.8571428571429 104 100.571428571429 98.2857142857143 104.571428571429 111.428571428571 109.714285714286 99.4285714285714 97.7142857142857 101.142857142857 96 85.1428571428571 0 0 0 0 0 0 0 0 0 0 0 0 0
180.571428571429 187.428571428571 188 182.285714285714 179.428571428571 176 168.285714285714 161.714285714286 152.571428571429 140.571428571429 128 111.428571428571 98.2857142857143 102.857142857143 103.428571428571 100 97.7142857142857 93.1428571428571 95.4285714285714 102.285714285714 108.571428571429 109.142857142857 106.285714285714 110.285714285714 108.571428571429 106.285714285714 111.428571428571 106.857142857143 106.857142857143 108.571428571429 104.571428571429 98.2857142857143 100.857142857143 106.285714285714 106.285714285714 0 0 0 0 85.7142857142857 93.1428571428571 101.142857142857 102.857142857143 98.8571428571429 98.2857142857143 112.857142857143 115.428571428571 112.571428571429 105.714285714286 108 105.142857142857 90.8571428571429 90.8571428571429 96 105.142857142857 108.571428571429 109.714285714286 0 69.7142857142857 0 0 0 0 0 0
185.142857142857 186.285714285714 185.714285714286 180.571428571429 181.142857142857 179.428571428571 173.714285714286 166.571428571429 161.142857142857 151.428571428571 138.857142857143 124 108 102.857142857143 98.2857142857143 98.8571428571429 99.4285714285714 102.857142857143 106.857142857143 104.571428571429 108.285714285714 108 104 108 110.857142857143 113.714285714286 109.714285714286 110.857142857143 114.285714285714 113.714285714286 108 105.142857142857 111.428571428571 117.142857142857 116 110.857142857143 106.285714285714 98.2857142857143 93.1428571428571 93.1428571428571 96.5714285714286 101.714285714286 105.714285714286 107.428571428571 97.7142857142857 102.857142857143 111.142857142857 113.714285714286 114.285714285714 109.142857142857 106.285714285714 107.428571428571 109.142857142857 111.428571428571 111.428571428571 110.857142857143 112 112 101.714285714286 72.8571428571429 0 0 0 0 0
187.428571428571 186.285714285714 184 182.285714285714 184.571428571429 182.285714285714 175.428571428571 169.142857142857 163.428571428571 157.142857142857 146.857142857143 137.142857142857 129.714285714286 117.142857142857 111.428571428571 117.142857142857 119.428571428571 120.571428571429 119.428571428571 120.571428571429 123.714285714286 123.428571428571 122.285714285714 117.142857142857 120 123.428571428571 122.857142857143 113.714285714286 114.857142857143 113.142857142857 114.285714285714 112.571428571429 116.571428571429 111.428571428571 108 107.428571428571 111.428571428571 111.428571428571 112.571428571429 109.714285714286 105.142857142857 108 113.142857142857 117.714285714286 101.142857142857 96.5714285714286 100.285714285714 109.714285714286 115.428571428571 112.571428571429 112 108.571428571429 109.142857142857 115.428571428571 111.428571428571 108.571428571429 109.714285714286 107.428571428571 101.714285714286 86.2857142857143 0 62.8571428571429 0 0 93.1428571428571
184 185.142857142857 182.285714285714 181.714285714286 178.857142857143 180.571428571429 174.857142857143 165.142857142857 162.857142857143 160.571428571429 155.428571428571 145.714285714286 141.142857142857 137.714285714286 134.285714285714 131.428571428571 131.428571428571 134.285714285714 136 136.571428571429 136.857142857143 136 135.428571428571 135.428571428571 133.142857142857 132 127.428571428571 126.285714285714 133.714285714286 134.285714285714 125.714285714286 124 124.571428571429 120 115.428571428571 112 112.571428571429 116.571428571429 122.285714285714 121.142857142857 117.142857142857 106.857142857143 108.571428571429 108.571428571429 97.7142857142857 85.7142857142857 94.5714285714286 113.714285714286 124 123.428571428571 121.714285714286 117.714285714286 117.142857142857 113.142857142857 109.142857142857 105.714285714286 107.428571428571 107.428571428571 100.571428571429 86.2857142857143 74.2857142857143 72 77.1428571428571 87.4285714285714 108
177.714285714286 177.714285714286 177.142857142857 176.571428571429 173.142857142857 175.428571428571 170.285714285714 164.571428571429 158.857142857143 158.285714285714 160 158.285714285714 153.714285714286 152.571428571429 147.428571428571 144 143.428571428571 146.285714285714 148.571428571429 148 144 145.142857142857 143.428571428571 138.285714285714 136.571428571429 138.285714285714 137.714285714286 140 141.142857142857 139.428571428571 129.142857142857 122.857142857143 122.285714285714 124.571428571429 127.714285714286 129.142857142857 129.142857142857 132.571428571429 129.714285714286 128 121.142857142857 112.571428571429 102.285714285714 96 90.2857142857143 85.1428571428571 85.7142857142857 104.285714285714 125.714285714286 129.142857142857 129.714285714286 129.714285714286 122.285714285714 116 112.571428571429 113.714285714286 113.714285714286 113.714285714286 106.285714285714 100.571428571429 92 88 86.8571428571429 85.7142857142857 108.571428571429
169.714285714286 166.857142857143 171.428571428571 171.428571428571 173.142857142857 172.571428571429 167.428571428571 162.285714285714 156.571428571429 154.285714285714 154.285714285714 156.571428571429 156.571428571429 158.285714285714 156.571428571429 154.285714285714 150.857142857143 149.142857142857 149.142857142857 149.142857142857 144 143.428571428571 137.142857142857 128 127.428571428571 129.142857142857 134.857142857143 141.714285714286 138.857142857143 132 127.428571428571 116.571428571429 108.571428571429 108 124.571428571429 132.571428571429 133.142857142857 133.714285714286 129.142857142857 129.142857142857 124 116 100.571428571429 82.8571428571429 0 74.2857142857143 77.1428571428571 92.8571428571429 109.142857142857 117.142857142857 125.142857142857 126.285714285714 121.714285714286 121.142857142857 112.571428571429 108.571428571429 104.571428571429 108 99.4285714285714 100 106.857142857143 110.285714285714 105.714285714286 104.571428571429 99.4285714285714
165.142857142857 154 151.428571428571 155.142857142857 158 159.142857142857 157.714285714286 150.285714285714 146.571428571429 148.190476190476 152.571428571429 152 153.714285714286 156.571428571429 154.285714285714 149.142857142857 145.714285714286 140 138.857142857143 137.142857142857 132.571428571429 134.857142857143 130.571428571429 124.571428571429 118.285714285714 112.571428571429 117.142857142857 121.714285714286 124.571428571429 120.571428571429 116 107.428571428571 97.7142857142857 99.4285714285714 106.285714285714 119.142857142857 124 113.714285714286 108.571428571429 110.857142857143 114.285714285714 109.714285714286 109.142857142857 90.8571428571429 0 0 78.8571428571429 86.8571428571429 90.5714285714286 94.2857142857143 97.1428571428571 98.8571428571429 104.571428571429 107.428571428571 98.8571428571429 87.4285714285714 85.1428571428571 81.1428571428571 76.5714285714286 74.8571428571429 87.4285714285714 102.571428571429 106.285714285714 105.142857142857 105.142857142857
161.142857142857 140.571428571429 130.285714285714 129.714285714286 132.571428571429 131.428571428571 131.428571428571 132 131.428571428571 144.380952380952 150 152.571428571429 154.285714285714 155.428571428571 149.714285714286 142.857142857143 138.285714285714 134.285714285714 129.428571428571 127.142857142857 125.714285714286 124.857142857143 116.571428571429 110.857142857143 106 106.285714285714 110.857142857143 113.714285714286 114.285714285714 108.571428571429 98 87.7142857142857 80.8571428571429 79.7142857142857 87.4285714285714 101.714285714286 111.142857142857 106.857142857143 94.5714285714286 85.4285714285714 88.5714285714286 95.1428571428571 99.4285714285714 94.8571428571429 0 0 64.2857142857143 71.7142857142857 80.4285714285714 80 76.2857142857143 80.5714285714286 86 87.7142857142857 81.7142857142857 68.2857142857143 0 0 0 51.1428571428571 64.2857142857143 75.4285714285714 81.7142857142857 80.8571428571429 83.1428571428571
157.142857142857 136.571428571429 113.714285714286 109.142857142857 113.714285714286 110.857142857143 112.571428571429 117.142857142857 127.428571428571 132 143.714285714286 147.428571428571 150.285714285714 146.857142857143 142.285714285714 136.571428571429 132 132.571428571429 128.571428571429 122.857142857143 124.571428571429 122.285714285714 112.571428571429 102.285714285714 96 98.8571428571429 99.4285714285714 102.857142857143 102.857142857143 96 91.4285714285714 82.8571428571429 69.7142857142857 64 70.8571428571429 81.1428571428571 88.8571428571429 92.5714285714286 87.4285714285714 77.7142857142857 73.1428571428571 75.4285714285714 84.5714285714286 84.5714285714286 0 0 0 60 70.2857142857143 68.8571428571429 0 68 76 74.8571428571429 59.4285714285714 0 0 0 0 0 46.8571428571429 57.1428571428571 61.1428571428571 57.7142857142857 59.4285714285714
152 130.285714285714 113.142857142857 94.2857142857143 93.7142857142857 97.7142857142857 100.571428571429 110.857142857143 123.428571428571 134.857142857143 144.857142857143 150.857142857143 144.571428571429 138.285714285714 133.714285714286 132.571428571429 123.428571428571 118.285714285714 119.428571428571 117.714285714286 120 121.714285714286 113.142857142857 99.1428571428571 90.8571428571429 93.7142857142857 94.2857142857143 93.1428571428571 90.8571428571429 91.4285714285714 87.4285714285714 77.7142857142857 68.5714285714286 0 66.2857142857143 78.8571428571429 83.1428571428571 88 85.7142857142857 81.1428571428571 72 71.4285714285714 78.8571428571429 81.1428571428571 66.8571428571429 0 -9999 0 58.8571428571429 0 0 62.2857142857143 72.5714285714286 73.7142857142857 64.5714285714286 0 0 0 0 0 42.2857142857143 56 62 50.2857142857143 0
160.571428571429 149.714285714286 135.428571428571 115.428571428571 97.1428571428571 89.7142857142857 90.8571428571429 106.857142857143 122.857142857143 133.142857142857 141.142857142857 147.714285714286 138.857142857143 137.714285714286 128.571428571429 118.857142857143 110.285714285714 108.571428571429 108.571428571429 113.142857142857 114.857142857143 117.142857142857 114.857142857143 110.285714285714 88.5714285714286 82.2857142857143 85.7142857142857 86.2857142857143 86.2857142857143 80 80 74.2857142857143 65.7142857142857 0 55.4285714285714 72.5714285714286 76.5714285714286 75.7142857142857 80 78.8571428571429 0 64.5714285714286 67.4285714285714 70.8571428571429 0 0 -9999 0 0 0 0 64.5714285714286 72.5714285714286 64.5714285714286 0 0 0 0 0 0 41.7142857142857 53.7142857142857 60.5714285714286 59.1428571428571 0
166.857142857143 158.857142857143 147.428571428571 135.428571428571 113.714285714286 93.1428571428571 90.8571428571429 108 122.857142857143 130.857142857143 137.142857142857 138 131.428571428571 128.571428571429 124 111.428571428571 106.857142857143 104 109.714285714286 110.857142857143 110.857142857143 111.428571428571 107.428571428571 108 89.4285714285714 79.4285714285714 82.8571428571429 81.1428571428571 76.5714285714286 76 69.7142857142857 70.2857142857143 0 0 0 54.8571428571429 64.5714285714286 72.8571428571429 74.2857142857143 72 0 0 60.5714285714286 61.7142857142857 58.2857142857143 0 -9999 0 0 0 0 68 70.2857142857143 62.8571428571429 0 0 0 0 0 0 0 48 57.7142857142857 56.5714285714286 0
164.571428571429 156.571428571429 142.857142857143 129.714285714286 109.142857142857 87.4285714285714 86.8571428571429 108 116.571428571429 124 131.428571428571 132.571428571429 126.571428571429 120 114.285714285714 106.857142857143 103.428571428571 104.571428571429 105.142857142857 105.142857142857 105.142857142857 104.571428571429 100.571428571429 98.8571428571429 84.5714285714286 70.8571428571429 76 73.7142857142857 70.2857142857143 64 59.4285714285714 0 0 0 0 0 0 56 70.8571428571429 66.2857142857143 0 0 0 53.1428571428571 0 0 -9999 -9999 0 -9999 0 61.1428571428571 66.8571428571429 58.2857142857143 0 0 0 0 0 0 0 0 54.2857142857143 52.5714285714286 0
148.571428571429 141.142857142857 130.285714285714 117.142857142857 101.142857142857 81.7142857142857 78.2857142857143 93.7142857142857 106.857142857143 117.714285714286 121.142857142857 120 117.142857142857 113.714285714286 106.857142857143 92.5714285714286 91.4285714285714 94.2857142857143 98.2857142857143 97.1428571428571 96 98.8571428571429 96.5714285714286 90.2857142857143 82.2857142857143 69.1428571428571 66.2857142857143 62.8571428571429 59.4285714285714 54.8571428571429 0 0 0 0 0 0 0 0 60.8571428571429 62.2857142857143 0 0 0 0 0 0 -9999 -9999 -9999 -9999 0 0 61.1428571428571 63.4285714285714 52.5714285714286 0 0 0 0 0 0 0 46.2857142857143 49.7142857142857 0
133.142857142857 123.428571428571 113.142857142857 102.285714285714 82.8571428571429 0 70.8571428571429 78.8571428571429 101.142857142857 112 114.285714285714 114.285714285714 110.571428571429 101.714285714286 86.8571428571429 72 71.4285714285714 79.4285714285714 86.2857142857143 86.8571428571429 85.7142857142857 88 91.4285714285714 84.5714285714286 78.8571428571429 0 57.7142857142857 50.8571428571429 46.2857142857143 0 0 0 0 0 0 0 0 0 47.1428571428571 50.8571428571429 0 0 0 0 0 0 -9999 -9999 -9999 0 0 0 54.2857142857143 57.1428571428571 0 0 0 0 0 0 0 0 0 0 0
124.285714285714 95.4285714285714 97.1428571428571 84.5714285714286 71.4285714285714 0 66.2857142857143 74.8571428571429 97.7142857142857 106.285714285714 108.571428571429 108.571428571429 101.142857142857 89.1428571428571 66.8571428571429 0 53.7142857142857 68 75.4285714285714 79.4285714285714 77.1428571428571 77.7142857142857 76 71.4285714285714 67.4285714285714 0 52.8571428571429 50.8571428571429 0 0 0 0 0 0 0 0 0 0 0 41.1428571428571 0 0 0 0 0 0 0 -9999 -9999 -9999 0 0 0 0 0 0 0 0 0 0 0 0 0 0 0
112.571428571429 78.2857142857143 70.8571428571429 64.5714285714286 0 0 64 81.7142857142857 93.7142857142857 99.4285714285714 105.142857142857 102.857142857143 89.1428571428571 72 55.4285714285714 0 39.4285714285714 51.4285714285714 67.4285714285714 74.2857142857143 69.7142857142857 66.8571428571429 61.7142857142857 54.2857142857143 0 0 44 40 0 0 0 0 0 0 0 0 0 0 0 0 0 0 0 0 0 0 0 -9999 -9999 -9999 0 0 0 0 0 0 0 0 0 0 0 0 0 0 0
124 92 57.7142857142857 0 0 0 65.1428571428571 84.5714285714286 95.4285714285714 103.428571428571 108 97.1428571428571 80 68.5714285714286 58 0 0 41.1428571428571 51.4285714285714 56 52 0 40 0 0 0 42.2857142857143 41.7142857142857 0 0 0 0 0 0 0 0 0 0 0 0 0 0 0 0 0 0 0 -9999 -9999 0 0 0 0 0 0 0 0 0 0 0 0 0 0 0 0
129.142857142857 100.142857142857 68.5714285714286 0 0 0 67.4285714285714 89.1428571428571 94.8571428571429 103.428571428571 105.142857142857 94.2857142857143 72.5714285714286 61.1428571428571 0 0 0 37.1428571428571 49.1428571428571 52.5714285714286 42.8571428571429 0 0 0 0 0 40.5714285714286 37.4285714285714 33.7142857142857 0 0 0 0 0 0 0 0 0 0 0 0 0 0 0 0 0 0 -9999 -9999 -9999 0 0 0 0 0 0 0 0 0 0 0 0 0 0 0
101.714285714286 89.7142857142857 0 0 0 0 71.1428571428571 90.5714285714286 99.1428571428571 99.1428571428571 96.8571428571429 89.1428571428571 69.7142857142857 0 0 0 0 36.5714285714286 48 44.8571428571429 0 0 0 0 0 0 33.1428571428571 0 0 0 0 0 0 0 0 0 0 0 0 0 0 0 0 0 0 0 0 0 -9999 -9999 0 0 0 0 0 0 0 0 0 0 0 0 0 0 0
89.1428571428571 74.2857142857143 0 0 0 53.1428571428571 81.1428571428571 98.8571428571429 102.857142857143 96 88 73.1428571428571 0 0 0 0 0 34.8571428571429 42.2857142857143 0 0 0 0 0 0 0 0 0 0 0 0 0 0 0 0 0 0 0 0 0 0 0 0 0 0 0 0 0 -9999 -9999 -9999 0 0 0 0 0 -9999 -9999 -9999 0 0 0 0 0 0
68.5714285714286 0 0 0 0 68.5714285714286 79.4285714285714 101.142857142857 110.285714285714 100.571428571429 78.8571428571429 65.1428571428571 0 0 0 0 0 41.1428571428571 0 0 0 0 0 0 0 0 0 0 0 0 0 0 0 0 0 0 0 0 0 0 0 0 0 0 0 0 0 -9999 -9999 -9999 -9999 -9999 0 0 -9999 -9999 -9999 -9999 -9999 -9999 0 0 0 0 0
0 0 0 0 0 65.7142857142857 87.4285714285714 104.571428571429 113.714285714286 102.857142857143 82.2857142857143 61.7142857142857 0 0 0 0 0 52 0 0 0 0 0 0 0 0 0 0 0 0 0 0 0 0 0 0 0 0 0 0 0 0 0 0 -9999 -9999 -9999 -9999 -9999 -9999 -9999 -9999 -9999 -9999 -9999 -9999 -9999 -9999 -9999 -9999 -9999 0 0 0 0
0 0 0 0 0 62.8571428571429 89.7142857142857 100.571428571429 109.142857142857 98.2857142857143 82.2857142857143 0 0 0 0 0 71.1428571428571 60 0 0 0 0 0 0 0 0 0 0 0 0 0 0 0 0 0 0 0 0 0 0 0 0 0 0 -9999 -9999 -9999 -9999 -9999 -9999 -9999 -9999 -9999 -9999 -9999 -9999 -9999 -9999 -9999 -9999 0 0 0 0 0
0 0 0 0 39.1428571428571 66.2857142857143 86.8571428571429 101.714285714286 109.714285714286 96 75.4285714285714 0 0 0 0 0 0 62 0 0 0 0 0 0 0 0 0 0 0 0 0 0 0 0 0 0 0 0 0 0 -9999 -9999 -9999 -9999 -9999 -9999 -9999 -9999 -9999 -9999 -9999 -9999 -9999 -9999 -9999 -9999 -9999 -9999 -9999 -9999 -9999 0 0 0 0
0 0 0 0 52.2857142857143 63.4285714285714 79.4285714285714 92.5714285714286 96 82.2857142857143 66.8571428571429 0 0 0 0 0 0 0 0 0 0 0 0 0 0 0 0 0 0 0 0 0 0 -9999 -9999 0 0 -9999 0 0 -9999 -9999 -9999 -9999 -9999 -9999 -9999 -9999 -9999 -9999 -9999 -9999 -9999 -9999 -9999 -9999 -9999 -9999 -9999 -9999 -9999 -9999 0 0 0
0 0 0 0 52 58.2857142857143 72.5714285714286 80.5714285714286 80 69.1428571428571 50.2857142857143 0 0 0 0 0 0 0 0 0 0 0 0 0 0 0 0 0 0 0 -9999 0 -9999 -9999 -9999 0 -9999 -9999 -9999 -9999 -9999 -9999 -9999 -9999 -9999 -9999 -9999 -9999 -9999 -9999 -9999 -9999 -9999 -9999 -9999 -9999 -9999 -9999 -9999 -9999 -9999 -9999 -9999 -9999 -9999
0 0 0 0 0 56.8571428571429 76.5714285714286 74.8571428571429 63.4285714285714 58.8571428571429 52 0 0 0 0 0 0 0 0 0 0 0 0 0 0 0 0 0 -9999 -9999 -9999 -9999 -9999 -9999 -9999 -9999 -9999 -9999 -9999 -9999 -9999 -9999 -9999 -9999 -9999 -9999 -9999 -9999 -9999 -9999 -9999 -9999 -9999 -9999 -9999 -9999 -9999 -9999 -9999 -9999 -9999 -9999 -9999 -9999 -9999
