data/derived/r_mean_temp.asc
NCOLS 191 
NROWS 93 
XLLCORNER 442474.332677425 
YLLCORNER 4080120.41147431 
CELLSIZE 500 
NODATA_value -9999 
[rows 46 to 68 of 93, columns 106 to 158 of 191]
9.64733333333333 9.11333333333333 8.41533333333333 8.274 9.10266666666667 10.363 10.148 9.192 8.54333333333333 8.80066666666667 9.058 9.46866666666667 8.702 7.872 8.29 9.39466666666667 10.0526666666667 10.4026666666667 10.2596666666667 9.57733333333333 9.36133333333333 8.77666666666667 8.79266666666667 9.27466666666667 10.0693333333333 10.164 9.44266666666667 9.714 9.702 9.91733333333333 10.3326666666667 10.3986666666667 9.748 9.29466666666667 9.23133333333333 8.80533333333333 8.74466666666667 9.47866666666667 9.25466666666667 9.16133333333333 9.61733333333333 9.92733333333333 10.5333333333333 10.6506666666667 10.9193333333333 10.6826666666667 10.5886666666667 10.836 10.6026666666667 10.99 11.2053333333333 11.842 12.22
9.97 9.992 9.13866666666667 8.542 8.92933333333333 9.99666666666667 -9999 9.788 9.054 9.484 9.73866666666667 9.886 8.76466666666667 8.26133333333333 8.558 8.94 9.42333333333333 10.292 10.795 9.87533333333333 9.64933333333333 9.30066666666667 9.06133333333333 9.65933333333333 10.4393333333333 10.8166666666667 10.3746666666667 10.0926666666667 10.4433333333333 10.414 10.7026666666667 11.128 10.3873333333333 9.65733333333333 10.0026666666667 9.28266666666667 9.048 9.51 9.928 9.70333333333333 10.0566666666667 10.4393333333333 10.8853333333333 11.664 11.7426666666667 11.324 11.2706666666667 11.5873333333333 11.2733333333333 11.4733333333333 11.664 11.578 11.964
9.63733333333333 10.7506666666667 9.88333333333333 9.124 9.106 10.138 10.7 10.0706666666667 9.64266666666667 10.224 10.5553333333333 9.29666666666667 8.96666666666667 8.36333333333333 9.02733333333333 9.63266666666667 9.80066666666667 10.7073333333333 11.6753333333333 10.753 10.1253333333333 9.71866666666667 9.31733333333333 10.0406666666667 10.6033333333333 11.476 11.2066666666667 10.572 10.652 11.0253333333333 11.1746666666667 11.6806666666667 11.3553333333333 10.0253333333333 10.3213333333333 9.99733333333333 9.538 9.50266666666667 10.074 10.1693333333333 10.486 10.7993333333333 11.3213333333333 11.978 12.7913333333333 12.5096666666667 11.8753333333333 12.0533333333333 12.08 12.1886666666667 12.2386666666667 12.4013333333333 12.1426666666667
9.16666666666667 10.5453333333333 10.6213333333333 9.95666666666667 9.262 9.94333333333333 10.9713333333333 10.6793333333333 10.1893333333333 10.87 10.5186666666667 9.66133333333333 9.08266666666667 8.65466666666667 9.34133333333333 10.2726666666667 10.532 10.888 11.8913333333333 11.2576666666667 10.592 10.1193333333333 9.566 10.1406666666667 10.7653333333333 11.604 11.6653333333333 11.072 11.0946666666667 11.5133333333333 11.65 12.276 11.4643333333333 10.2966666666667 10.546 10.5093333333333 10.0613333333333 10.0133333333333 10.07 10.3193333333333 10.8493333333333 11.01 11.8033333333333 11.9713333333333 11.9786666666667 12.82 12.5233333333333 12.6326666666667 12.7406666666667 12.8486666666667 12.9413333333333 13.104 12.6546666666667
9.35733333333333 10.5906666666667 11.246 10.47 9.90333333333333 10.2233333333333 10.9573333333333 -9999 10.8726666666667 -9999 10.7966666666667 9.93933333333333 9.38533333333333 8.924 9.554 10.352 11.0586666666667 11.6106666666667 12.5393333333333 12.2206666666667 11.3456666666667 10.622 10.0286666666667 10.266 11.1173333333333 11.8526666666667 12.204 11.6133333333333 11.5766666666667 12.0346666666667 12.2773333333333 12.6533333333333 12.3913333333333 11.0813333333333 11.0313333333333 11.086 10.586 10.654 10.6173333333333 10.6706666666667 10.7426666666667 10.7746666666667 10.93 10.8413333333333 11.604 12.84 13.4266666666667 13.4026666666667 13.3506666666667 13.4473333333333 13.7413333333333 13.6026666666667 13.1313333333333
9.70066666666667 10.754 11.6723333333333 11.4846666666667 10.8373333333333 10.583 11.3413333333333 -9999 -9999 11.9466666666667 11.004 10.5753333333333 10.0743333333333 9.68 9.76633333333333 10.143 10.8113333333333 11.4283333333333 12.2943333333333 13.0383333333333 11.957 11.0706666666667 10.5546666666667 10.783 11.3816666666667 12.0363333333333 12.8943333333333 12.4026666666667 12.5093333333333 12.75 13.1643333333333 13.166 12.597 11.8881666666667 11.7433333333333 11.6586666666667 11.2213333333333 11.2403333333333 11.283 11.2316666666667 11.0713333333333 11.3483333333333 11.428 11.2386666666667 11.5246666666667 11.746 12.296 12.497 12.8396666666667 13.161 13.7396666666667 14.247 14.567
10.3226666666667 10.9333333333333 11.952 12.4373333333333 11.84 11.5233333333333 11.052 12.128 -9999 -9999 11.8486666666667 11.3586666666667 10.7333333333333 10.3973333333333 10.53 10.826 11.176 11.9153333333333 12.9586666666667 13.6553333333333 12.6546666666667 11.804 11.1726666666667 11.4753333333333 11.8306666666667 12.3753333333333 13.0813333333333 13.2533333333333 13.4186666666667 13.658 13.942 13.3446666666667 12.6993333333333 12.2433333333333 12.211 11.958 11.6246666666667 11.4113333333333 11.3946666666667 11.7606666666667 11.406 11.49 11.9713333333333 11.788 11.8626666666667 12.2413333333333 12.416 12.73 12.9173333333333 13.414 14.0086666666667 14.3473333333333 14.864
10.9466666666667 10.89 11.5093333333333 12.4673333333333 12.748 12.3466666666667 11.7073333333333 11.7726666666667 -9999 -9999 12.2366666666667 11.692 11.2906666666667 10.9693333333333 10.9346666666667 11.2053333333333 11.7186666666667 12.5733333333333 12.81 13.9106666666667 13.1293333333333 12.1323333333333 11.7826666666667 11.9906666666667 12.1686666666667 12.678 13.244 13.9993333333333 14.0786666666667 13.714 13.2553333333333 12.4466666666667 12.2546666666667 11.548 11.5483333333333 11.4966666666667 11.5333333333333 11.5293333333333 11.114 12.2893333333333 11.6466666666667 11.868 12.1733333333333 11.7053333333333 11.9093333333333 11.9233333333333 12.112 12.6193333333333 12.6993333333333 13.218 13.8273333333333 14.3953333333333 14.77
11.4353333333333 11.3906666666667 11.41 12.0633333333333 12.6973333333333 13.054 12.2813333333333 12.1733333333333 -9999 13.042 12.7033333333333 12.1553333333333 11.6726666666667 11.4386666666667 11.432 11.6773333333333 12.062 12.8486666666667 13.258 14.076 13.302 12.69 12.127 12.374 12.552 13.012 13.606 14.4133333333333 14.3786666666667 13.4493333333333 13.0786666666667 12.4726666666667 11.6433333333333 12.052 11.9993333333333 11.9916666666667 11.9646666666667 11.8386666666667 12.1613333333333 12.62 12.03 12.4786666666667 11.92 11.9633333333333 11.9046666666667 12.0386666666667 12.142 12.6206666666667 12.9276666666667 13.54 13.8066666666667 14.424 14.864
11.9226666666667 11.8926666666667 11.9346666666667 12.574 13.1166666666667 13.7786666666667 12.688 12.2906666666667 -9999 -9999 13.114 12.4673333333333 12.0433333333333 11.7486666666667 11.94 11.9993333333333 12.4613333333333 13.18 13.7413333333333 14.3573333333333 13.4313333333333 12.9 12.6036666666667 12.9606666666667 13.1526666666667 13.2313333333333 13.664 14.5026666666667 14.228 13.8526666666667 13.3933333333333 12.762 12.6693333333333 12.7486666666667 12.7826666666667 12.5796666666667 12.534 12.2413333333333 12.866 12.72 12.3986666666667 12.4086666666667 13.146 12.71 12.266 12.3953333333333 12.516 12.912 13.046 13.7026666666667 14.0473333333333 14.514 15.098
12.624 12.4333333333333 12.48 12.742 13.548 14.0473333333333 13.096 12.7113333333333 -9999 -9999 13.2233333333333 12.66 12.256 12.1153333333333 12.34 12.708 13.13 13.8953333333333 14.2166666666667 14.4046666666667 13.7753333333333 13.3433333333333 13.0913333333333 13.3473333333333 13.3046666666667 13.194 13.7153333333333 14.3506666666667 14.9186666666667 14.3333333333333 13.8386666666667 13.032 12.5146666666667 12.2233333333333 12.9286666666667 13.4356666666667 12.9666666666667 12.366 12.6946666666667 13.1053333333333 12.8866666666667 12.6773333333333 13.19 13.408 13.056 12.9873333333333 13.1753333333333 12.962 13.694 13.9513333333333 14.5446666666667 14.7566666666667 15.086
13.0966666666667 12.9126666666667 12.906 13.078 13.6006666666667 14.3913333333333 13.542 13.084 13.6266666666667 -9999 13.5153333333333 13.4793333333333 13.272 12.896 13.0946666666667 13.1446666666667 13.5813333333333 -9999 -9999 -9999 14.162 13.6386666666667 13.344 13.523 13.5013333333333 13.406 13.8 14.454 15.1306666666667 14.6573333333333 14.3713333333333 13.2493333333333 12.6293333333333 12.2213333333333 12.7666666666667 13.5133333333333 13.104 13.0753333333333 12.78 13.2953333333333 13.4226666666667 12.7106666666667 13.3353333333333 13.5733333333333 13.674 13.8773333333333 14.2533333333333 14.0566666666667 14.4346666666667 14.7016666666667 14.8606666666667 15.3966666666667 15.674
13.5113333333333 13.3093333333333 13.3846666666667 13.516 14.0226666666667 14.9406666666667 13.922 13.6506666666667 13.8953333333333 -9999 -9999 13.886 13.604 13.34 13.4086666666667 13.5413333333333 13.902 -9999 -9999 -9999 14.4273333333333 13.9186666666667 13.6486666666667 13.5776666666667 13.774 13.3853333333333 13.7033333333333 14.1833333333333 15.292 15.1646666666667 13.732 12.7706666666667 12.37 12.8546666666667 13.3366666666667 13.5813333333333 13.6213333333333 13.4833333333333 13.1073333333333 13.3353333333333 14.2466666666667 13.6226666666667 14.2446666666667 13.944 14.0526666666667 14.482 15.0246666666667 14.9653333333333 14.756 15.041 15.102 15.5586666666667 15.7813333333333
13.8906666666667 13.8406666666667 13.8253333333333 13.9006666666667 14.4326666666667 15.11 14.5126666666667 14.1393333333333 -9999 -9999 -9999 -9999 13.7493333333333 13.6286666666667 -9999 -9999 -9999 -9999 -9999 -9999 -9999 14.07 13.9026666666667 13.712 13.898 13.5186666666667 13.8446666666667 13.982 14.8866666666667 14.892 13.3793333333333 12.972 13.1686666666667 13.4346666666667 14.01 14.288 14.38 13.8903333333333 13.342 13.878 14.3253333333333 14.1706666666667 14.1106666666667 14.3206666666667 14.4793333333333 14.804 15.332 15.1773333333333 15.3926666666667 15.206 15.535 15.9786666666667 16.074
14.4213333333333 14.2766666666667 14.264 14.296 14.5853333333333 -9999 -9999 -9999 -9999 -9999 -9999 -9999 -9999 -9999 -9999 -9999 -9999 -9999 -9999 -9999 -9999 -9999 14.322 14.3166666666667 13.9426666666667 13.8026666666667 13.6986666666667 13.96 14.5293333333333 14.72 13.4946666666667 13.836 14.0393333333333 13.932 13.9706666666667 14.526 14.6346666666667 14.2596666666667 13.94 14.562 14.696 14.8713333333333 15.0773333333333 14.834 15.08 15.126 15.6466666666667 15.714 15.9113333333333 15.678 16.0186666666667 16.4213333333333 16.7166666666667
14.9173333333333 14.8753333333333 14.838 14.9273333333333 14.9053333333333 -9999 -9999 -9999 -9999 -9999 -9999 -9999 -9999 -9999 -9999 -9999 -9999 -9999 -9999 -9999 -9999 14.6833333333333 14.5633333333333 14.5993333333333 14.2366666666667 13.8826666666667 13.9573333333333 14.0106666666667 14.49 14.5693333333333 14.3333333333333 14.4613333333333 14.3073333333333 13.838 14.4266666666667 14.8066666666667 14.742 14.5866666666667 14.7546666666667 15.0866666666667 15.0806666666667 15.2473333333333 15.45 15.592 15.6706666666667 15.7986666666667 15.9066666666667 16.0066666666667 16.1706666666667 15.864 16.327 16.6473333333333 16.97
-9999 -9999 -9999 -9999 -9999 -9999 -9999 -9999 -9999 -9999 -9999 -9999 -9999 -9999 -9999 -9999 -9999 -9999 -9999 -9999 -9999 -9999 14.8673333333333 14.706 14.942 14.7266666666667 14.6473333333333 14.5426666666667 14.7006666666667 15.1233333333333 14.81 14.732 14.268 14.388 15.016 15.1133333333333 15.0713333333333 14.8493333333333 15.312 15.206 15.166 15.3513333333333 15.3026666666667 15.2293333333333 15.8406666666667 16.1886666666667 16.3353333333333 16.1606666666667 16.39 16.4793333333333 16.6613333333333 16.7603333333333 17.012
-9999 -9999 -9999 -9999 -9999 -9999 -9999 -9999 -9999 -9999 -9999 -9999 -9999 -9999 -9999 -9999 -9999 -9999 -9999 -9999 -9999 -9999 -9999 15.1326666666667 15.114 15.082 14.9733333333333 14.6653333333333 14.8213333333333 15.2513333333333 14.9413333333333 14.4806666666667 14.5286666666667 15.2086666666667 15.486 15.4913333333333 15.5006666666667 15.5943333333333 15.5117777777778 15.4471111111111 15.4536666666667 15.0753333333333 15.4183333333333 15.845 15.4696666666667 15.9826666666667 16.516 16.5283333333333 16.436 16.588 17.0066666666667 17.2591111111111 17.4115555555556
-9999 -9999 -9999 -9999 -9999 -9999 -9999 -9999 -9999 -9999 -9999 -9999 -9999 -9999 -9999 -9999 -9999 -9999 -9999 -9999 -9999 -9999 -9999 -9999 -9999 -9999 -9999 -9999 -9999 -9999 15.1 15.2116666666667 15.2563333333333 15.5766666666667 15.6133333333333 15.8326666666667 15.946 15.908 15.9293333333333 15.6623333333333 15.494 15.63 16.2073333333333 16.3993333333333 16.5066666666667 16.3693333333333 16.3566666666667 16.5133333333333 16.9906666666667 16.6433333333333 16.8206666666667 17.376 -9999
-9999 -9999 -9999 -9999 -9999 -9999 -9999 -9999 -9999 -9999 -9999 -9999 -9999 -9999 -9999 -9999 -9999 -9999 -9999 -9999 -9999 -9999 -9999 -9999 -9999 -9999 -9999 -9999 -9999 -9999 -9999 -9999 -9999 -9999 15.9 15.9666666666667 -9999 -9999 15.7613333333333 15.9766666666667 -9999 16.394 -9999 -9999 -9999 -9999 -9999 16.77 16.652 16.956 -9999 -9999 -9999
-9999 -9999 -9999 -9999 -9999 -9999 -9999 -9999 -9999 -9999 -9999 -9999 -9999 -9999 -9999 -9999 -9999 -9999 -9999 -9999 -9999 -9999 -9999 -9999 -9999 -9999 -9999 -9999 -9999 -9999 -9999 -9999 -9999 -9999 -9999 -9999 -9999 -9999 -9999 -9999 -9999 -9999 -9999 -9999 -9999 -9999 -9999 -9999 -9999 -9999 -9999 -9999 -9999
-9999 -9999 -9999 -9999 -9999 -9999 -9999 -9999 -9999 -9999 -9999 -9999 -9999 -9999 -9999 -9999 -9999 -9999 -9999 -9999 -9999 -9999 -9999 -9999 -9999 -9999 -9999 -9999 -9999 -9999 -9999 -9999 -9999 -9999 -9999 -9999 -9999 -9999 -9999 -9999 -9999 -9999 -9999 -9999 -9999 -9999 -9999 -9999 -9999 -9999 -9999 -9999 -9999
-9999 -9999 -9999 -9999 -9999 -9999 -9999 -9999 -9999 -9999 -9999 -9999 -9999 -9999 -9999 -9999 -9999 -9999 -9999 -9999 -9999 -9999 -9999 -9999 -9999 -9999 -9999 -9999 -9999 -9999 -9999 -9999 -9999 -9999 -9999 -9999 -9999 -9999 -9999 -9999 -9999 -9999 -9999 -9999 -9999 -9999 -9999 -9999 -9999 -9999 -9999 -9999 -9999
