data/derived/r_mean_scmd_1900.asc
NCOLS 186 
NROWS 74 
XLLCORNER 443300.206538099 
YLLCORNER 4085841.77455235 
CELLSIZE 500 
NODATA_value -9999 
[rows 29 to 57 of 74, columns 66 to 131 of 186]
227.285714285714 234.142857142857 233.571428571429 226.714285714286 217.571428571429 213 209.571428571429 205 202.714285714286 198.142857142857 187.857142857143 187.285714285714 185 188.428571428571 186.714285714286 187.285714285714 185 187.857142857143 187.214285714286 201 198.714285714286 189 188.857142857143 179.714285714286 179.142857142857 190.714285714286 191.857142857143 192.428571428571 196.428571428571 196.428571428571 199.285714285714 0 0 0 0 0 0 205.571428571429 202.142857142857 190.714285714286 199.285714285714 191.857142857143 193 188.428571428571 192.714285714286 191.857142857143 205.571428571429 199.857142857143 179.285714285714 178.142857142857 179.857142857143 0 0 0 0 0 0 0 0 0 0 0 0 0 0 0
230.714285714286 228.428571428571 225.571428571429 227.285714285714 223.857142857143 215.571428571429 210.714285714286 209.571428571429 206.714285714286 199.857142857143 190.142857142857 185.571428571429 186.714285714286 187.285714285714 186.714285714286 188.428571428571 193.571428571429 191.285714285714 191.571428571429 203.285714285714 203.857142857143 189 187.714285714286 199.285714285714 183.285714285714 186.142857142857 197.571428571429 195.857142857143 199.857142857143 211.285714285714 198.714285714286 203.285714285714 189 193.571428571429 0 0 0 0 196.428571428571 181.571428571429 198.142857142857 185.571428571429 189.571428571429 189.571428571429 202.428571428571 204.428571428571 181 178.142857142857 179.285714285714 179.857142857143 189.571428571429 189.571428571429 177 164.428571428571 171.857142857143 190 0 174.142857142857 0 0 0 0 0 0 0 0
230.142857142857 231.857142857143 226.142857142857 227.857142857143 227.285714285714 220.428571428571 215.857142857143 211.857142857143 206.142857142857 197.571428571429 198.142857142857 188.428571428571 189.571428571429 189 189.571428571429 191.285714285714 193.571428571429 189.571428571429 186.714285714286 189.857142857143 199.857142857143 192.428571428571 193.571428571429 189.571428571429 187.285714285714 199.285714285714 198.714285714286 200.428571428571 201 206.142857142857 207.285714285714 199.285714285714 200.142857142857 195.285714285714 179.285714285714 203.857142857143 183.285714285714 181.571428571429 199.857142857143 186.714285714286 186.714285714286 182.142857142857 190.714285714286 187.857142857143 199.857142857143 194.142857142857 186.142857142857 186.142857142857 183.857142857143 181 181 193 195.285714285714 201 173 187.285714285714 180.428571428571 179.285714285714 173 0 0 0 0 0 0 0
230.714285714286 229.571428571429 227.857142857143 228.428571428571 228.428571428571 219.285714285714 216.714285714286 207.857142857143 205 198.714285714286 198.714285714286 192.428571428571 189 182.142857142857 195.285714285714 195.857142857143 197 193 194.714285714286 193.285714285714 195.285714285714 195.857142857143 187.285714285714 188.428571428571 189.571428571429 203.857142857143 202.142857142857 202.142857142857 195.857142857143 197 186.714285714286 189 184.142857142857 186.142857142857 183.285714285714 189 190.142857142857 193 188.428571428571 186.142857142857 188.428571428571 184.428571428571 195.857142857143 186.714285714286 186.714285714286 190.142857142857 187.285714285714 189.571428571429 189 186.714285714286 182.714285714286 182.142857142857 187.857142857143 183.857142857143 182.142857142857 182.714285714286 193.571428571429 191.857142857143 176.714285714286 0 175.857142857143 0 0 174.142857142857 173.571428571429 0
227.857142857143 223.857142857143 226.142857142857 222.714285714286 223.857142857143 223.285714285714 212.142857142857 209 210.142857142857 203.857142857143 201 195.857142857143 193 194.142857142857 193 193 193.571428571429 203.857142857143 203.857142857143 194.714285714286 195.857142857143 193 194.142857142857 194.142857142857 191.857142857143 190.714285714286 191.857142857143 194.142857142857 193.571428571429 191.285714285714 192.428571428571 195.285714285714 192.714285714286 194.714285714286 194.142857142857 195.285714285714 196.428571428571 198.142857142857 193 188.428571428571 182.714285714286 181 183.285714285714 181.571428571429 181 181.857142857143 186.714285714286 190.142857142857 190.142857142857 190.714285714286 189 186.714285714286 189 185.571428571429 182.714285714286 185.571428571429 187.285714285714 186.142857142857 179.857142857143 175.285714285714 178.142857142857 170.714285714286 197.571428571429 198.142857142857 191.857142857143 182.714285714286
222.142857142857 221.571428571429 225 222.714285714286 226.142857142857 227.285714285714 219.857142857143 207.285714285714 209 210.714285714286 205.571428571429 205 202.142857142857 201 201.571428571429 198.142857142857 209 212.428571428571 209 197.571428571429 197.285714285714 197 197 197.571428571429 196.428571428571 195.857142857143 197.571428571429 195.285714285714 194.142857142857 193.571428571429 194.714285714286 199.857142857143 199.857142857143 194.428571428571 198.142857142857 198.714285714286 198.142857142857 191.285714285714 193 192.428571428571 191.857142857143 188.428571428571 182.142857142857 178.142857142857 181.571428571429 181 183 191.285714285714 191.857142857143 191.857142857143 194.714285714286 192.428571428571 191.285714285714 190.142857142857 190.714285714286 187.857142857143 187.285714285714 184.428571428571 181.571428571429 181.571428571429 181 178.714285714286 190.142857142857 188.428571428571 189.571428571429 184.428571428571
217 221 220.428571428571 223.285714285714 219.285714285714 222.142857142857 216.428571428571 207.285714285714 207.285714285714 202.714285714286 203.857142857143 201.571428571429 202.714285714286 203.857142857143 203.285714285714 202.142857142857 205 205.571428571429 203.857142857143 202.142857142857 199.285714285714 198.714285714286 197 194.714285714286 195.857142857143 197.571428571429 198.714285714286 197 194.714285714286 194.714285714286 196.428571428571 195.285714285714 199.857142857143 197.285714285714 194.714285714286 195.285714285714 201.571428571429 196.428571428571 193.571428571429 193 190.714285714286 184.428571428571 177 0 179.285714285714 179.857142857143 189.285714285714 194.142857142857 199.857142857143 191.857142857143 193 192.428571428571 191.285714285714 190.142857142857 190.142857142857 189.571428571429 190.142857142857 181.571428571429 184.428571428571 187.571428571429 191.857142857143 186.714285714286 187.857142857143 190.714285714286 185.571428571429 191.285714285714
211 209.857142857143 214.428571428571 216.428571428571 214.142857142857 216.714285714286 213.571428571429 205.571428571429 205 215.285714285714 213.571428571429 215.285714285714 202.714285714286 202.714285714286 201 201.571428571429 202.142857142857 202.714285714286 202.142857142857 199.857142857143 198.714285714286 195.285714285714 196.428571428571 192.428571428571 191.857142857143 194.142857142857 191.857142857143 193 193 190.714285714286 193.571428571429 192.428571428571 190.142857142857 192.428571428571 194.428571428571 197 195.857142857143 193 194.142857142857 195.857142857143 193 186.714285714286 178.714285714286 0 0 179.285714285714 190.142857142857 193.857142857143 197 197 187.285714285714 185.571428571429 195.285714285714 191.285714285714 173.428571428571 181.571428571429 186.714285714286 183.285714285714 182.142857142857 187.285714285714 191.285714285714 186.142857142857 188.428571428571 188.428571428571 188.428571428571 188.428571428571
213.571428571429 200.428571428571 202.714285714286 205.571428571429 205 201 202.714285714286 201 205 213.285714285714 211.857142857143 212.714285714286 204.714285714286 201.285714285714 200.142857142857 199.857142857143 199.285714285714 197.571428571429 195.857142857143 197 193.571428571429 191.571428571429 190.714285714286 189.285714285714 191.285714285714 191.571428571429 190.428571428571 189.857142857143 189.571428571429 185.285714285714 175.857142857143 177.571428571429 175.285714285714 179.857142857143 186 193 188.142857142857 183.571428571429 181.857142857143 184.142857142857 183 185.285714285714 179.857142857143 0 0 183.678571428571 190.142857142857 191 187 183 179.857142857143 184.714285714286 197.285714285714 184.857142857143 172.928571428571 0 0 0 170.642857142857 179 179.142857142857 180.714285714286 180.142857142857 185.285714285714 186.142857142857 185.285714285714
201.571428571429 196.428571428571 198.142857142857 198.714285714286 197 196.428571428571 197 198.714285714286 200.428571428571 206.428571428571 211.857142857143 212.428571428571 202.714285714286 200.428571428571 198.714285714286 199.285714285714 198.142857142857 196.428571428571 193 193.571428571429 193 191.285714285714 186.428571428571 182.142857142857 197.571428571429 200.428571428571 189.571428571429 187.142857142857 184.857142857143 183.285714285714 170.571428571429 165.428571428571 165 167.857142857143 171.285714285714 177.285714285714 181.571428571429 177.571428571429 173 178.714285714286 175.857142857143 182.142857142857 176.428571428571 0 0 0 169.214285714286 184.428571428571 181.571428571429 0 182.714285714286 182.714285714286 183.285714285714 162.142857142857 0 0 0 0 0 158.357142857143 171.857142857143 169.107142857143 160.071428571429 165 169.571428571429 177.571428571429
202.142857142857 196.428571428571 197 188.428571428571 195.857142857143 193 196.428571428571 197 201 213.285714285714 215.285714285714 202.714285714286 199.857142857143 197 196.428571428571 193.571428571429 193.571428571429 191.285714285714 193 191.285714285714 191.857142857143 190.714285714286 187.857142857143 189 196.428571428571 198.142857142857 185.571428571429 191.857142857143 189 175.285714285714 173.428571428571 169 0 176.428571428571 175.857142857143 175.857142857143 173 181 182.142857142857 185.571428571429 181 187.285714285714 174.142857142857 168.642857142857 0 -9999 0 174.357142857143 0 0 166.357142857143 178.714285714286 167.857142857143 165.571428571429 0 0 0 0 0 147.714285714286 175.857142857143 169.392857142857 160.071428571429 0 171.857142857143 173.571428571429
206.714285714286 202.142857142857 199.857142857143 194.142857142857 190.714285714286 185 195.285714285714 197.571428571429 200.428571428571 198.714285714286 203.571428571429 199.857142857143 199.857142857143 195.857142857143 193.571428571429 193.571428571429 192.428571428571 187.857142857143 189 188.428571428571 190.142857142857 190.714285714286 189.571428571429 191.285714285714 199.857142857143 183.857142857143 181.571428571429 192.428571428571 171.285714285714 175.285714285714 169 169.571428571429 0 165.642857142857 180.428571428571 196.428571428571 174.428571428571 174.142857142857 184.428571428571 0 180.642857142857 188.428571428571 180.642857142857 0 0 -9999 0 0 0 0 172.428571428571 168.428571428571 165 0 0 0 0 0 0 150.571428571429 165.571428571429 173 174.357142857143 0 0 157.785714285714
211.857142857143 205 205 194.142857142857 191.857142857143 185.571428571429 193 199.857142857143 196.428571428571 199.285714285714 202.142857142857 199.857142857143 197 194.714285714286 191.857142857143 189.571428571429 186.714285714286 189 186.142857142857 187.857142857143 188.428571428571 186.714285714286 187.285714285714 181.857142857143 180.428571428571 183.857142857143 175.857142857143 183.285714285714 185.571428571429 170.714285714286 173.571428571429 0 0 0 182.714285714286 189.571428571429 175.857142857143 173.571428571429 175.857142857143 0 0 194.142857142857 180.857142857143 167.5 0 -9999 0 0 0 0 177 191.285714285714 170.714285714286 0 0 0 0 0 0 0 165 179.285714285714 175.214285714286 0 0 0
211.857142857143 205 204.428571428571 188.428571428571 183.857142857143 183.857142857143 191.285714285714 194.142857142857 193.571428571429 199.857142857143 201.571428571429 197 191.285714285714 189.571428571429 187.285714285714 182.142857142857 186.142857142857 185.571428571429 183.857142857143 185 187.285714285714 184.428571428571 183.285714285714 176.142857142857 170.142857142857 182.714285714286 182.142857142857 171.857142857143 164.428571428571 167.857142857143 0 0 0 0 0 0 171.857142857143 181.571428571429 177 0 0 0 186.357142857143 0 0 -9999 -9999 0 -9999 0 177 199.285714285714 179.285714285714 0 0 0 0 0 0 0 0 179.857142857143 173.857142857143 0 0 0
212.428571428571 209 203.285714285714 190.714285714286 187.285714285714 182.142857142857 190.142857142857 192.428571428571 193.571428571429 197 194.142857142857 191.857142857143 190.714285714286 185 176.428571428571 179.857142857143 183.285714285714 179.857142857143 180.428571428571 183.285714285714 187.857142857143 184.428571428571 178.142857142857 177 165 169.571428571429 171.857142857143 162.142857142857 161.785714285714 0 0 0 0 0 0 0 0 169.571428571429 175.857142857143 0 0 0 0 0 0 -9999 -9999 -9999 -9999 0 0 191.285714285714 193 176.428571428571 0 0 0 0 0 0 0 178.714285714286 173.571428571429 0 0 0
206.142857142857 202.142857142857 194.142857142857 187.857142857143 0 184.428571428571 183.857142857143 187.285714285714 194.714285714286 195.857142857143 191.857142857143 189.571428571429 187.285714285714 180.428571428571 171.285714285714 171.285714285714 170.714285714286 177.571428571429 178.142857142857 177 182.142857142857 183.857142857143 181.571428571429 180.428571428571 0 167.285714285714 157.214285714286 154.357142857143 0 0 0 0 0 0 0 0 0 153.25 156.928571428571 0 0 0 0 0 0 -9999 -9999 -9999 0 0 0 190.714285714286 201 0 0 0 0 0 0 0 0 0 0 0 0 0
189.571428571429 192.428571428571 186.142857142857 177 0 179.857142857143 181.571428571429 186.714285714286 186.142857142857 188.428571428571 186.142857142857 187.285714285714 184.428571428571 170.571428571429 0 158.142857142857 170.142857142857 168.428571428571 173 175.285714285714 175.857142857143 181 180.428571428571 178.714285714286 0 161.392857142857 166.142857142857 0 0 0 0 0 0 0 0 0 0 0 166.392857142857 0 0 0 0 0 0 0 -9999 -9999 -9999 0 0 0 0 0 0 0 0 0 0 0 0 0 0 0 0 0
191.142857142857 191.142857142857 177 0 0 175.857142857143 185 189 182.714285714286 184.428571428571 181 181 169.857142857143 166 0 158.357142857143 161.571428571429 171.857142857143 171.285714285714 171.285714285714 173.571428571429 162.142857142857 155.857142857143 0 0 156.642857142857 161.571428571429 0 0 0 0 0 0 0 0 0 0 0 0 0 0 0 0 0 0 0 -9999 -9999 -9999 0 0 0 0 0 0 0 0 0 0 0 0 0 0 0 0 0
195 186.714285714286 0 0 0 167.285714285714 181.571428571429 184.428571428571 185.571428571429 186.142857142857 181 178 170.142857142857 163 0 0 160.071428571429 166.714285714286 169 161.428571428571 0 158.785714285714 0 0 0 160.642857142857 158.821428571429 0 0 0 0 0 0 0 0 0 0 0 0 0 0 0 0 0 0 0 -9999 -9999 0 0 0 0 0 0 0 0 0 0 0 0 0 0 0 0 0 0
191.714285714286 186 0 0 0 174.142857142857 181.571428571429 178.142857142857 179.285714285714 179.285714285714 182.571428571429 167.714285714286 158.571428571429 0 0 0 157.071428571429 163.285714285714 166.142857142857 150.785714285714 0 0 0 0 0 150.142857142857 156.25 157.571428571429 0 0 0 0 0 0 0 0 0 0 0 0 0 0 0 0 0 0 -9999 -9999 -9999 0 0 0 0 0 0 0 0 0 0 0 0 0 0 0 0 0
179.857142857143 0 0 0 0 173.285714285714 173.857142857143 181.571428571429 181.571428571429 180.142857142857 179.428571428571 172.857142857143 0 0 0 0 159.071428571429 162.285714285714 165.214285714286 0 0 0 0 0 0 143.928571428571 0 0 0 0 0 0 0 0 0 0 0 0 0 0 0 0 0 0 0 0 0 -9999 -9999 0 0 0 0 0 0 0 0 0 0 0 0 0 0 0 0 0
177.571428571429 0 0 0 161.571428571429 169 176.428571428571 180.428571428571 178.714285714286 173.571428571429 174.714285714286 0 0 0 0 0 154.357142857143 156.428571428571 0 0 0 0 0 0 0 0 0 0 0 0 0 0 0 0 0 0 0 0 0 0 0 0 0 0 0 0 0 -9999 -9999 -9999 0 0 0 0 0 -9999 -9999 -9999 0 0 0 0 0 0 0 0
0 0 0 0 163.857142857143 172.428571428571 183.857142857143 185.571428571429 191.285714285714 172.428571428571 164.428571428571 0 0 0 0 0 157.571428571429 0 0 0 0 0 0 0 0 0 0 0 0 0 0 0 0 0 0 0 0 0 0 0 0 0 0 0 0 0 -9999 -9999 -9999 -9999 -9999 0 0 -9999 -9999 -9999 -9999 -9999 -9999 0 0 0 0 0 0 0
0 0 0 0 157.214285714286 175.285714285714 182.714285714286 195.285714285714 193.571428571429 174.142857142857 159.285714285714 0 0 0 0 0 163.857142857143 0 0 0 0 0 0 0 0 0 0 0 0 0 0 0 0 0 0 0 0 0 0 0 0 0 0 -9999 -9999 -9999 -9999 -9999 -9999 -9999 -9999 -9999 -9999 -9999 -9999 -9999 -9999 -9999 -9999 -9999 0 0 0 0 0 0
0 0 0 0 159.857142857143 176.428571428571 178.142857142857 185 185 185.571428571429 0 0 0 0 0 159 163.857142857143 0 0 0 0 0 0 0 0 0 0 0 0 0 0 0 0 0 0 0 0 0 0 0 0 0 0 -9999 -9999 -9999 -9999 -9999 -9999 -9999 -9999 -9999 -9999 -9999 -9999 -9999 -9999 -9999 -9999 0 0 0 0 0 0 0
0 0 0 143.214285714286 164.428571428571 171.857142857143 183.857142857143 189.571428571429 182.714285714286 171.285714285714 0 0 0 0 0 0 161.107142857143 0 0 0 0 0 0 0 0 0 0 0 0 0 0 0 0 0 0 0 0 0 0 -9999 -9999 -9999 -9999 -9999 -9999 -9999 -9999 -9999 -9999 -9999 -9999 -9999 -9999 -9999 -9999 -9999 -9999 -9999 -9999 -9999 0 0 0 0 0 0
0 0 0 151.5 166.142857142857 179.285714285714 179.857142857143 182.714285714286 175.285714285714 170.142857142857 0 0 0 0 0 0 0 0 0 0 0 0 0 0 0 0 0 0 0 0 0 0 -9999 -9999 0 0 -9999 0 0 -9999 -9999 -9999 -9999 -9999 -9999 -9999 -9999 -9999 -9999 -9999 -9999 -9999 -9999 -9999 -9999 -9999 -9999 -9999 -9999 -9999 -9999 0 0 0 0 0
0 0 0 151.285714285714 161.607142857143 172.428571428571 176.428571428571 181 178.142857142857 162.714285714286 0 0 0 0 0 0 0 0 0 0 0 0 0 0 0 0 0 0 0 -9999 0 -9999 -9999 -9999 0 -9999 -9999 -9999 -9999 -9999 -9999 -9999 -9999 -9999 -9999 -9999 -9999 -9999 -9999 -9999 -9999 -9999 -9999 -9999 -9999 -9999 -9999 -9999 -9999 -9999 -9999 -9999 -9999 -9999 -9999 -9999
0 0 0 0 157.392857142857 173.571428571429 177 173 175.857142857143 165.571428571429 0 0 0 0 0 0 0 0 0 0 0 0 0 0 0 0 0 -9999 -9999 -9999 -9999 -9999 -9999 -9999 -9999 -9999 -9999 -9999 -9999 -9999 -9999 -9999 -9999 -9999 -9999 -9999 -9999 -9999 -9999 -9999 -9999 -9999 -9999 -9999 -9999 -9999 -9999 -9999 -9999 -9999 -9999 -9999 -9999 -9999 -9999 -9999
