data/derived/r_mean_pre_snow.asc
NCOLS 191 
NROWS 93 
XLLCORNER 442474.332677425 
YLLCORNER 4080120.41147431 
CELLSIZE 500 
NODATA_value -9999 
[rows 46 to 68 of 93, columns 52 to 103 of 191]
616.548 740.573333333333 547.382666666667 484.376666666667 312.002 431.526666666667 364.58 461.079666666667 613.89 681.793333333333 774.493333333333 762.104 704.304666666667 697.458 659.790666666667 567.208666666667 412.525333333333 358.856666666667 423.473333333333 381.609333333333 371.731666666667 401.473333333333 454.902666666667 532.850666666667 633.546666666667 658.629333333333 595.879333333333 593.860666666667 589.664 549.085333333333 498.112666666667 458.173333333333 464.447333333333 418.94 511.549333333333 437.356 367.772666666667 287.800666666667 254.444 269.193333333333 313.003333333333 366.528 371.613333333333 380.286 305.198 220.784666666667 149.327333333333 119.225333333333 184.444666666667 232.884666666667 318.421333333333 351.366
729.166666666667 781.766 603.114666666667 394.709333333333 430.548 556.742666666667 500.090666666667 484.750333333333 717.590666666667 895.402666666667 790.822666666667 746.030666666667 720.037333333333 639.869333333333 543.282666666667 481.315333333333 469.232 400.110666666667 288.305333333333 288.168666666667 281.506333333333 391.48 491.555333333333 594.448666666667 665.666666666667 633.062666666667 557.129333333333 592.750666666667 510.865333333333 480.531333333333 479.743333333333 422.056666666667 410.607333333333 406.765333333333 502.804666666667 444.432 361.652666666667 288.393333333333 199.524666666667 225.224666666667 279.154 338.055333333333 332.842 339.786666666667 276.890666666667 192.444 157.151 99.784 149.853333333333 240.748666666667 274.768 292.435333333333
831.477333333333 723.128 548.788666666667 524.920666666667 566.702 578.696666666667 717.473333333333 576.334 684.276 923.750666666667 895.816666666667 755.044 673.639333333333 606.194666666667 614.333333333333 596.067333333333 571.940666666667 446.799333333333 381.303333333333 294.78 207.217333333333 355.727 501.756666666667 589.421333333333 656.480666666667 606.077333333333 514.488666666667 583.896 517.218 460.314666666667 408.666666666667 394.339333333333 344.358666666667 417.846666666667 482.010333333333 445.766666666667 385.677333333333 304.858666666667 230.457333333333 181.188666666667 246.461333333333 308.265333333333 316.127333333333 290.858666666667 232.702666666667 185.828 182.085333333333 104.085333333333 121.671333333333 191.423333333333 200.762666666667 235.88
841.158666666667 704.233333333333 705.041333333333 659.836 685.336 739.777333333333 775.212666666667 737.616666666667 784.787666666667 916.474 881.416 832.031333333333 707.558 699.704 702.689333333333 643.182666666667 583.76 517.578 400.176666666667 299.052 207.017333333333 369.469333333333 484.496 574.324 644.924666666667 579.862 485.787333333333 525.590666666667 475.866666666667 447.377333333333 383.825333333333 333.704666666667 387.504666666667 451.450666666667 480.478 418.915333333333 362.886666666667 310.020666666667 241.372 170.871333333333 211.917333333333 271.162666666667 296.758666666667 224.802 197.537333333333 166.004 156.794666666667 90.3486666666667 107.801333333333 151.772 142.938666666667 157.92
851.911666666667 811.586 810.514 789.29 840.792333333333 828.582666666667 813.259 821.945 903.963333333333 822.316166666667 781.928666666667 779.337 714.006666666667 683.198 637.028666666667 587.128 548.894666666667 484.160666666667 375.008666666667 292.665333333333 204.766 290.333333333333 438.139666666667 523.246666666667 582.298666666667 530.586666666667 480.750666666667 459.931333333333 397.807333333333 372.884 330.504666666667 282.809333333333 369.275333333333 429.078666666667 456.567333333333 431.544 377.15 257.978666666667 227.001333333333 172.800666666667 177.55 244.607333333333 266.862666666667 220.786 167.751333333333 134.953333333333 122.980666666667 85.3353333333333 54.7413333333333 101.494 80.2646666666667 128.000666666667
818.715333333333 847.243333333333 748.502666666667 758.752 839.339333333333 752.179333333333 756.278666666667 884.964666666667 951.831333333333 869.018 732.614333333333 700.396666666667 641.879333333333 581.463333333333 522.743333333333 480.278 452.379333333333 382.634333333333 318.136666666667 259.332666666667 173.158 220.386666666667 376.806833333333 511.523 496.446 444.985666666667 409.191666666667 368.396666666667 334.683666666667 273.980333333333 239.598666666667 223.452 305.565666666667 360.076 395.635 384.913166666667 342.973666666667 290.695 244.267666666667 166.638 159.991333333333 222.827 220.801666666667 170.255 127.830333333333 107.965 117.480333333333 79.1626666666667 44.7626666666667 55.1613333333333 75.0893333333333 92.195
790.981333333333 740.371333333333 698.912 751.150666666667 751.367333333333 689.649333333333 725.295333333333 870.106666666667 916.896666666667 879.670666666667 789.320333333333 608.182666666667 593.434666666667 493.845333333333 420.624 349.752 297.252666666667 308.716666666667 289.569333333333 181.204 125.226 223.448666666667 323.1 444.136666666667 442.866666666667 393.361333333333 316.78 283.147333333333 301.896 208.649333333333 154.274666666667 212.192666666667 249.650666666667 310.244666666667 353.962666666667 293.234 282.901333333333 220.11 182.946 137.296666666667 133.716 213.289333333333 207.176 156.166 104.960666666667 100.914666666667 120.984666666667 86.824 56.2106666666667 40.6523333333333 61.7513333333333 72.1433333333333
628.705333333333 646.724666666667 645.194666666667 715.388666666667 671.769333333333 615.265333333333 678.653333333333 795.576 869.171333333333 842.558 783.751666666667 612.196666666667 534.929333333333 439.310666666667 366.43 274.486 209.202 164.964666666667 183.025333333333 171.045333333333 139.263333333333 219.415333333333 328.156 446.503666666667 355.22 336.582666666667 281.634 244.701333333333 271.337333333333 201.413333333333 122.170666666667 187.221333333333 222.673333333333 304.2 292.631333333333 241.500666666667 227.557333333333 183.236 127.765333333333 91.684 136.644666666667 201.971333333333 196.673333333333 143.814 101.696 97.7593333333333 105.764666666667 89.9106666666667 63.4773333333333 34.9983333333333 40.9633333333333 77.5053333333333
567.211333333333 614.325333333333 546.502666666667 603.479333333333 597.32 511.68 634.920666666667 717.296 764.545333333333 802.845333333333 803.516 686.803 555.408666666667 481.804666666667 419.422666666667 324.573333333333 250.722 176.682 118.154666666667 102.431333333333 145.487333333333 228.959333333333 327.802 410.872666666667 423.976 283.302 230.658666666667 257.718 246.132666666667 174.983333333333 109.963333333333 159.998 218.333333333333 257.226 256.866 196.885333333333 148.068 156.239666666667 95.454 101.951333333333 156.55 217.575333333333 200.063333333333 145.478 93.3773333333333 70.616 102.905333333333 99.8213333333333 73.4926666666667 36.6486666666667 35.8086666666667 71.9226666666667
563.104 551.256666666667 552.470666666667 481.582666666667 472.576 453.512666666667 549.046 662.758666666667 694.656666666667 741.395333333333 775.032 688.763333333333 595.691333333333 511.566666666667 431.516 380.175333333333 309.712666666667 221.518 145.087333333333 92.4533333333333 152.820666666667 228.693333333333 325.595333333333 404.053333333333 417.222333333333 298.007333333333 219.573333333333 243.813333333333 205.558666666667 157.245333333333 102.937333333333 141.712 210.991333333333 274.628 229.4 184.927333333333 117.402666666667 116.118666666667 73.24 104.867333333333 181.446 189.677333333333 167.100666666667 152.524 124.324 63.432 79.1466666666667 98.1166666666667 66.2886666666667 40.728 24.9506666666667 60.5906666666667
612.826 457.744 543.226666666667 428.229333333333 374.046666666667 430.054666666667 464.697333333333 549.586 648.701333333333 699.588666666667 688.776666666667 639.606666666667 579.152666666667 455.178666666667 424.205333333333 321.508 230.300666666667 152.569333333333 96.8226666666667 93.3133333333333 187.287333333333 255.011333333333 336.678666666667 431.432666666667 415.112 307.770666666667 218.394 226.372666666667 182.621333333333 143.184666666667 99.412 118.808666666667 187.748 242.337333333333 203.684666666667 153.974 122.314666666667 87.62 61.2053333333333 129.583333333333 199.746666666667 173.728 139.972666666667 125.623333333333 101.298 65.5253333333333 62.6726666666667 73.6873333333333 57.4006666666667 28.6986666666667 18.1033333333333 38.7666666666667
507.855333333333 482.403333333333 486.87 388.236 275.181333333333 368.969333333333 447.991333333333 514.748 606.023333333333 655.656 661.342666666667 570.662 491.824333333333 386.592666666667 339.024 258.805333333333 187.342 130.358666666667 69.9173333333333 110.981333333333 158.918 238.28 336.516 433.254666666667 391.017333333333 268.884666666667 194.04 157.414666666667 167.958666666667 135.428666666667 91.9673333333333 128.142 210.92 215.574 170.736 130.494666666667 99.342 67.144 67.764 150.284666666667 160.476666666667 141.599333333333 119.475333333333 102.337333333333 74.4293333333333 51.2686666666667 40.3833333333333 53.3986666666667 43.392 24.0926666666667 8.90066666666667 22.806
486.856666666667 336.999333333333 281.486 285.037333333333 262.867333333333 323.475333333333 431.891333333333 480.51 553.827333333333 626.483333333333 623.198666666667 517.728666666667 435.721333333333 340.328 286.776 213.630666666667 144.796 103.835333333333 65.85 127.77 173.247333333333 254.300666666667 401.314 415.989333333333 362.298 240.342333333333 163.097333333333 163.683333333333 165.858 112.563333333333 80.9333333333333 142.565333333333 197.248 191.896666666667 152.634666666667 114.167333333333 86.8206666666667 53.3286666666667 80.7713333333333 140.443333333333 133.514666666667 112.352 101.415333333333 86.0946666666667 64.7726666666667 37.9833333333333 18.836 30.2893333333333 39.24 17.932 8.86133333333333 16.643
433.183 347.166666666667 238.235333333333 203.272666666667 204.158 308.660666666667 401.043333333333 465.261333333333 535.226 594.456666666667 573.240666666667 460.475333333333 364.331333333333 308.926666666667 227.219333333333 165.309333333333 111.732 84.3433333333333 76.6506666666667 139.486 227.396666666667 334.740666666667 487.067333333333 401.58 345.102 270.705333333333 176.106333333333 127.222 157.065333333333 113.724666666667 78.3926666666667 139.929333333333 215.209333333333 178.359333333333 133.758666666667 103.398666666667 70.7513333333333 39.684 84.012 114.131 106.612666666667 97.674 80.774 78.0633333333333 63.8886666666667 31.3466666666667 12.1513333333333 20.2926666666667 35.05 17.402 8.67466666666667 4.61666666666667
328.733333333333 266.979333333333 201.383333333333 148.872 243.708666666667 307.12 396.89 482.949333333333 554.248666666667 599.133333333333 512.002 408.878 282.968 193.508333333333 157.852 124.462 91.9666666666667 63.9833333333333 83.2213333333333 158.295333333333 313.433333333333 415.279333333333 476.995333333333 409.866666666667 330.624 267.360666666667 180.569333333333 104.1 101.057333333333 81.9146666666667 121.206 204.736666666667 204.713333333333 157.903333333333 120.892 85.9546666666667 65.7046666666667 33.3053333333333 74.0886666666667 101.574333333333 80.252 76.298 66.9466666666667 60.1873333333333 51.0093333333333 32.5386666666667 11.338 10.1233333333333 23.02 15.8193333333333 10.1766666666667 3.95866666666667
245.421333333333 201.373666666667 142.718666666667 190.216 286.94 356.149333333333 413.401333333333 503.578666666667 555.952 569.246666666667 510.954666666667 412.28 297.906 157.383333333333 101.753 83.2586666666667 67.8533333333333 55.7346666666667 96.352 158.359333333333 315.874 499.223333333333 466.298666666667 403.773333333333 334.597333333333 254.258 197.902666666667 118.770666666667 82.824 85.3 179.162666666667 272.436666666667 204.7 149.165333333333 105.807333333333 76.098 56.3366666666667 31.8873333333333 68.1846666666667 98.3813333333333 73.1853333333333 56.2833333333333 50.6433333333333 39.9713333333333 29.8253333333333 18.8913333333333 10.4646666666667 6.65133333333333 11.8433333333333 9.42133333333333 6.42866666666667 4.11733333333333
149.593 136.46 149.462333333333 198.472333333333 285.129333333333 373.884 448.123 512.786 554.34 502.671333333333 421.219333333333 384.469333333333 273.839333333333 177.968 94.4023333333333 63.1226666666667 46.8433333333333 88.4706666666667 119.553333333333 179.316 393.846666666667 471.781333333333 443.264 390.232666666667 314.493333333333 251.836666666667 184.702666666667 106.521 67.8013333333333 114.691333333333 186.620666666667 216.472 195.659333333333 143.792666666667 93.06 70.5933333333333 44.0686666666667 26.6646666666667 74.446 91.1613333333333 57.8273333333333 35.4433333333333 27.9646666666667 20.934 18.0746666666667 12.6526666666667 7.004 4.73333333333333 6.76866666666667 6.51 4.78733333333333 4.01533333333333
109.244666666667 109.847333333333 153.597666666667 278.628 358.094 421.104 492.743333333333 546.539 491.042666666667 394.220666666667 266.093333333333 219.698333333333 190.526 163.902 118.533111111111 56.8824444444444 54.0623333333333 96.2366666666667 174.556666666667 248.680666666667 351.574 411.038333333333 384.657666666667 348.32 287.1 225.674666666667 175.484 108.442888888889 52.7 97.8386666666667 124.965 145.905 143.378333333333 112.262333333333 83.6386666666667 55.6293333333333 30.4006666666667 30.4663333333333 63.5543333333333 64.7186666666667 44.0496666666667 22.5186666666667 13.904 10.3473333333333 8.36933333333333 6.80666666666667 5.37666666666667 3.99333333333333 -9999 -9999 3.98933333333333 3.09333333333333
116.944 67.2546666666667 158.612 289.072666666667 388.879333333333 451.674 532.548 542.711333333333 444.321333333333 292.449333333333 184.642666666667 116.770666666667 112.278 117.445333333333 105.137333333333 55.2316666666667 72.84 103.167333333333 140.709333333333 267.503333333333 349.939333333333 347.652 305.127333333333 273.67 251.000666666667 201.63 158.982666666667 122.163333333333 55.571 44.866 78.0673333333333 93.4026666666667 116.508666666667 85.1166666666667 62.5446666666667 40.2433333333333 21.4266666666667 25.258 52.902 35.616 31.7273333333333 16.4658333333333 9.704 6.56666666666667 -9999 4.774 -9999 -9999 -9999 -9999 3.25533333333333 -9999
83.7666666666667 82.132 147.802 277.343666666667 396.174 509.433333333333 539.271333333333 502.446666666667 456.689333333333 361.990666666667 210.336 131.531333333333 85.594 75.7333333333333 76.8506666666667 57.5726666666667 53.6483333333333 111.000666666667 213.65 314.14 297.21 277.520666666667 281.194666666667 249.954666666667 191.733333333333 187.222 151.744666666667 117.812 78.9913333333333 43.249 52.1286666666667 75.6486666666667 96.758 69.31 48.8173333333333 -9999 -9999 22.7113333333333 25.5946666666667 29.9586666666667 19.912 14.9246666666667 9.226 -9999 -9999 -9999 -9999 -9999 -9999 -9999 -9999 -9999
55.8866666666667 88.4866666666667 150.242 292.575666666667 424.679333333333 479.865333333333 466.904666666667 456.621333333333 390.557333333333 306.142 210.436 156.932 101.748666666667 68.238 45.362 38.5686666666667 75.1416666666667 150.486666666667 222.512 291.987333333333 256.594666666667 229.350666666667 216.776666666667 210.474666666667 187.734666666667 162.909333333333 142.432666666667 111.176666666667 80.0006666666667 44.5926666666667 43.848 73.6166666666667 75.6153333333333 57.0713333333333 39.8166666666667 -9999 -9999 -9999 19.3613333333333 20.136 13.7226666666667 11.716 -9999 -9999 -9999 -9999 -9999 -9999 -9999 -9999 -9999 -9999
80.3326666666667 138.638666666667 196.902666666667 333.61 418.671333333333 409.270666666667 400.664666666667 388.88 323.467333333333 290.957333333333 239.883333333333 165.599333333333 108.422666666667 78.872 46.0073333333333 43.1826666666667 88.2193333333333 183.185333333333 249.772 259.414666666667 222.565333333333 194.462 153.628 177.886666666667 162.721333333333 143.058 117.512 95.8426666666667 77.722 42.7546666666667 38.4433333333333 69.314 61.5066666666667 45.476 31.1766666666667 -9999 -9999 -9999 -9999 13.6593333333333 -9999 -9999 -9999 -9999 -9999 -9999 -9999 -9999 -9999 -9999 -9999 -9999
83.8326666666667 134.984666666667 212.732 265.636 354.843333333333 343.876666666667 319.972 305.035333333333 294.33 237.609333333333 176.969333333333 134.925333333333 98.5713333333333 66.484 45.366 35.7633333333333 56.556 139.164333333333 243.689333333333 217.978 182.549333333333 161.106666666667 136.246 135.470666666667 134.722666666667 126.310666666667 106.863333333333 79.2026666666667 70.596 46.5053333333333 29.279 50.3493333333333 59.8026666666667 46.09 26.4726666666667 -9999 -9999 -9999 -9999 -9999 -9999 -9999 -9999 -9999 -9999 -9999 -9999 -9999 -9999 -9999 -9999 -9999
