data/derived/r_mean_scod.asc
NCOLS 186 
NROWS 74 
XLLCORNER 443300.206538099 
YLLCORNER 4085841.77455235 
CELLSIZE 500 
NODATA_value -9999 
[rows 22 to 43 of 74, columns 0 to 48 of 186]
-9999 -9999 -9999 -9999 -9999 -9999 -9999 -9999 -9999 -9999 -9999 -9999 -9999 -9999 -9999 -9999 -9999 -9999 -9999 -9999 -9999 -9999 -9999 -9999 -9999 -9999 -9999 -9999 -9999 -9999 -9999 -9999 -9999 -9999 -9999 -9999 -9999 -9999 -9999 -9999 -9999 -9999 -9999 -9999 -9999 -9999 -9999 -9999 -9999
-9999 -9999 -9999 -9999 -9999 -9999 -9999 -9999 -9999 -9999 -9999 -9999 -9999 -9999 -9999 -9999 -9999 -9999 -9999 -9999 -9999 -9999 -9999 -9999 -9999 -9999 -9999 70.6428571428571 81.8571428571429 76.7857142857143 -9999 59.7857142857143 -9999 -9999 -9999 -9999 -9999 -9999 -9999 -9999 -9999 -9999 -9999 -9999 -9999 -9999 -9999 -9999 -9999
-9999 -9999 -9999 -9999 -9999 -9999 -9999 -9999 -9999 -9999 -9999 -9999 -9999 -9999 -9999 -9999 -9999 -9999 -9999 -9999 -9999 -9999 -9999 -9999 -9999 -9999 92.7142857142857 80 79.4285714285714 66.6428571428571 75.8214285714286 61.3571428571429 62.0714285714286 -9999 -9999 -9999 -9999 60.9285714285714 73.1428571428571 -9999 -9999 -9999 -9999 -9999 -9999 -9999 -9999 -9999 -9999
-9999 -9999 -9999 -9999 -9999 -9999 -9999 -9999 -9999 -9999 -9999 -9999 -9999 -9999 -9999 -9999 27.3571428571429 -9999 -9999 -9999 -9999 -9999 -9999 -9999 -9999 -9999 86.6428571428571 70.6428571428571 66.0714285714286 65.5 78.6428571428571 80.3571428571429 74.2857142857143 72.5 76.2857142857143 74.2142857142857 68.1428571428571 63.7857142857143 59.0714285714286 70.2857142857143 -9999 -9999 -9999 -9999 89.7857142857143 84.4285714285714 96.2142857142857 -9999 -9999
-9999 -9999 -9999 -9999 -9999 -9999 -9999 -9999 -9999 -9999 -9999 -9999 -9999 -9999 16.7142857142857 -9999 27.9285714285714 -9999 -9999 -9999 -9999 52.0714285714286 59.2857142857143 57 79.4285714285714 70.7142857142857 104.714285714286 79.5714285714286 81.2857142857143 67.7857142857143 72.1428571428571 69.4642857142857 87.6428571428571 76.5714285714286 73.1428571428571 64.7857142857143 60.7857142857143 57.3571428571429 57.3571428571429 59.6428571428571 -9999 -9999 -9999 -9999 -9999 73.4285714285714 92.7857142857143 91.0714285714286 100.785714285714
-9999 -9999 -9999 -9999 -9999 -9999 -9999 -9999 -9999 -9999 -9999 -9999 8.92857142857143 -9999 16.7142857142857 -9999 27.9285714285714 -9999 -9999 -9999 44.2857142857143 59.2857142857143 52.0714285714286 48.6428571428571 86.2142857142857 74.0714285714286 72.7142857142857 85.0714285714286 76.1428571428571 72.1428571428571 74.7857142857143 77.8571428571429 87.5714285714286 70.2857142857143 60.2142857142857 56.7857142857143 57.3571428571429 55.6428571428571 56.2142857142857 61.1428571428571 61.9285714285714 62.5 -9999 -9999 -9999 79.3571428571429 82 82.5714285714286 95.8571428571429
-9999 -9999 -9999 -9999 -9999 -9999 -9999 -9999 -9999 -9999 -9999 8.92857142857143 27.3571428571429 38.5714285714286 16.7142857142857 27.9285714285714 38.5714285714286 -9999 -9999 60.9285714285714 54.5 68.2857142857143 71.7142857142857 63.6428571428571 70.5 84 79.7142857142857 84.8571428571429 80.5 74.7857142857143 74.7857142857143 89.3571428571429 87.7857142857143 63.0714285714286 56.2142857142857 56.2142857142857 55.6428571428571 53.3571428571429 52.7857142857143 51.0714285714286 51.6428571428571 54.5 54.5 55.0714285714286 -9999 89.2857142857143 86.2857142857143 71.7857142857143 76.3571428571429
-9999 -9999 -9999 -9999 -9999 -9999 -9999 -9999 -9999 0 -9999 8.92857142857143 27.3571428571429 39.1428571428571 27.9285714285714 43.5 43.5 44.2857142857143 -9999 60.5 68.7857142857143 63.6428571428571 55.7857142857143 52.9285714285714 55.2142857142857 69 95.2857142857143 86.9285714285714 85.4285714285714 81.4285714285714 74.2142857142857 76.7142857142857 76.5357142857143 68 67.4285714285714 60.7857142857143 59.0714285714286 57.3571428571429 54.5 49.9285714285714 46.6428571428571 43.2142857142857 45.5 53.3571428571429 -9999 72.6785714285714 86.2857142857143 66.2857142857143 59.6428571428571
-9999 -9999 -9999 -9999 -9999 -9999 -9999 -9999 -9999 0 8.92857142857143 16.7142857142857 41.4285714285714 50.9285714285714 68.7857142857143 49.7857142857143 53.2857142857143 46.7142857142857 -9999 84.7857142857143 73.3571428571429 60.2142857142857 52.9285714285714 51.7857142857143 49.5 51.2142857142857 57.3571428571429 72.6428571428571 82.8571428571429 75.5714285714286 74.7857142857143 78.6428571428571 79.9285714285714 69.1428571428571 67.4285714285714 64.5714285714286 70.2857142857143 57.9285714285714 51.0714285714286 49.3571428571429 49.3571428571429 44.9285714285714 44.9285714285714 44.9285714285714 47.2142857142857 55.2142857142857 62.8571428571429 61.7142857142857 57.9285714285714
-9999 -9999 -9999 -9999 -9999 -9999 -9999 -9999 -9999 39.7142857142857 34.1428571428571 27.3571428571429 52.6428571428571 68.7857142857143 63.7857142857143 58.7142857142857 67 49.5 53.3571428571429 -9999 82.5714285714286 60.2142857142857 54.6428571428571 53.5 53.9285714285714 52.2142857142857 59.6428571428571 76 79.2142857142857 91.7142857142857 96.6428571428571 88.2857142857143 89.5 94.25 76.7857142857143 69.5714285714286 64.5714285714286 64.5714285714286 53.9285714285714 51.0714285714286 52.7857142857143 50.5 49.3571428571429 43.7857142857143 38.0714285714286 38.0714285714286 49.1428571428571 59.0714285714286 56.7857142857143
-9999 -9999 -9999 -9999 -9999 -9999 -9999 -9999 -9999 -9999 -9999 54.7142857142857 53.2142857142857 50.5714285714286 64.7142857142857 56.2142857142857 37.9285714285714 42.7142857142857 42.7142857142857 -9999 81.3928571428571 68 61.3571428571429 57.9285714285714 55.0714285714286 61.3571428571429 68.7857142857143 79.2857142857143 79.7857142857143 90.5714285714286 91.7142857142857 97.2142857142857 93.4285714285714 94.6071428571429 75.7857142857143 66.2857142857143 64.5714285714286 64 67.7857142857143 62.5 57.9285714285714 52.7857142857143 49.3571428571429 46.0714285714286 40.9285714285714 44.9285714285714 46.8571428571429 48.7857142857143 47.6428571428571
-9999 -9999 -9999 -9999 -9999 -9999 -9999 -9999 -9999 -9999 -9999 47.5 52.0714285714286 60.4285714285714 58.3571428571429 55.8214285714286 45.8214285714286 61.2142857142857 66.2142857142857 -9999 66.8571428571429 79.5357142857143 73.1428571428571 70.8571428571429 67.4285714285714 65.7142857142857 72 79.7857142857143 79.7857142857143 81.8571428571429 79.5714285714286 80.1428571428571 72.5714285714286 76 83.5714285714286 71.7857142857143 71.4285714285714 65.1428571428571 74.0714285714286 71.2142857142857 70.0714285714286 54.5 49.3571428571429 46.0714285714286 42.0714285714286 42.0714285714286 40.6428571428571 39.2142857142857 42.0714285714286
-9999 -9999 -9999 -9999 -9999 -9999 -9999 -9999 -9999 -9999 -9999 -9999 -9999 -9999 60.5714285714286 49 68.5714285714286 80.3571428571429 66.8571428571429 -9999 -9999 82.4464285714286 82.2142857142857 83.5 79.1428571428571 73.6428571428571 77.5357142857143 77.0357142857143 74.75 67.25 63.3571428571429 62.7857142857143 57.3571428571429 57.3571428571429 71.7142857142857 71.7857142857143 68 70.2857142857143 65.1428571428571 71.7857142857143 62.2857142857143 58.8571428571429 53.9285714285714 49.5 48.2142857142857 42.0714285714286 41.5 38.3571428571429 39.2142857142857
-9999 -9999 -9999 -9999 -9999 -9999 -9999 -9999 -9999 -9999 -9999 -9999 -9999 -9999 68 75.7857142857143 77.2857142857143 77.8571428571429 80.9285714285714 -9999 -9999 -9999 93.5 88.5714285714286 78.0714285714286 81.1428571428571 85.7142857142857 75.7857142857143 74.2857142857143 67.0714285714286 64.2142857142857 62.5 59.9285714285714 54.2857142857143 60.5238095238095 60.5714285714286 61.1428571428571 56.1071428571429 55.25 51.6428571428571 50.8571428571429 50.5714285714286 50.5714285714286 44.9285714285714 43.5 40.9285714285714 40.9285714285714 38.4523809523809 39.2142857142857
-9999 -9999 -9999 -9999 -9999 -9999 -9999 -9999 -9999 -9999 -9999 -9999 -9999 -9999 68.5714285714286 78.4285714285714 77.2857142857143 77.2857142857143 77.8571428571429 76.3571428571429 -9999 93.2857142857143 83.6785714285714 79.5714285714286 77.8571428571429 65.1428571428571 69.1428571428571 66.5 64.7857142857143 69.3571428571429 65.7142857142857 64 57.3571428571429 51.0714285714286 51.0714285714286 52.7857142857143 52.2142857142857 50.5 47.2142857142857 41.5 44.3571428571429 44.3571428571429 44.3571428571429 42.0714285714286 41.5 35.7857142857143 34.6428571428571 37.5 36.3571428571429
-9999 -9999 -9999 -9999 -9999 -9999 -9999 -9999 -9999 -9999 -9999 -9999 -9999 -9999 -9999 76.3571428571429 76.3571428571429 68.5714285714286 63.2142857142857 88.7142857142857 94.2142857142857 80 80.7142857142857 84.25 87 72.2142857142857 65.9285714285714 64.2142857142857 56.9285714285714 59.7857142857143 61.3571428571429 61.9285714285714 55.6428571428571 51.0714285714286 51.0714285714286 49.3571428571429 47.7142857142857 44.9285714285714 41.5 41.5 39.2142857142857 38.6428571428571 43.7857142857143 43.7857142857143 41.5 39.7857142857143 34.0714285714286 36.9285714285714 36.9285714285714
-9999 -9999 -9999 -9999 -9999 -9999 -9999 -9999 -9999 -9999 -9999 -9999 -9999 -9999 -9999 71.7857142857143 81.2857142857143 72.9285714285714 66.0714285714286 79.4285714285714 61.5714285714286 93.8571428571429 104.5 88.9285714285714 91.2142857142857 90.2142857142857 77.5 81.5 64 61.1428571428571 55.0714285714286 52.7857142857143 56.7857142857143 58.2857142857143 57.7142857142857 51.0714285714286 49.7142857142857 48.2142857142857 41.5 41.5 38.6428571428571 41.5 41.5 38.0714285714286 38.0714285714286 37.5 35.7857142857143 34.6428571428571 34.6428571428571
-9999 -9999 -9999 -9999 -9999 -9999 -9999 -9999 -9999 -9999 -9999 -9999 -9999 -9999 -9999 52.6428571428571 80.9285714285714 86.2857142857143 88.5714285714286 96.8571428571429 53.6428571428571 83.9285714285714 101.214285714286 91.9642857142857 82.2857142857143 83 74.2857142857143 70.2857142857143 69.7142857142857 66.2857142857143 60.2142857142857 61.7142857142857 63.2857142857143 60 59.4285714285714 54.8571428571429 54.9642857142857 51.0714285714286 47.6428571428571 46.5 41.5 40.3571428571429 40.3571428571429 39.2142857142857 36.9285714285714 35.2142857142857 33.5 30.0714285714286 25.5
-9999 -9999 27.9285714285714 -9999 -9999 -9999 -9999 -9999 -9999 -9999 -9999 -9999 -9999 -9999 -9999 56.0714285714286 65 90.9285714285714 84.7142857142857 72 61.8571428571429 85.2142857142857 78 74.5714285714286 75.8214285714286 73.6428571428571 74.0714285714286 66.8571428571429 66.8571428571429 66.8571428571429 69.5 64 62.7142857142857 52.7857142857143 51.6428571428571 50.5 49.9285714285714 49.9285714285714 44.7857142857143 45.9285714285714 46.5 43.2142857142857 39.7857142857143 36.9285714285714 34.6428571428571 34.6428571428571 31.2142857142857 26.6428571428571 26.0714285714286
-9999 -9999 -9999 -9999 -9999 44.7857142857143 39.1428571428571 -9999 -9999 -9999 -9999 -9999 60.7857142857143 50.5 67.4285714285714 63.8571428571429 81.1428571428571 94.9285714285714 83.3571428571429 69.7142857142857 58.6428571428571 64.7857142857143 67.0714285714286 65.9285714285714 68.0714285714286 79.7142857142857 70.2142857142857 66.8571428571429 69.7142857142857 71.4285714285714 68 62.8571428571429 52.2142857142857 49.3571428571429 50.5 48.7857142857143 47.2142857142857 46.0714285714286 41.5 41.5 42.6428571428571 43.2142857142857 39.7857142857143 38.6428571428571 35.2142857142857 34.6428571428571 26.6428571428571 23.7857142857143 26.0714285714286
-9999 -9999 -9999 51.0714285714286 -9999 -9999 -9999 45.4285714285714 -9999 -9999 -9999 55.5 76.4642857142857 73.2857142857143 59.7142857142857 79.3571428571429 86.7142857142857 98.3571428571429 104.214285714286 90.2142857142857 82.4285714285714 68 63.6428571428571 57.5 55.2142857142857 59.9642857142857 85.8571428571429 78.0714285714286 76.7142857142857 70.2857142857143 61.1428571428571 59.4285714285714 50.5 50.5 47.0714285714286 42.6428571428571 43.7857142857143 45.5 42.9285714285714 41.5 39.2142857142857 39.7857142857143 39.7857142857143 39.2142857142857 38.6428571428571 38.6428571428571 27.7857142857143 22.6428571428571 27.7857142857143
-9999 39.1428571428571 44.7857142857143 58.2857142857143 60.0714285714286 52.6428571428571 84.3571428571429 96.7142857142857 75.2142857142857 74.7142857142857 73.7142857142857 70.2857142857143 68.1785714285714 65.6428571428571 80.0714285714286 70.0714285714286 85.5 86.6428571428571 105.071428571429 100.071428571429 72.1428571428571 69.5 68.7857142857143 71.0714285714286 69.9285714285714 59.9642857142857 82.6428571428571 83.7857142857143 72.3571428571429 66.2857142857143 58.5 52.2142857142857 51.0714285714286 52.2142857142857 46.6428571428571 44.3571428571429 45.5 38.6428571428571 39.2142857142857 41.5 38.0714285714286 38.0714285714286 37.5 36.9285714285714 34.6428571428571 32.9285714285714 31.2142857142857 25.5 26.0714285714286
