data/derived/r_mean_scmc.asc
NCOLS 186 
NROWS 74 
XLLCORNER 443300.206538099 
YLLCORNER 4085841.77455235 
CELLSIZE 500 
NODATA_value -9999 
[rows 22 to 43 of 74, columns 0 to 48 of 186]
-9999 -9999 -9999 -9999 -9999 -9999 -9999 -9999 -9999 -9999 -9999 -9999 -9999 -9999 -9999 -9999 -9999 -9999 -9999 -9999 -9999 -9999 -9999 -9999 -9999 -9999 -9999 -9999 -9999 -9999 -9999 -9999 -9999 -9999 -9999 -9999 -9999 -9999 -9999 -9999 -9999 -9999 -9999 -9999 -9999 -9999 -9999 -9999 -9999
-9999 -9999 -9999 -9999 -9999 -9999 -9999 -9999 -9999 -9999 -9999 -9999 -9999 -9999 -9999 -9999 -9999 -9999 -9999 -9999 -9999 -9999 -9999 -9999 -9999 -9999 -9999 0.714285714285714 0.857142857142857 1.60714285714286 -9999 3.35714285714286 -9999 -9999 -9999 -9999 -9999 -9999 -9999 -9999 -9999 -9999 -9999 -9999 -9999 -9999 -9999 -9999 -9999
-9999 -9999 -9999 -9999 -9999 -9999 -9999 -9999 -9999 -9999 -9999 -9999 -9999 -9999 -9999 -9999 -9999 -9999 -9999 -9999 -9999 -9999 -9999 -9999 -9999 -9999 1 1.21428571428571 1.28571428571429 1.71428571428571 2.67857142857143 2.78571428571429 3.28571428571429 -9999 -9999 -9999 -9999 2.78571428571429 2.28571428571429 -9999 -9999 -9999 -9999 -9999 -9999 -9999 -9999 -9999 -9999
-9999 -9999 -9999 -9999 -9999 -9999 -9999 -9999 -9999 -9999 -9999 -9999 -9999 -9999 -9999 -9999 0.285714285714286 -9999 -9999 -9999 -9999 -9999 -9999 -9999 -9999 -9999 1.28571428571429 1.57142857142857 1.64285714285714 1.64285714285714 1.96428571428571 2.5 2.64285714285714 2.57142857142857 2.78571428571429 2.71428571428571 2.57142857142857 2.92857142857143 3 3.14285714285714 -9999 -9999 -9999 -9999 1.28571428571429 0.928571428571429 1 -9999 -9999
-9999 -9999 -9999 -9999 -9999 -9999 -9999 -9999 -9999 -9999 -9999 -9999 -9999 -9999 0.214285714285714 -9999 0.214285714285714 -9999 -9999 -9999 -9999 0.571428571428571 0.571428571428571 0.5 0.5 0.642857142857143 1.42857142857143 1.78571428571429 1.85714285714286 1.64285714285714 1.71428571428571 1.64285714285714 2.28571428571429 2.71428571428571 3.07142857142857 2.85714285714286 2.85714285714286 2.92857142857143 3.14285714285714 3 -9999 -9999 -9999 -9999 -9999 1.28571428571429 1.14285714285714 0.928571428571429 1
-9999 -9999 -9999 -9999 -9999 -9999 -9999 -9999 -9999 -9999 -9999 -9999 0.0714285714285714 -9999 0.142857142857143 -9999 0.214285714285714 -9999 -9999 -9999 0.5 0.5 0.5 0.5 0.571428571428571 0.785714285714286 1.64285714285714 1.71428571428571 1.5 1.5 1.42857142857143 1.39285714285714 2 3.28571428571429 3.21428571428571 3.07142857142857 2.78571428571429 3 3.21428571428571 3.21428571428571 3.57142857142857 3.28571428571429 -9999 -9999 -9999 2.35714285714286 2.35714285714286 2.28571428571429 1.78571428571429
-9999 -9999 -9999 -9999 -9999 -9999 -9999 -9999 -9999 -9999 -9999 0.0714285714285714 0.214285714285714 0.285714285714286 0.142857142857143 0.214285714285714 0.357142857142857 -9999 -9999 0.642857142857143 1 1 0.928571428571429 0.571428571428571 0.5 0.928571428571429 1.07142857142857 1.07142857142857 1.14285714285714 1.21428571428571 1.28571428571429 1.60714285714286 2.64285714285714 3.71428571428571 3.07142857142857 3.21428571428571 3.42857142857143 3.35714285714286 3.28571428571429 3.14285714285714 2.64285714285714 2.64285714285714 2.35714285714286 3 -9999 2.35714285714286 2.35714285714286 2.64285714285714 2.42857142857143
-9999 -9999 -9999 -9999 -9999 -9999 -9999 -9999 -9999 0 -9999 0.0714285714285714 0.214285714285714 0.285714285714286 0.214285714285714 0.357142857142857 0.357142857142857 0.5 -9999 1.07142857142857 2.21428571428571 2.57142857142857 2.42857142857143 2.21428571428571 3 2.78571428571429 1.64285714285714 1.28571428571429 1.14285714285714 1.14285714285714 1.28571428571429 1.78571428571429 2.60714285714286 3.28571428571429 3.35714285714286 3.07142857142857 3.28571428571429 3.35714285714286 3.28571428571429 3.14285714285714 2.71428571428571 2.21428571428571 2.14285714285714 2.21428571428571 -9999 3.17857142857143 2.64285714285714 3.14285714285714 3.07142857142857
-9999 -9999 -9999 -9999 -9999 -9999 -9999 -9999 -9999 0 0.0714285714285714 0.142857142857143 0.285714285714286 0.357142857142857 0.5 0.571428571428571 0.714285714285714 0.714285714285714 -9999 1.5 2.28571428571429 2.64285714285714 2.42857142857143 2.28571428571429 2.42857142857143 2.35714285714286 3 2.64285714285714 2 1.78571428571429 1.5 1.57142857142857 2.57142857142857 3.57142857142857 3.21428571428571 3.5 3.71428571428571 3.85714285714286 3.57142857142857 3.57142857142857 2.92857142857143 2.64285714285714 2.42857142857143 2.5 2.28571428571429 3 3.57142857142857 3.42857142857143 3.14285714285714
-9999 -9999 -9999 -9999 -9999 -9999 -9999 -9999 -9999 0.285714285714286 0.285714285714286 0.214285714285714 0.357142857142857 0.5 0.857142857142857 0.785714285714286 0.785714285714286 0.714285714285714 0.642857142857143 -9999 2.03571428571429 2.57142857142857 2.28571428571429 2.64285714285714 2.57142857142857 3 3.21428571428571 2.85714285714286 2.5 2.14285714285714 1.92857142857143 1.85714285714286 1.78571428571429 2.42857142857143 2.85714285714286 3.42857142857143 3.64285714285714 3.5 3.5 3.21428571428571 3.14285714285714 2.78571428571429 2.5 2.21428571428571 2.35714285714286 2.57142857142857 3.10714285714286 3.35714285714286 2.92857142857143
-9999 -9999 -9999 -9999 -9999 -9999 -9999 -9999 -9999 -9999 -9999 0.428571428571429 0.5 0.571428571428571 0.785714285714286 0.714285714285714 0.857142857142857 0.714285714285714 0.642857142857143 -9999 1.64285714285714 3.64285714285714 3.14285714285714 3.42857142857143 3.28571428571429 3 2.92857142857143 2.57142857142857 2.5 2.28571428571429 2.07142857142857 1.92857142857143 1.92857142857143 2.17857142857143 2.71428571428571 3.28571428571429 3.78571428571429 3.42857142857143 3.57142857142857 3.14285714285714 3 3.28571428571429 2.64285714285714 2.21428571428571 2.14285714285714 2.14285714285714 3 3.42857142857143 2.85714285714286
-9999 -9999 -9999 -9999 -9999 -9999 -9999 -9999 -9999 -9999 -9999 0.357142857142857 0.5 0.571428571428571 0.678571428571429 0.607142857142857 0.678571428571429 0.857142857142857 1 -9999 1 2.14285714285714 2.78571428571429 3 2.92857142857143 3.14285714285714 2.71428571428571 2.57142857142857 2.64285714285714 2.71428571428571 2.5 2.5 2.85714285714286 2.85714285714286 2.64285714285714 3.14285714285714 3.28571428571429 3.64285714285714 3.35714285714286 3.07142857142857 3.07142857142857 3.21428571428571 3.28571428571429 3 2.35714285714286 2.14285714285714 2.25 2.85714285714286 2.78571428571429
-9999 -9999 -9999 -9999 -9999 -9999 -9999 -9999 -9999 -9999 -9999 -9999 -9999 -9999 0.714285714285714 0.785714285714286 1.07142857142857 1.14285714285714 0.928571428571429 -9999 -9999 1.71428571428571 2.17857142857143 2.39285714285714 2.5 2.75 2.75 2.64285714285714 2.96428571428571 3.10714285714286 3.14285714285714 3.03571428571429 3.14285714285714 3.07142857142857 3.10714285714286 3 3.28571428571429 3.57142857142857 3.78571428571429 3.07142857142857 3.28571428571429 3.28571428571429 3.42857142857143 3.07142857142857 3 2.64285714285714 2.28571428571429 2.60714285714286 2.64285714285714
-9999 -9999 -9999 -9999 -9999 -9999 -9999 -9999 -9999 -9999 -9999 -9999 -9999 -9999 0.714285714285714 0.785714285714286 0.857142857142857 0.857142857142857 1.07142857142857 -9999 -9999 -9999 1.57142857142857 1.85714285714286 2.28571428571429 2.14285714285714 2.21428571428571 2.5 2.64285714285714 3.21428571428571 3.28571428571429 3.28571428571429 3.25 3.03571428571429 3 3.14285714285714 3.35714285714286 3.35714285714286 3.25 3.17857142857143 3.14285714285714 2.82142857142857 2.89285714285714 2.89285714285714 2.89285714285714 2.42857142857143 2.21428571428571 2.14285714285714 2.04761904761905
-9999 -9999 -9999 -9999 -9999 -9999 -9999 -9999 -9999 -9999 -9999 -9999 -9999 -9999 0.714285714285714 1 0.857142857142857 0.857142857142857 0.857142857142857 0.928571428571429 -9999 1.35714285714286 1.64285714285714 1.92857142857143 2.07142857142857 2.71428571428571 3 3.07142857142857 3.14285714285714 2.85714285714286 3.57142857142857 3.21428571428571 3 2.92857142857143 3.21428571428571 3.21428571428571 3.28571428571429 3.21428571428571 2.57142857142857 2.71428571428571 2.57142857142857 2.42857142857143 2.28571428571429 2.28571428571429 2.21428571428571 2.21428571428571 2.14285714285714 1.92857142857143 1.78571428571429
-9999 -9999 -9999 -9999 -9999 -9999 -9999 -9999 -9999 -9999 -9999 -9999 -9999 -9999 -9999 1.14285714285714 0.928571428571429 0.857142857142857 0.571428571428571 0.857142857142857 1 1.21428571428571 1.71428571428571 1.64285714285714 1.92857142857143 2.5 3.14285714285714 3.21428571428571 3.21428571428571 2.92857142857143 3.28571428571429 3.14285714285714 3 3 3.28571428571429 2.85714285714286 2.60714285714286 2.42857142857143 2.5 2.57142857142857 2.5 2.35714285714286 2.14285714285714 2.07142857142857 2.07142857142857 2.07142857142857 2.21428571428571 2.28571428571429 2.21428571428571
-9999 -9999 -9999 -9999 -9999 -9999 -9999 -9999 -9999 -9999 -9999 -9999 -9999 -9999 -9999 1.07142857142857 0.928571428571429 0.714285714285714 0.5 0.5 0.428571428571429 1.21428571428571 1.35714285714286 1.46428571428571 1.78571428571429 2.14285714285714 2.85714285714286 3.07142857142857 3.78571428571429 3.14285714285714 3.14285714285714 3.28571428571429 3.42857142857143 3.42857142857143 3.57142857142857 3.42857142857143 3 2.28571428571429 2.57142857142857 2.35714285714286 2.21428571428571 2.35714285714286 2.07142857142857 2.07142857142857 1.85714285714286 1.92857142857143 2.07142857142857 2.14285714285714 2.07142857142857
-9999 -9999 -9999 -9999 -9999 -9999 -9999 -9999 -9999 -9999 -9999 -9999 -9999 -9999 -9999 0.428571428571429 0.714285714285714 0.642857142857143 0.857142857142857 1.14285714285714 0.571428571428571 0.928571428571429 1.42857142857143 1.42857142857143 1.78571428571429 2.14285714285714 2.92857142857143 3.14285714285714 3.14285714285714 3.28571428571429 3.57142857142857 3.64285714285714 3.64285714285714 3.5 3.71428571428571 3.57142857142857 3.57142857142857 3.14285714285714 3.57142857142857 3.42857142857143 2.92857142857143 2.5 2 1.78571428571429 1.92857142857143 2.07142857142857 2.14285714285714 1.85714285714286 1.92857142857143
-9999 -9999 0.214285714285714 -9999 -9999 -9999 -9999 -9999 -9999 -9999 -9999 -9999 -9999 -9999 -9999 0.357142857142857 0.357142857142857 0.785714285714286 2 2.85714285714286 2.92857142857143 2.35714285714286 2 1.92857142857143 1.82142857142857 2.57142857142857 2.85714285714286 2.85714285714286 3.35714285714286 3.57142857142857 3.64285714285714 3.57142857142857 3.57142857142857 3.92857142857143 4.14285714285714 3.85714285714286 3.21428571428571 3.10714285714286 2.71428571428571 2.85714285714286 2.92857142857143 2.78571428571429 2.42857142857143 2.07142857142857 2.21428571428571 2.21428571428571 1.85714285714286 1.92857142857143 1.92857142857143
-9999 -9999 -9999 -9999 -9999 0.357142857142857 0.285714285714286 -9999 -9999 -9999 -9999 -9999 0.642857142857143 0.571428571428571 0.571428571428571 0.428571428571429 0.571428571428571 1 2.07142857142857 2.85714285714286 3.35714285714286 3.21428571428571 3.21428571428571 3.28571428571429 2.78571428571429 2.57142857142857 2.78571428571429 3.14285714285714 3.21428571428571 3.35714285714286 3.35714285714286 3.57142857142857 3.64285714285714 3.78571428571429 3.5 3.07142857142857 2.71428571428571 2.39285714285714 2.5 2.35714285714286 2.71428571428571 2.57142857142857 2.71428571428571 2.71428571428571 2.57142857142857 2.35714285714286 2.14285714285714 2.28571428571429 2.07142857142857
-9999 -9999 -9999 0.428571428571429 -9999 -9999 -9999 0.357142857142857 -9999 -9999 -9999 0.5 0.821428571428571 1.07142857142857 0.857142857142857 1.28571428571429 1.35714285714286 1.42857142857143 1.35714285714286 2.07142857142857 2.28571428571429 3 3.21428571428571 2.71428571428571 2.92857142857143 2.5 2.35714285714286 2.71428571428571 3 3.07142857142857 3.35714285714286 3.35714285714286 3.57142857142857 2.85714285714286 2.92857142857143 3.07142857142857 2.57142857142857 2.35714285714286 2.25 2.07142857142857 2 2.21428571428571 2.35714285714286 2.35714285714286 2.28571428571429 2.07142857142857 2.28571428571429 2.28571428571429 1.85714285714286
-9999 0.285714285714286 0.357142857142857 0.5 0.5 0.428571428571429 0.785714285714286 0.928571428571429 0.714285714285714 0.785714285714286 0.857142857142857 0.642857142857143 1.39285714285714 1.85714285714286 1.71428571428571 1.85714285714286 1.57142857142857 1.78571428571429 1.71428571428571 2 2.35714285714286 2.57142857142857 3.07142857142857 2.85714285714286 2.92857142857143 2.96428571428571 2.64285714285714 2.64285714285714 3.14285714285714 3.28571428571429 3.42857142857143 3.21428571428571 3 2.57142857142857 2.64285714285714 2.64285714285714 2.57142857142857 2.71428571428571 2.46428571428571 2.14285714285714 2.14285714285714 1.78571428571429 1.78571428571429 1.92857142857143 2 1.92857142857143 2.28571428571429 2.07142857142857 2.14285714285714
