data/derived/r_mean_scod.asc
NCOLS 186 
NROWS 74 
XLLCORNER 443300.206538099 
YLLCORNER 4085841.77455235 
CELLSIZE 500 
NODATA_value -9999 
[rows 22 to 43 of 74, columns 49 to 97 of 186]
-9999 -9999 -9999 -9999 -9999 -9999 -9999 -9999 56.2142857142857 54.5 56.2142857142857 59.4285714285714 50.5 45.9285714285714 51.0714285714286 51.0714285714286 54.5 53.3571428571429 48.9285714285714 47.5 46.0714285714286 47.2142857142857 43.7857142857143 47.7857142857143 48.3571428571429 54.5 52.2142857142857 60.7857142857143 53.9285714285714 50.5 47.6428571428571 52.7857142857143 57.3571428571429 43.7857142857143 45.5 52.9285714285714 51 54.0714285714286 51.7857142857143 50.0714285714286 51.2142857142857 55.2142857142857 51.7857142857143 58.0714285714286 58.25 60.1428571428571 73.1428571428571 81.7857142857143 -9999
-9999 -9999 -9999 -9999 -9999 -9999 -9999 -9999 -9999 47.2142857142857 52.2142857142857 50.5 43.0714285714286 39.7857142857143 40.9285714285714 48.2142857142857 52.2142857142857 52.2142857142857 43.7857142857143 43.2142857142857 42.0714285714286 42.0714285714286 40.9285714285714 43.2142857142857 45.5 48.7857142857143 47.6428571428571 58.9285714285714 55.0714285714286 54.5 45.9285714285714 40.3571428571429 50.3571428571429 50.6428571428571 44.9285714285714 53.5 52.9285714285714 53.5 47.2142857142857 47.2142857142857 55.0714285714286 46.6428571428571 53.3571428571429 57.3571428571429 60.7857142857143 66.9642857142857 69.7142857142857 -9999 65.0714285714286
-9999 -9999 -9999 -9999 71.7857142857143 57.9285714285714 53.3571428571429 51.6428571428571 -9999 46.3571428571429 44.0714285714286 41.7857142857143 40.9285714285714 43.7857142857143 43.5 45.5 45.2142857142857 43.5 40.6428571428571 40.1666666666667 40.547619047619 40.6428571428571 42.9285714285714 45.7857142857143 47.5 48.6428571428571 55.0714285714286 57.0714285714286 48 48.0714285714286 50.2857142857143 50.3571428571429 48.3571428571429 45.8809523809524 45.5 46.6428571428571 53.5 47.2142857142857 47.2142857142857 48.9285714285714 46.0714285714286 51.0714285714286 51.6428571428571 52.7857142857143 55.6428571428571 53.0714285714286 59.0714285714286 52.3571428571429 63.2142857142857
-9999 -9999 -9999 79.4285714285714 81 76.7857142857143 56.7857142857143 53.9285714285714 52.2142857142857 47.2142857142857 43.2142857142857 47.2142857142857 44.9285714285714 44.9285714285714 44.3571428571429 43.7857142857143 43.7857142857143 41.5 40.9285714285714 39.2142857142857 37.5 38.6428571428571 42.0714285714286 49.5 54.5 55.2142857142857 59.6428571428571 53.5 52.3571428571429 56.7857142857143 55.6428571428571 50.0714285714286 40.3571428571429 44.6428571428571 47.7857142857143 48.3571428571429 50.9285714285714 51.5 53.7857142857143 52.2857142857143 48.6428571428571 47.5 50.2142857142857 51.0714285714286 49.0714285714286 49.9285714285714 48.8928571428571 53.6428571428571 52.5
83.5 79.0714285714286 77.3571428571429 108.285714285714 76 83.0714285714286 77.9285714285714 56.2142857142857 56.7857142857143 53.9285714285714 52.7857142857143 44.9285714285714 47.2142857142857 44.9285714285714 43.2142857142857 42.6428571428571 39.7857142857143 38.0714285714286 38.0714285714286 31.7857142857143 31.7857142857143 39.2142857142857 42.0714285714286 47.2142857142857 51.6428571428571 55.0714285714286 53.9285714285714 50.5 50.5 44.9285714285714 47.7857142857143 52.7857142857143 45.9285714285714 47.6428571428571 54.0714285714286 50.6428571428571 51.2142857142857 48.3571428571429 51.2142857142857 50.6428571428571 46.0714285714286 51.6428571428571 48.7857142857143 52.2142857142857 53.9285714285714 50.5 49.9285714285714 47.0714285714286 49.9285714285714
81.4285714285714 90.4285714285714 85.8571428571429 78.5 99.5714285714286 90.6428571428571 84 74.7142857142857 61.75 54.5 53.3571428571429 46.5 38.0714285714286 37.5 37.5 37.5 38.6428571428571 37.5 37.5 31.7857142857143 31.7857142857143 36.0714285714286 42.0714285714286 42.0714285714286 42.0714285714286 48.7857142857143 48.3571428571429 45.5 53.3571428571429 47.6428571428571 40.3571428571429 41.5 40.9285714285714 39.7857142857143 52 51.2142857142857 48.9285714285714 48.3571428571429 49.5 45.5 49.5 50.5 49.9285714285714 47.7857142857143 52.7857142857143 43.6428571428571 41.3571428571429 43.3571428571429 47.6428571428571
79.4285714285714 84 80.5714285714286 84.5714285714286 70.2857142857143 60.2142857142857 56.7857142857143 52.7857142857143 44.6428571428571 42.6428571428571 49.3571428571429 51.0714285714286 40.3571428571429 36.3571428571429 34.6428571428571 34.0714285714286 33.5 31.7857142857143 33.5 31.2142857142857 29.5 32.6428571428571 36.3571428571429 39.2142857142857 40.9285714285714 40.9285714285714 40.3571428571429 46.0714285714286 46.6428571428571 43.7857142857143 40.2142857142857 45.5 38.0714285714286 41.5 53.6428571428571 47.7857142857143 45.5 42.6428571428571 43.7857142857143 52.7857142857143 49.3571428571429 48.7857142857143 48.7857142857143 47.2142857142857 42.6428571428571 41.9285714285714 43.0714285714286 39.9285714285714 46.5
67.4285714285714 68.4285714285714 72.4285714285714 82.2857142857143 65.7142857142857 54.6428571428571 46.0714285714286 42.6428571428571 39.2142857142857 40.0714285714286 42.0714285714286 41.5 38.6428571428571 36.9285714285714 34.6428571428571 33.5 31.2142857142857 30.6428571428571 30.6428571428571 31.2142857142857 28.9285714285714 31.7857142857143 33.5 44.3571428571429 46.6428571428571 46.0714285714286 39.2142857142857 48.9285714285714 50.0714285714286 39.2142857142857 35.2142857142857 42.0714285714286 44.9285714285714 50.6428571428571 57.5 53.9285714285714 51.0714285714286 50.0714285714286 48.9285714285714 52.3571428571429 54.5 59.0714285714286 50.0714285714286 55.2142857142857 52.3571428571429 46.6428571428571 43.7857142857143 49.5 48.5
57.9285714285714 62.8571428571429 69 82.8571428571429 77.2857142857143 54.5 51.6428571428571 40.3571428571429 40.3571428571429 40.3571428571429 36.9285714285714 38.6428571428571 44.3571428571429 35.7857142857143 33.5 31.2142857142857 27.2142857142857 28.3571428571429 26.6428571428571 29.5 31.2142857142857 31.2142857142857 33.2142857142857 42.0714285714286 46.6428571428571 44.9285714285714 45.5 52.9285714285714 52.9285714285714 51.7857142857143 43.7857142857143 47.2142857142857 44.3571428571429 52.9285714285714 58.5 55.3571428571429 51.7857142857143 47.2142857142857 48.3571428571429 47.7857142857143 54.5 47.6428571428571 46.6428571428571 50.6428571428571 51.2142857142857 50.6428571428571 48.9285714285714 48.9285714285714 45.3571428571429
52.7857142857143 53.3571428571429 63.4285714285714 73.5714285714286 77.3571428571429 62.2857142857143 60.7857142857143 49.9285714285714 42.0714285714286 39.2142857142857 36.0714285714286 33.5 36.9285714285714 34.6428571428571 32.9285714285714 31.2142857142857 27.2142857142857 28.9285714285714 35.2142857142857 35.2142857142857 34.0714285714286 35.2142857142857 32.9285714285714 35.5 39.2142857142857 40.3571428571429 43.2142857142857 52.7857142857143 56.2142857142857 48.9285714285714 55.6428571428571 52.3571428571429 56.2142857142857 52.3571428571429 48.3571428571429 51.7857142857143 50.3571428571429 53.5 48.9285714285714 48.9285714285714 47.7857142857143 47.7857142857143 47.7857142857143 48.9285714285714 47.2142857142857 48.3571428571429 47.2142857142857 43.7857142857143 42.0714285714286
51.0714285714286 51.0714285714286 58.5 66.7142857142857 71.2857142857143 75.0714285714286 80 59.0714285714286 53.3571428571429 47.6428571428571 36.3571428571429 30.6428571428571 34.0714285714286 32.3571428571429 31.2142857142857 28.3571428571429 31.2142857142857 35.2142857142857 35.2142857142857 34.6428571428571 34.0714285714286 35.2142857142857 35.2142857142857 37.2142857142857 37.5 40.9285714285714 41.5 44.9285714285714 44.9285714285714 50.0714285714286 53.9285714285714 44.3571428571429 47.7857142857143 48.3571428571429 48.3571428571429 47.2142857142857 46.3571428571429 45.5 43.7857142857143 45.5 44.3571428571429 45.5 47.2142857142857 50.6428571428571 49.5 51.7857142857143 54.6428571428571 55.2142857142857 54.0714285714286
44.9285714285714 53.3571428571429 59.0714285714286 62.2857142857143 73.3571428571429 80.5714285714286 72.3571428571429 57.9285714285714 51.6428571428571 45.5 33.7857142857143 33.5 30.0714285714286 30.0714285714286 29.5 30.0714285714286 34.6428571428571 30.6428571428571 30.6428571428571 30.0714285714286 36.3571428571429 35.2142857142857 35.2142857142857 37.5 37.5 38.0714285714286 41.5 45.5 46.0714285714286 45.5 45.5 42.6428571428571 43.7857142857143 45.5 42.6428571428571 43.2142857142857 43.2142857142857 44.9285714285714 46.0714285714286 41.5 40.9285714285714 42.6428571428571 45.5 49.5 49.5 47.7857142857143 49.5 50.0714285714286 55.7857142857143
44.3571428571429 50.5 53.3571428571429 58.5 61.9285714285714 68.0714285714286 74.5 66.5 55.0714285714286 42.0714285714286 40.9285714285714 34.9285714285714 35.7857142857143 33.5 32.9285714285714 34.0714285714286 37.5 32.9285714285714 31.2142857142857 30.0714285714286 36.9285714285714 37.5 38.0714285714286 40.3571428571429 38.9285714285714 38.6428571428571 38.0714285714286 38.0714285714286 40.9285714285714 42.0714285714286 42.6428571428571 43.2142857142857 42.6428571428571 42.0714285714286 42.0714285714286 43.2142857142857 46.0714285714286 42.3571428571429 44.3571428571429 45.5 44.9285714285714 49.5 46.6428571428571 44.3571428571429 40.9285714285714 46.0714285714286 51.2142857142857 50.0714285714286 52.3571428571429
40.9285714285714 51.6428571428571 52.2142857142857 53.9285714285714 52.7857142857143 56.2142857142857 61.7142857142857 64.5714285714286 61.3571428571429 52.2142857142857 43.7857142857143 44.0714285714286 34.6428571428571 36.3571428571429 35.7857142857143 35.7857142857143 40.3571428571429 36.3571428571429 32.3571428571429 31.7857142857143 33.5 34.0714285714286 39.7857142857143 42.0714285714286 40.6428571428571 41.5 38.6428571428571 36.9285714285714 38.0714285714286 36.9285714285714 35.7857142857143 39.7857142857143 40.9285714285714 42.6428571428571 42.6428571428571 42.0714285714286 43.7857142857143 45.7857142857143 45.5 46.0714285714286 46.0714285714286 48.9285714285714 48.3571428571429 46.6428571428571 47.7857142857143 46.6428571428571 46.6428571428571 51.7857142857143 54.0714285714286
39.5 42.9285714285714 44.6428571428571 43.7857142857143 45.4285714285714 51.9285714285714 59.0714285714286 60.9642857142857 59.6428571428571 55.3571428571429 50.2142857142857 44.0714285714286 38.3571428571429 36.6428571428571 38.3571428571429 38.9285714285714 43.5 43.7857142857143 41.7857142857143 39.5 37.7857142857143 40.3571428571429 42.0714285714286 44.9285714285714 44.6428571428571 45.1190476190476 40.9285714285714 41.5 38.6428571428571 38.0714285714286 39.7857142857143 39.7857142857143 40.9285714285714 42.6428571428571 42.6428571428571 43.7857142857143 48.3571428571429 46.6428571428571 46.6428571428571 47.7857142857143 46.0714285714286 46.0714285714286 47.2142857142857 47.2142857142857 48.3571428571429 48.9285714285714 48.3571428571429 61.3571428571429 62.5
35.7857142857143 37.5 37.5 40.3571428571429 44.9285714285714 48.7857142857143 53.9285714285714 53.3571428571429 51.0714285714286 48.7857142857143 51.0714285714286 44.9285714285714 38.0714285714286 33.5 38.0714285714286 39.7857142857143 44.9285714285714 44.3571428571429 45.5 48.3571428571429 48.9285714285714 51.2142857142857 44.9285714285714 43.7857142857143 45.5 43.5952380952381 43.2142857142857 40.3571428571429 38.6428571428571 40.3571428571429 40.6428571428571 40.9285714285714 42.3571428571429 43.2142857142857 44.9285714285714 45.2142857142857 45.2142857142857 44.9285714285714 47.6428571428571 48.0714285714286 50.2857142857143 50.5714285714286 47.7857142857143 51.7857142857143 51.5 53.7142857142857 55.1428571428571 63.3571428571429 64.2142857142857
34.6428571428571 40.9285714285714 41.5 46.6428571428571 48.2142857142857 48.2142857142857 46.6428571428571 48.2142857142857 44.9285714285714 43.2142857142857 38.6428571428571 37.5 34.0714285714286 32.3571428571429 36.3571428571429 37.5 42.0714285714286 46.0714285714286 49.5 47.7857142857143 49.5 49.5 49.5 48.9285714285714 47.2142857142857 44.3571428571429 41.5 41.5 41.5 41.5 41.5 42.0714285714286 43.7857142857143 43.7857142857143 44.3571428571429 46.6428571428571 46.0714285714286 46.0714285714286 50.0714285714286 55.4285714285714 56.7857142857143 48.9285714285714 53.9285714285714 52.3571428571429 58.5 59.0714285714286 57.9285714285714 62.5 67.6428571428571
34.3571428571429 38.0714285714286 30.0714285714286 34.0714285714286 36.9285714285714 44.7857142857143 44.3571428571429 43.2142857142857 43.2142857142857 42.0714285714286 34.6428571428571 35.2142857142857 33.5 32.9285714285714 38.0714285714286 42.0714285714286 45.5 48.9285714285714 50.5 52.2142857142857 50.5 46.6428571428571 57.3571428571429 47.2142857142857 45.5 38.0714285714286 38.6428571428571 41.5 43.7857142857143 43.7857142857143 44.9285714285714 44.9285714285714 44.3571428571429 45.5 47.2142857142857 46.0714285714286 47.2142857142857 48.9285714285714 51.7857142857143 58.7857142857143 58.5 54.0714285714286 57.9285714285714 57.9285714285714 58.5 58.5 59.6428571428571 65.9285714285714 69.9285714285714
26.0714285714286 32.0714285714286 30.0714285714286 34.0714285714286 36.9285714285714 35.7857142857143 35.2142857142857 38.0714285714286 40.3571428571429 35.2142857142857 31.7857142857143 28.3571428571429 29.5 28.9285714285714 37.5 40.9285714285714 43.7857142857143 46.6428571428571 50.5 53.3571428571429 51.0714285714286 51.6428571428571 53.9285714285714 49.3571428571429 42.6428571428571 38.0714285714286 38.0714285714286 38.3571428571429 44.3571428571429 44.3571428571429 45.5 47.2142857142857 56.7857142857143 53.5 52.9285714285714 48.3571428571429 48.3571428571429 50.0714285714286 51.2142857142857 60.7857142857143 65.3571428571429 65.3571428571429 58.5 59.0714285714286 59.0714285714286 65.9285714285714 66.5 67.6428571428571 70.5
27.2142857142857 28.3571428571429 35.7857142857143 35.7857142857143 36.3571428571429 37.5 31.7857142857143 34.6428571428571 30.0714285714286 31.7857142857143 24.9285714285714 25.5 25.5 27.2142857142857 34.0714285714286 40.3571428571429 40.9285714285714 44.9285714285714 44.3571428571429 48.3571428571429 43.2142857142857 50.5 52.2142857142857 49.9285714285714 44.3571428571429 44.3571428571429 37.5 38.3571428571429 39.2142857142857 40.3571428571429 39.7857142857143 50.5 56.7857142857143 53.9285714285714 51.2142857142857 48.3571428571429 50.0714285714286 52.3571428571429 57.3571428571429 57.3571428571429 64.5 65.9285714285714 60.2142857142857 59.0714285714286 59.6428571428571 67.0714285714286 67.6428571428571 67.6428571428571 71.0714285714286
27.7857142857143 27.2142857142857 30.3571428571429 32.3571428571429 32.3571428571429 32.3571428571429 32.3571428571429 26.6428571428571 28.3571428571429 23.7857142857143 23.7857142857143 27.2142857142857 27.7857142857143 30.6428571428571 31.2142857142857 38.9285714285714 40.3571428571429 40.9285714285714 41.5 45.5 43.7857142857143 52.2142857142857 52.7857142857143 46.6428571428571 44.9285714285714 44.9285714285714 39.2142857142857 37.5 39.5 39.7857142857143 40.3571428571429 46.6428571428571 52.2142857142857 56.2142857142857 51.2142857142857 55.6428571428571 51.7857142857143 56.7857142857143 57.9285714285714 60.7857142857143 65.9285714285714 66.5 69.3571428571429 68.2142857142857 67.6428571428571 69.3571428571429 70.5 69.3571428571429 72.2142857142857
27.7857142857143 27.7857142857143 29.7857142857143 30.0714285714286 28.3571428571429 28.3571428571429 31.2142857142857 27.2142857142857 24.3571428571429 24.3571428571429 25.5 29.5 33.5 32.9285714285714 39.7857142857143 36.9285714285714 36.9285714285714 38.0714285714286 44.9285714285714 52.2142857142857 52.2142857142857 57.9285714285714 59.0714285714286 53.5 48.3571428571429 42.6428571428571 42.6428571428571 42.6428571428571 40.0714285714286 43.2142857142857 44.3571428571429 55.6428571428571 56.2142857142857 57.3571428571429 55.2142857142857 56.7857142857143 56.3571428571429 53.5 54.6428571428571 53.5 61.5 66.8571428571429 67.6428571428571 69.3571428571429 69.3571428571429 69.9285714285714 71.6428571428571 73.3571428571429 78.8571428571429
