data/derived/r_mean_pre_snow_per.asc
NCOLS 191 
NROWS 93 
XLLCORNER 442474.332677425 
YLLCORNER 4080120.41147431 
CELLSIZE 500 
NODATA_value -9999 
[rows 46 to 68 of 93, columns 0 to 51 of 191]
-9999 -9999 -9999 -9999 -9999 -9999 -9999 -9999 -9999 -9999 -9999 -9999 -9999 -9999 -9999 -9999 -9999 5.52266666666667 5.15066666666667 4.90333333333333 4.21 5.218 9.32466666666667 12.9453333333333 18.8366666666667 21.1453333333333 24.362 27.7026666666667 34.112 38.4666666666667 37.1673333333333 39.6513333333333 42.6586666666667 49.8876666666667 47.6606666666667 46.956 50.07 54.8033333333333 61.5113333333333 58.2593333333333 48.7293333333333 56.2706666666667 62.188 66.464 68.1733333333333 68.5606666666667 69.224 75.58 76.3106666666667 76.2613333333333 72.9333333333333 61.7253333333333
-9999 -9999 -9999 -9999 1.46333333333333 -9999 -9999 -9999 -9999 -9999 -9999 -9999 -9999 -9999 -9999 -9999 -9999 3.19333333333333 1.554 1.59266666666667 4.63733333333333 8.56833333333333 6.39266666666667 6.32733333333333 8.84666666666667 10.6746666666667 13.5786666666667 18.0746666666667 26.8433333333333 30.9106666666667 34.6186666666667 39.74 45.814 39.266 38.5916666666667 43.9026666666667 47.324 46.2493333333333 49.1786666666667 46.35 46.4593333333333 47.202 58.6453333333333 62.994 70.2133333333333 73.538 71.7463333333333 75.4826666666667 79.7866666666667 81.034 73.6826666666667 69.21
-9999 -9999 -9999 -9999 -9999 -9999 -9999 1.58933333333333 1.86533333333333 -9999 -9999 -9999 -9999 -9999 1.62266666666667 1.44666666666667 1.558 2.24866666666667 4.17666666666667 4.87766666666667 8.50866666666667 11.3075 14.088 11.8643333333333 10.1213333333333 12.4053333333333 12.8496666666667 14.0283333333333 25.1133333333333 30.8353333333333 33.8253333333333 28.416 30.2146666666667 35.28 46.7643333333333 49.6506666666667 52.762 55.3713333333333 49.5173333333333 52.9406666666667 53.2493333333333 51.032 53.5926666666667 62.5393333333333 67.2853333333333 73.936 74.9406666666667 75.7926666666667 80.526 83.5126666666667 75.838 73.2913333333333
-9999 -9999 -9999 -9999 -9999 2.00266666666667 -9999 -9999 -9999 1.99133333333333 -9999 -9999 1.946 2.69066666666667 2.29133333333333 1.90933333333333 2.14933333333333 2.73933333333333 5.54866666666667 10.9926666666667 12.8893333333333 11.252 14.2416666666667 17.1253333333333 13.4133333333333 20.0353333333333 19.4966666666667 13.0873333333333 16.0393333333333 24.0743333333333 25.045 33.6103333333333 41.8523333333333 38.5823333333333 46.1391111111111 48.3228888888889 54.4976666666667 53.295 57.9226666666667 60.0676666666667 63.261 61.1916666666667 58.067 60.252 61.2653333333333 65.8193333333333 71.0233333333333 77.6086666666667 81.8893333333333 83.8173333333333 80.0933333333333 80.264
-9999 -9999 -9999 2.04 2.42733333333333 2.47266666666667 3.25733333333333 3.68866666666667 3.164 3.367 3.142 3.06666666666667 3.53133333333333 2.84066666666667 3.344 3.19 2.828 3.512 5.08933333333333 8.14533333333333 12.022 14.4726666666667 17.26 25.8266666666667 23.7366666666667 29.524 23.394 17.264 13.504 18.0653333333333 20.9246666666667 40.9226666666667 32.878 39.2406666666667 44.814 47.0116666666667 50.0446666666667 49.9333333333333 56.584 61.6866666666667 68.2746666666667 66.4826666666667 64.8766666666667 66.8086666666667 66.5336666666667 69.974 71.189 75.2036666666667 81.0663333333333 86.6046666666667 84.5883333333333 84.693
-9999 2.08466666666667 2.99466666666667 3.40933333333333 4.57133333333333 3.05 3.79466666666667 6.24333333333333 6.32066666666667 6.56266666666667 6.11533333333333 5.73533333333333 5.12266666666667 4.10133333333333 4.75 5.22066666666667 5.068 4.634 5.73133333333333 8.184 10.5366666666667 14.0513333333333 14.2733333333333 20.3333333333333 18.2893333333333 15.9713333333333 16.4566666666667 17.6646666666667 19.1793333333333 23.0846666666667 27.988 35.8893333333333 37.808 36.7533333333333 38.51 30.086 43.5263333333333 52.6953333333333 51.7526666666667 61.268 66.638 69.3366666666667 68.078 73.0806666666667 70.3433333333333 74.6873333333333 75.928 78.2533333333333 82.5493333333333 83.0633333333333 79.0853333333333 77.534
-9999 -9999 2.30733333333333 3.206 3.55 5.05866666666667 4.52066666666667 6.14933333333333 6.61333333333333 6.686 7.17266666666667 8.22533333333333 5.88333333333333 5.894 5.94066666666667 5.95066666666667 6.71533333333333 7.84666666666667 4.76866666666667 7.45866666666667 7.13733333333333 10.6406666666667 14.2813333333333 14.468 11.6653333333333 16.202 15.712 15.1266666666667 19.6246666666667 24.4453333333333 29.8773333333333 28.056 25.3333333333333 20.7606666666667 21.4 31.5866666666667 48.3616666666667 56.232 56.6753333333333 59.798 68.518 72.0693333333333 73.6853333333333 75.5413333333333 74.892 80.058 82.7753333333333 82.1106666666667 84.0333333333333 80.8786666666667 71.34 74.1213333333333
-9999 -9999 -9999 2.04466666666667 3.81333333333333 5.38066666666667 5.376 5.90266666666667 5.962 7.33733333333333 9.15866666666667 8.56 6.562 8.83066666666667 7.608 6.47733333333333 7.58 5.776 3.972 6.544 9.55733333333333 6.78866666666667 9.724 8.813 8.726 9.71066666666667 10.08 13.7766666666667 16.632 18.1946666666667 18.114 16.4513333333333 20.948 26.156 26.1226666666667 34.4833333333333 49.73 60.9086666666667 59.8233333333333 61.524 67.5053333333333 74.67 78.346 82.1433333333333 81.302 82.7173333333333 79.9726666666667 81.0006666666667 75.2786666666667 78.046 74.4166666666667 65.5186666666667
-9999 -9999 -9999 -9999 2.38866666666667 4.39266666666667 5.482 3.99 5.73933333333333 7.45133333333333 8.24466666666667 6.44233333333333 5.452 5.81266666666667 5.80066666666667 9.156 8.03533333333333 4.018 2.21066666666667 5.26733333333333 4.41533333333333 3.38733333333333 6.814 5.51266666666667 5.593 6.09466666666667 7.924 7.16066666666667 8.476 13.102 14.5033333333333 19.7126666666667 22.9486666666667 28.328 38.962 42.91 48.052 57.6573333333333 65.0013333333333 65.8193333333333 70.3346666666667 77.0953333333333 80.7773333333333 77.0213333333333 79.946 78.1406666666667 71.1013333333333 73.244 69.674 72.9646666666667 75.011 70.5
-9999 -9999 -9999 -9999 -9999 2.35666666666667 2.64333333333333 3.37933333333333 5.53466666666667 6.00866666666667 5.89066666666667 4.511 6.02 5.13733333333333 5.82133333333333 6.51 7.352 5.936 0.806666666666667 1.50066666666667 2.36266666666667 4.30066666666667 2.488 3.632 5.29 6.988 10.6713333333333 12.548 12.1026666666667 19.2606666666667 21.976 25.1206666666667 26.79 35.6413333333333 39.4886666666667 47.172 52.6386666666667 60.834 69.6306666666667 69.9253333333333 72.3086666666667 79.852 74.9006666666667 75.926 77.514 70.1193333333333 66.4306666666667 66.1966666666667 61.09 61.1013333333333 67.4653333333333 70.284
-9999 -9999 -9999 -9999 -9999 -9999 -9999 2.03266666666667 3.422 3.88133333333333 2.89866666666667 3.03266666666667 2.77566666666667 2.674 4.77533333333333 6.25733333333333 5.708 2.85666666666667 1.19266666666667 4.98666666666667 8.15 11.6673333333333 7.73866666666667 4.23066666666667 7.732 8.76333333333333 11.2626666666667 16.2953333333333 20.8973333333333 25.7713333333333 29.958 32.322 36.7693333333333 40.5793333333333 44.1206666666667 50.7693333333333 56.4266666666667 61.6273333333333 69.7533333333333 74.5686666666667 76.4506666666667 72.2826666666667 69.6526666666667 76.1973333333333 72.6426666666667 63.5986666666667 59.602 55.4866666666667 50.7766666666667 46.1 57.3933333333333 61.6563333333333
-9999 -9999 -9999 -9999 -9999 -9999 -9999 -9999 2.09266666666667 2.30933333333333 1.83133333333333 1.91733333333333 1.418 1.284 2.42533333333333 4.424 2.64133333333333 0.754 2.61266666666667 1.682 5.34866666666667 9.292 9.34533333333333 6.30733333333333 9.908 11.153 13.0906666666667 18.594 24.7013333333333 31.2546666666667 37.7433333333333 42.732 50.2586666666667 50.0606666666667 47.8473333333333 54.3246666666667 60.3713333333333 65.4833333333333 72.9336666666667 71.9393333333333 67.5326666666667 67.486 74.686 77.708 71.842 61.2533333333333 53.55 42.0293333333333 42.3606666666667 37.9013333333333 49.0886666666667 55.0133333333333
-9999 -9999 -9999 -9999 -9999 -9999 -9999 0.883333333333333 -9999 -9999 -9999 -9999 -9999 -9999 0.795333333333333 1.792 0.736 1.47066666666667 5.86466666666667 6.792 7.134 9.84 8.648 8.83666666666667 11.2853333333333 16.5943333333333 16.276 19.98 27.4573333333333 36.5086666666667 47.3026666666667 50.2693333333333 53.568 56.364 57.096 60.276 66.0213333333333 69.7986666666667 71.774 61.9013333333333 64.9206666666667 70.6266666666667 76.1186666666667 76.9226666666667 67.774 62.3966666666667 56.1366666666667 46.2746666666667 33.0306666666667 32.702 40.9413333333333 47.9603333333333
-9999 -9999 -9999 -9999 -9999 0.776666666666667 0.748666666666667 0.864666666666667 0.892 -9999 -9999 -9999 -9999 -9999 -9999 0.642 0.332666666666667 2.84133333333333 6.27533333333333 4.13733333333333 4.062 5.23333333333333 6.63 11.5586666666667 13.24 17.0366666666667 20.1166666666667 23.648 29.5253333333333 39.0646666666667 43.9893333333333 43.3613333333333 48.4113333333333 53.9333333333333 57.0433333333333 65.7993333333333 70.0133333333333 73.2053333333333 68.782 64.1446666666667 68.828 74.2986666666667 78.386 76.4086666666667 68.902 59.2506666666667 52.984 43.4306666666667 34.864 23.8266666666667 28.6673333333333 39.146
-9999 -9999 -9999 -9999 -9999 0.666666666666667 0.7 0.748666666666667 -9999 -9999 -9999 -9999 -9999 -9999 -9999 0.0613333333333333 0.525333333333333 1.02766666666667 2.84633333333333 4.25966666666667 6.92266666666667 8.039 9.46 12.7726666666667 14.228 16.8213333333333 22.0733333333333 26.8713333333333 33.198 31.0886666666667 35.6726666666667 33.3046666666667 39.8253333333333 48.094 54.144 65.14 71.236 74.6566666666667 69.364 59.3746666666667 72.0033333333333 76.5746666666667 76.602 71.7873333333333 67.0026666666667 57.5206666666667 49.1326666666667 35.618 28.1733333333333 21.4966666666667 26.2106666666667 30.982
-9999 -9999 -9999 -9999 -9999 -9999 0.45 0.444 -9999 -9999 -9999 -9999 -9999 -9999 -9999 -9999 -9999 1.50133333333333 4.75533333333333 9.15 12.3006666666667 13.1186666666667 13.284 13.262 13.9966666666667 16.9016666666667 15.834 18.0941666666667 17.4636666666667 22.0333333333333 25.6056666666667 29.6446666666667 36.2506666666667 43.9123333333333 52.3913333333333 61.78 64.8233333333333 62.3453333333333 54.85 59.618 71.854 73.882 68.1526666666667 69.116 63.89 60.026 52.1273333333333 41.8906666666667 33.7326666666667 24.0033333333333 18.1693333333333 23.0733333333333
-9999 -9999 -9999 -9999 -9999 -9999 -9999 0.344 -9999 -9999 -9999 -9999 -9999 -9999 -9999 -9999 -9999 1.47333333333333 3.608 8.30733333333333 11.7073333333333 12.0733333333333 12.5906666666667 12.0653333333333 10.5906666666667 10.06 9.948 10.7006666666667 19.4393333333333 26.9393333333333 32.5506666666667 39.0153333333333 46.112 49.7873333333333 56.6873333333333 57.3986666666667 48.732 44.7633333333333 53.8153333333333 64.6253333333333 71.7666666666667 67.439 61.111 54.4803333333333 54.64 60.782 54.306 47.2886666666667 38.3623333333333 29.202 20.85 16.7886666666667
-9999 -9999 -9999 -9999 -9999 -9999 -9999 -9999 -9999 -9999 -9999 -9999 -9999 -9999 -9999 -9999 -9999 0.836666666666667 2.63933333333333 8.874 9.32333333333333 11.3373333333333 9.57666666666667 7.29066666666667 8.25666666666667 7.82066666666667 7.74266666666667 11.9886666666667 21.491 29.4546666666667 38.8806666666667 44.432 52.7126666666667 56.192 52.7253333333333 47.0413333333333 38.388 45.8206666666667 55.8526666666667 64.8166666666667 69.52 63.7993333333333 49.906 43.544 52.088 58.3273333333333 53.0846666666667 47.67 40.456 32.5273333333333 27.7193333333333 21.6873333333333
-9999 -9999 -9999 -9999 -9999 -9999 -9999 -9999 -9999 -9999 -9999 -9999 -9999 -9999 -9999 -9999 -9999 -9999 1.27 4.84933333333333 6.73933333333333 5.49733333333333 4.95866666666667 3.83466666666667 3.918 4.19 9.152 12.224 22.3696666666667 34.9306666666667 41.3753333333333 47.1286666666667 53.49 50.756 44.8426666666667 34.9493333333333 33.92 43.4426666666667 52.1666666666667 59.988 63.8633333333333 57.1076666666667 47.168 40.1953333333333 50.9633333333333 52.9206666666667 49.228 44.186 37.914 30.992 24.6746666666667 21.1226666666667
-9999 -9999 -9999 -9999 -9999 -9999 -9999 -9999 -9999 -9999 -9999 -9999 -9999 -9999 -9999 -9999 -9999 -9999 -9999 1.79466666666667 4.74066666666667 0.866 1.986 4.218 3.06066666666667 8.77133333333333 12.896 16.6913333333333 21.7273333333333 32.174 44.7673333333333 50.822 53.3453333333333 44.856 37.8733333333333 26.7286666666667 31.992 39.8573333333333 50.3113333333333 58.6773333333333 54.422 50.0033333333333 45.0393333333333 39.8733333333333 49.5893333333333 48.2846666666667 44.7133333333333 37.7713333333333 30.448 25.5486666666667 18.7246666666667 14.942
-9999 -9999 -9999 -9999 -9999 -9999 -9999 -9999 -9999 -9999 -9999 -9999 -9999 -9999 -9999 -9999 -9999 -9999 -9999 -9999 -9999 1.37666666666667 3.75133333333333 6.37866666666667 5.862 8.48666666666667 13.7206666666667 20.1606666666667 27.082 35.452 46.3046666666667 50.9686666666667 43.516 39.4713333333333 23.438 23.258 31.2113333333333 42.9593333333333 50.8513333333333 53.9806666666667 47.5433333333333 42.64 38.4 38.6726666666667 47.8373333333333 44.7406666666667 39.1433333333333 31.1453333333333 25.5406666666667 17.704 15.5813333333333 11.078
-9999 -9999 -9999 -9999 -9999 -9999 -9999 -9999 -9999 -9999 -9999 -9999 -9999 -9999 -9999 -9999 -9999 -9999 -9999 -9999 0.704 2.38133333333333 2.17066666666667 3.584 6.71733333333333 9.63 13.5446666666667 20.7286666666667 26.6533333333333 33.3966666666667 43.4013333333333 45.8413333333333 38.308 30.1573333333333 18.0206666666667 26.2133333333333 35.1286666666667 41.272 49.7013333333333 45.4393333333333 42.8266666666667 35.8153333333333 32.6346666666667 35.1646666666667 43.8353333333333 42.1406666666667 35.7773333333333 26.5633333333333 18.6433333333333 14.4826666666667 12.4253333333333 8.53
-9999 -9999 -9999 -9999 -9999 -9999 -9999 -9999 -9999 -9999 -9999 -9999 -9999 -9999 -9999 -9999 -9999 -9999 -9999 -9999 1.274 2.64866666666667 3.54866666666667 5.184 7.67333333333333 9.65933333333333 14.1486666666667 18.032 25.236 33.43 43.4893333333333 40.5586666666667 32.9286666666667 23.6013333333333 19.3173333333333 25.8893333333333 33.1853333333333 39.7766666666667 44.902 40.6106666666667 36.9133333333333 32.112 24.9446666666667 30.035 40.4386666666667 39.3473333333333 31.1126666666667 22.414 16.7026666666667 10.326 7.70133333333333 7.19533333333333
