data/derived/r_mean_pre.asc
NCOLS 191 
NROWS 93 
XLLCORNER 442474.332677425 
YLLCORNER 4080120.41147431 
CELLSIZE 500 
NODATA_value -9999 
[rows 46 to 68 of 93, columns 0 to 50 of 191]
-9999 -9999 -9999 -9999 -9999 -9999 -9999 -9999 -9999 -9999 -9999 -9999 -9999 -9999 -9999 -9999 -9999 606.920666666667 602.522666666667 598.720666666667 541.531 554.632 596.327333333333 629.356666666667 679.426666666667 688.699333333333 702.794 704.232666666667 734.488 752.749333333333 746.553333333333 758.562 775.609333333333 811.617 813.373333333333 814.950666666667 848.060666666667 879.711333333333 924.026 887.310666666667 880.68 915.285333333333 944.070666666667 969.260666666667 975.813333333333 973.564 972.883333333333 1017.74266666667 1019.64933333333 1015.11333333333 982.892
-9999 -9999 -9999 -9999 466.509333333333 -9999 -9999 -9999 -9999 -9999 -9999 -9999 -9999 -9999 -9999 -9999 -9999 566.941333333333 525.634 526.21 559.623333333333 605.443 574.695333333333 567.834666666667 591.475333333333 607.404 639.756666666667 671.889333333333 706.836 725.593333333333 742.906 765.153333333333 794.702666666667 768.835333333333 773.067 817.732666666667 838.884 844.160666666667 865.726 873.834666666667 873.107333333333 873.913333333333 925.92 948.470666666667 988.338666666667 1011.36666666667 991.975333333333 1017.51333333333 1048.79333333333 1061.37733333333 987.568
-9999 -9999 -9999 -9999 -9999 -9999 -9999 478.359333333333 490.32 -9999 -9999 -9999 -9999 -9999 524.217333333333 519.443333333333 528.997333333333 547.697666666667 590.375 600.464666666667 621.557333333333 645.855333333333 667.257 638.136666666667 616.913666666667 638.076666666667 637.938333333333 648.843 706.001333333333 732.503333333333 745.533333333333 720.408 729.318 757.69 820.972 848.04 869.636 890.522 891.032 903.741333333333 904.684666666667 892.866 901.478666666667 947.816666666667 973.586 1016.33666666667 1021.95266666667 1022.448 1061.27533333333 1087.68 1007.79266666667
-9999 -9999 -9999 -9999 -9999 489.825333333333 -9999 -9999 -9999 498.382 -9999 -9999 520.641333333333 545.459333333333 543.678666666667 538.542 547.986666666667 563.545333333333 618.785333333333 683.544666666667 678.702666666667 656.074666666667 677.733333333333 699.032 664.396 708.702666666667 701.826666666667 701.949333333333 677.135 703.674 711.067666666667 754.080666666667 793.319333333333 816.987666666667 845.599111111111 882.694222222222 906.195666666667 927.887666666667 935.876333333333 945.096666666667 963.166666666667 948.892666666667 929.968 938.333 937.169333333333 963.524 991.783333333333 1041.317 1075.83933333333 1092.54666666667 1045.17733333333
-9999 -9999 -9999 487.561333333333 501.766 504.186 520.199333333333 532.270666666667 521.333333333333 532.12 532.964666666667 538.117333333333 552.904666666667 547.166 565.298 567.843333333333 563.506666666667 576.373333333333 605.786666666667 654.339333333333 697.010666666667 694.292666666667 709.888 753.396666666667 739.343333333333 767.604666666667 773.430666666667 739.214666666667 707.228 744.345333333333 760.404666666667 794.86 827.344 856.285333333333 882.754666666667 893.895333333333 910.063333333333 912.569333333333 931.751333333333 958.583333333333 998.794 986.138666666667 973.637333333333 986.118 979.302 996.154333333333 1001.06733333333 1029.98733333333 1076.8945 1142.832 1100.15666666667
-9999 489.620666666667 513.786666666667 519.256 541.196 513.402 530.881333333333 573.078666666667 575.907333333333 584.200666666667 580.174333333333 581.104 577.305333333333 567.792 582.617333333333 597.630666666667 601.03 594.19 615.35 655.033333333333 679.239333333333 694.353333333333 692.904 729.922666666667 714.652 729.342 734.297333333333 743.617333333333 752.37 773.108666666667 798.802 832.722 849.026666666667 845.409333333333 853.172666666667 816.348 878.658333333333 914.118 907.652 959.865333333333 991.275333333333 1008.00133333333 998.851333333333 1031.91 1009.714 1038.89533333333 1048.51333333333 1065.324 1107.76866666667 1102.09066666667 1047.90466666667
-9999 -9999 496.770666666667 514.561333333333 521.242 548.237333333333 537.69 567.752 577.919333333333 582.656 597.440333333333 616.441333333333 586.730666666667 596.628666666667 604.938 609.645333333333 623.401333333333 642.150666666667 596.452666666667 643.586 639.326 661.42 696.686666666667 708.723333333333 701.369333333333 733.52 728.914 722.962666666667 756.059333333333 780.889333333333 805.684 795.762 781.492666666667 766.417333333333 771.346666666667 824.28 903.933 934.627333333333 936.798 954.770666666667 1007.90266666667 1030.30933333333 1041.53733333333 1058.42933333333 1052.43 1093.09866666667 1126.45933333333 1114.704 1128.554 1087.67066666667 999.158
-9999 -9999 -9999 482.79 524.310666666667 552.750666666667 551.333333333333 560.064 564.688 593.497333333333 619.232666666667 616.13 595.659333333333 629.689333333333 621.8 611.905333333333 630.774666666667 604.434 578.938 629.228 667.852666666667 636.984 672.116 662.112333333333 663.910666666667 677.292666666667 682.434 714.418 736.435333333333 747.67 744.783333333333 729.917333333333 756.681333333333 796.752 798.006666666667 834.248666666667 912.255333333333 962.858666666667 958.31 968.349333333333 1005.064 1056.248 1084.82733333333 1124.98733333333 1116.89133333333 1133.58333333333 1101.43733333333 1111.51333333333 1060.98466666667 1077.31333333333 1036.646
-9999 -9999 -9999 -9999 492.976 534.558666666667 550.655333333333 524.352666666667 555.818 592.732666666667 604.72 579.91 570.306666666667 583.014 592.691333333333 640.763333333333 631.858666666667 573.170666666667 546.318 611.676666666667 600.622 581.336666666667 636.598 618.714666666667 622.790666666667 632.754 657.367333333333 648.403333333333 665.572 705.601333333333 717.357333333333 751.921333333333 770.988666666667 800.072666666667 858.705333333333 876.813333333333 905.188 952.703 989.986 996.348 1026.604 1080.93533333333 1117.562 1085.614 1111.87333333333 1099.05266666667 1048.00333333333 1062.12133333333 1039.57933333333 1056.902 1064.36066666667
-9999 -9999 -9999 -9999 -9999 487.52 501.217333333333 511.079333333333 550.350666666667 558.472 562 541.871666666667 577.792666666667 569.524 589.045333333333 603.035333333333 618.288666666667 599.948 516.772666666667 533.712666666667 567.864666666667 599.542666666667 569.294666666667 588.138 617.936666666667 642.364666666667 689.848 712.014666666667 710.516 754.29 769.305333333333 783.233333333333 789.624666666667 831.104 858.226 899.304 929.421333333333 967.927 1021.56133333333 1026.812 1045.104 1111.49133333333 1072.42066666667 1085.45666666667 1102.40333333333 1052.77133333333 1029.108 1032.28 1006.53666666667 1006.46666666667 1036.25233333333
-9999 -9999 -9999 -9999 -9999 -9999 -9999 468.178 507.614666666667 517.932 506.926666666667 511.736666666667 517.479333333333 529.593333333333 575.054666666667 597.293333333333 593.452 554.925333333333 522.252 590.684666666667 648.504 692.748 646.704666666667 599.278 649.533333333333 663.433666666667 699.887333333333 739.737333333333 771.96 795.799333333333 809.45 819.482666666667 838.1 860.41 884.929333333333 919.307333333333 953.990666666667 974.630666666667 1025.98933333333 1064.00933333333 1083.292 1055.43066666667 1044.462 1095.75266666667 1073.82866666667 1024.41533333333 1007.26333333333 989.401333333333 970.080666666667 951.134 1006.86
-9999 -9999 -9999 -9999 -9999 -9999 -9999 -9999 465.000666666667 476.680666666667 461.591333333333 473.685333333333 486.738 503.525333333333 537.193333333333 571.498 550.067333333333 501.657333333333 555.31 535.64 611.886666666667 661.876 664.23 627.592666666667 675.810666666667 693.46 717.208666666667 755.197333333333 788.692666666667 827.938666666667 847.384666666667 869.332666666667 904.730666666667 905.867333333333 906.477333333333 942.763333333333 978.858 998.012666666667 1049.83533333333 1049.36666666667 1024.95066666667 1030.38733333333 1084.392 1119.73933333333 1077.78466666667 1024.59666666667 987.174 941.57 950.085333333333 934.78 991.394666666667
-9999 -9999 -9999 -9999 -9999 -9999 -9999 419.955333333333 -9999 -9999 -9999 -9999 -9999 -9999 496.795333333333 531.410666666667 493.758666666667 524.291333333333 595.675333333333 609.813333333333 635.901333333333 668.925333333333 655.378666666667 660.108666666667 692.15 738.793333333333 737.318666666667 764.469333333333 804.089333333333 851.936666666667 895.114 906.83 924.397333333333 945.728666666667 957.202 977.348 1011.71933333333 1028.16066666667 1046.907 994.354666666667 1016.48866666667 1056.68533333333 1103.62933333333 1118.07666666667 1060.71533333333 1042.20933333333 1015.152 976.792 923.248666666667 932.654 978.836666666667
-9999 -9999 -9999 -9999 -9999 419.831333333333 418.611333333333 418.133 414.481333333333 -9999 -9999 -9999 -9999 -9999 -9999 487.026 465.887333333333 557.394666666667 600.773333333333 575.280666666667 582.993333333333 604.598666666667 626.972666666667 690.419333333333 708.75 739.962 761.464333333333 779.128 814.467333333333 861.768 899.928 897.183333333333 922.852 959.963333333333 979.963333333333 1010.41933333333 1042.23866666667 1053.19066666667 1026.21 1007.54666666667 1042.64933333333 1087.63733333333 1126.59133333333 1121.61933333333 1075.84733333333 1033.76133333333 1008.78266666667 978.660666666667 946.968666666667 898.586666666667 936.403333333333
-9999 -9999 -9999 -9999 -9999 419.33 418.721333333333 418.505333333333 -9999 -9999 -9999 -9999 -9999 -9999 -9999 449.085333333333 482.003333333333 515.119333333333 546.552 574.431333333333 615.883333333333 637.863 659.619666666667 699.994 714.594 736.331333333333 770.332 798.174 833.860666666667 824.253333333333 846.201333333333 849.919333333333 884.133333333333 926.982666666667 966.381333333333 1012.3 1041.786 1066.93733333333 1032.58266666667 985.955666666667 1070.554 1108.844 1117.194 1092.87533333333 1073.37466666667 1030.44733333333 1000.61133333333 947.319333333333 922.904 895.291333333333 938.303333333333
-9999 -9999 -9999 -9999 -9999 -9999 419.105333333333 419.052666666667 -9999 -9999 -9999 -9999 -9999 -9999 -9999 -9999 -9999 528.096666666667 580.508 633.089333333333 670.82 683.614666666667 689.576666666667 703.022666666667 712.644 734.764666666667 727.705 744.1985 745.535666666667 774.469 792.023333333333 814.863333333333 865.245333333333 914.971666666667 962.351666666667 1008.463 1024.86133333333 1005.97566666667 957.502333333333 988.319333333333 1066.77166666667 1092.67333333333 1062.33466666667 1078.4 1061.948 1052.42733333333 1020.72266666667 984.321333333333 959.183333333333 916.982666666667 886.340666666667
-9999 -9999 -9999 -9999 -9999 -9999 -9999 419.442666666667 -9999 -9999 -9999 -9999 -9999 -9999 -9999 -9999 -9999 522.03 564.952666666667 621.882 664.857333333333 670.937333333333 680.034 676.523333333333 675.284 669.916666666667 687.951333333333 692.545333333333 762.224 802.087333333333 830.088 862.243333333333 912.951333333333 947.192666666667 989.524 996.342 950.103333333333 928.007333333333 983.717333333333 1018.65 1071.04266666667 1055.53666666667 1028.963 1008.038 1025.13433333333 1068.31 1045.759 1016.30166666667 982.133666666667 946.735666666667 903.423
-9999 -9999 -9999 -9999 -9999 -9999 -9999 -9999 -9999 -9999 -9999 -9999 -9999 -9999 -9999 -9999 -9999 496.96 550.575333333333 629.696666666667 636.992 662.097333333333 645.616 619.416666666667 635.732 659.015333333333 656.848 709.751333333333 773.303666666667 814.848 861.578 906.945333333333 948 975.512 965.531333333333 939.573333333333 897.780666666667 942.672666666667 998.309333333333 1051.90133333333 1054.90133333333 1033.61733333333 980.699333333333 955.283333333333 1009.79533333333 1053.04866666667 1036.23 1017.886 988.040666666667 958.678666666667 940.808666666667
-9999 -9999 -9999 -9999 -9999 -9999 -9999 -9999 -9999 -9999 -9999 -9999 -9999 -9999 -9999 -9999 -9999 -9999 516.714666666667 579.794666666667 604.314 592.256 586.243333333333 575.144666666667 598.891333333333 606.664666666667 679.546666666667 712.468 779.221 842.917333333333 873.868 921.567333333333 956.066666666667 945.506666666667 923.857333333333 878.121333333333 876.580666666667 932.168666666667 985.002 1033.44 1024.93133333333 1001.933 964.094666666667 933.321333333333 1002.086 1021.76733333333 1010.46133333333 992.340666666667 967.795333333333 942.75 910.971333333333
-9999 -9999 -9999 -9999 -9999 -9999 -9999 -9999 -9999 -9999 -9999 -9999 -9999 -9999 -9999 -9999 -9999 -9999 -9999 531.976666666667 579.134666666667 505.61 542.800666666667 597.129333333333 587.277333333333 658.461333333333 706.641333333333 747.705333333333 775.260666666667 830.485333333333 910.805333333333 941.332666666667 956.922 917.338666666667 889.324666666667 835.456 866.449333333333 913.049333333333 974.632 1026.308 1011.044 963.934666666667 946.420333333333 928.306 992.142 992.634666666667 980.863333333333 951.468 924.003333333333 901.372 859.432
-9999 -9999 -9999 -9999 -9999 -9999 -9999 -9999 -9999 -9999 -9999 -9999 -9999 -9999 -9999 -9999 -9999 -9999 -9999 -9999 -9999 517.239333333333 590.786666666667 627.991333333333 623.668 656.800666666667 716.156666666667 760.651333333333 806.039333333333 846.995 921.028 945.274666666667 910.836666666667 891.679333333333 814.811333333333 817.032 863.046666666667 929.418666666667 978.562 1000.96266666667 971.894 955.494666666667 906.701 918.198666666667 979.084 966.907333333333 944.551333333333 912.843333333333 887.352666666667 838.568666666667 822.03
-9999 -9999 -9999 -9999 -9999 -9999 -9999 -9999 -9999 -9999 -9999 -9999 -9999 -9999 -9999 -9999 -9999 -9999 -9999 -9999 505.231333333333 557.468 565.91 596.316 632.738 676.883333333333 714.379333333333 765.209333333333 795.280666666667 838.855333333333 897.339 921.335333333333 884.873333333333 845.128 782.735333333333 832.516 883.402 921.212666666667 970.461333333333 953.78 945.882666666667 914.142 902.882 893.174 950.531333333333 946.773333333333 920.93 880.016 833.588666666667 800.850666666667 785.114666666667
-9999 -9999 -9999 -9999 -9999 -9999 -9999 -9999 -9999 -9999 -9999 -9999 -9999 -9999 -9999 -9999 -9999 -9999 -9999 -9999 527.023333333333 564.076666666667 596.788 621.211333333333 646.976666666667 679.196666666667 721.755333333333 751.365333333333 788.814 831.677333333333 907.369333333333 894.362 856.028 808.472666666667 790.234666666667 828.517333333333 869.620666666667 910.513333333333 944.894666666667 924.236666666667 909.374666666667 890.433333333333 859.118666666667 877.737333333333 924.948666666667 925.91 890.794 849.048666666667 811.869333333333 755.78 723.715333333333
