data/derived/r_mean_pre_snow.asc
NCOLS 191 
NROWS 93 
XLLCORNER 442474.332677425 
YLLCORNER 4080120.41147431 
CELLSIZE 500 
NODATA_value -9999 
[rows 46 to 68 of 93, columns 104 to 155 of 191]
305.860666666667 243.990666666667 159.964666666667 200.309333333333 256.604 278.332 208.074666666667 118.285 133.434 210.655333333333 264.440666666667 246.723333333333 222.57 193.867333333333 255.987333333333 328.657333333333 295.176 200.226 158.920666666667 133.02 149.785 201.823333333333 223.614 282.934 290.228 251.044666666667 196.344 192.947333333333 252.292666666667 232.999333333333 237.294 220.714666666667 187.656666666667 181.937666666667 232.594 268.103333333333 272.679333333333 317.921333333333 321.666 241.480666666667 260.538666666667 268.563333333333 227.964666666667 203.170666666667 153.178666666667 144.008666666667 127.605 142.240666666667 146.645333333333 130.318 136.488 104.637333333333
295.757333333333 226.268 137.934666666667 135.620666666667 196.575333333333 258.507333333333 227.015333333333 144.703666666667 -9999 167.238 224.800666666667 193.845333333333 178.454666666667 167.883333333333 256.930666666667 302.569333333333 276.034666666667 242.072 207.619333333333 147.588 121.33 188.432666666667 211.094666666667 244.822 274.506 229.388 172.460666666667 149.019333333333 186.001333333333 209.520666666667 184.909333333333 188.191333333333 164.768 130.608333333333 184.269333333333 240.754666666667 212.194666666667 271.047333333333 292.396 257.412666666667 207.884666666667 223.416 194.122 160.58 135.068 93.9926666666667 88.131 105.869333333333 108.033333333333 92.3386666666667 93.9166666666667 87.4786666666667
256.945333333333 253.402 163.197333333333 92.0753333333333 143.011333333333 212.129333333333 211.906 135.976666666667 103.238 149.077333333333 181.270666666667 141.032666666667 127.151333333333 215.188 243.916666666667 300.504666666667 242.758 195.170666666667 184.994 127.235333333333 80.97 130.744666666667 178.236 216.676 252.487333333333 203.502 164.176 110.626 128.183333333333 178.331333333333 172.727333333333 141.662 129.645333333333 102.233333333333 123.219666666667 212.808666666667 184.807333333333 216.935333333333 252.880666666667 255.213333333333 203.45 195.546666666667 174.092 151.014 122.754 83.7633333333333 53.986 62.6643333333333 83.3793333333333 76.7526666666667 67.0966666666667 62.5766666666667
202.368 242.039333333333 198.936 104.496666666667 104.846 146.487333333333 201.424 149.812 89.63 114.345333333333 143.278666666667 104.045333333333 132.982 192.741333333333 239.404666666667 281.544666666667 221.286 154.267333333333 138.854 122.347333333333 74.1366666666667 108.408 148.668 190.398 238.859333333333 198.614 154.569333333333 105.470666666667 104.784 140.017333333333 137.581333333333 113.446 106.05 77.7073333333333 114.371333333333 194.196666666667 170.782 173.41 208.557333333333 210.229333333333 203.701333333333 183.909333333333 148.918 136.966666666667 99.8613333333333 92.8846666666667 91.3773333333333 53.9543333333333 59.012 55.5733333333333 46.8946666666667 41.3766666666667
170.922666666667 215.405333333333 186.702 102.199333333333 75.5013333333333 117.26 153.233333333333 136.832666666667 92.522 -9999 104.856 -9999 119.695333333333 177.58 217.644 261.160666666667 210.302666666667 150.9 111.564666666667 87.922 56.5346666666667 67.5386666666667 109.031666666667 152.628 203.918666666667 190.958 132.334666666667 94.2186666666667 82.492 110.638666666667 112.712666666667 90.03 79.4146666666667 65.9693333333333 75.6526666666667 139.827333333333 139.545333333333 134.88 164.181333333333 160.878666666667 161.647333333333 158.041333333333 153.981333333333 151.479333333333 141.713333333333 146.322 106.522 58.0383333333333 35.554 30.5213333333333 30.3466666666667 27.7086666666667
125.746666666667 154.971666666667 161.093333333333 93.6916666666667 59.4073333333333 65.9916666666667 100.137333333333 115.604 73.7786666666667 -9999 -9999 66.4953333333333 112.019333333333 137.707 172.149 203.576333333333 199.502 172.396666666667 132.089 101.249333333333 67.1143333333333 45.5846666666667 83.452 130.260333333333 164.515333333333 153.242 116.339666666667 87.0873333333333 58.431 77.0863333333333 73.2746666666667 64.4493333333333 51.4316666666667 50.488 67.584 95.8645 100.691333333333 104.879666666667 126.472666666667 124.878666666667 123.056666666667 123.711 133.422333333333 116.437 111.939666666667 122.947 108.077333333333 97.2616666666667 77.2531666666667 59.429 46.8156666666667 36.069
95.804 119.132 129.556 102.160666666667 58.8433333333333 44.3053333333333 62.5533333333333 75.3006666666667 88.7173333333333 58.516 -9999 -9999 75.8673333333333 97.7926666666667 133.418666666667 154.898 147.894 133.832 116.474 83.9126666666667 49.35 31.4966666666667 60.0133333333333 93.9136666666667 127.31 111.455333333333 94.596 73.3566666666667 51.5413333333333 48.144 44.7906666666667 34.0213333333333 28.776 42.5006666666667 62.6793333333333 80.418 80.8463333333333 89.8686666666667 105.991333333333 114.329333333333 114.88 97.884 114.292 110.150666666667 87.0586666666667 94.298 91.6846666666667 75.564 65.0646666666667 51.7346666666667 44.7573333333333 27.6533333333333
98.664 104.468 106.544 107.254666666667 76.082 43.6873333333333 37.2946666666667 48.596 70.248 66.5686666666667 -9999 -9999 57.9153333333333 85.636 103.479333333333 122.900666666667 128.002666666667 116.44 89.608 61.368 53.9646666666667 25.4093333333333 47.246 80.673 96.6133333333333 87.94 81.872 63.51 45.1333333333333 27.4993333333333 23.488 33.5173333333333 44.4646666666667 71.138 81.504 111.11 110.752666666667 111.904 109.159333333333 109.302 129.75 75.1013333333333 102.315333333333 91.8753333333333 78.8266666666667 96.878 87.558 87.2953333333333 80.2733333333333 57.2936666666667 50.0666666666667 32.728
78.5766666666667 84.8946666666667 84.0433333333333 82.312 80.3893333333333 57.8653333333333 39.59 31.364 51.296 54.0586666666667 -9999 36.618 45.092 68.3906666666667 90.2213333333333 99.9553333333333 101.672666666667 91.8673333333333 78.9153333333333 52.646 41.7726666666667 21.856 41.0086666666667 57.81 82.5356666666667 74.0886666666667 69.254 53.5853333333333 37.1206666666667 19.3286666666667 19.914 40.312 49.3 71.9586666666667 106.134666666667 88.6173333333333 90.8133333333333 89.1523333333333 88.5813333333333 94.2233333333333 79.766 55.1773333333333 83.4506666666667 62.002 87.6666666666667 86.202 88.1106666666667 82.772 76.3913333333333 61.1913333333333 42.8196666666667 24.1613333333333
67.6766666666667 62.7346666666667 64.4546666666667 63.4633333333333 62.2453333333333 42.7953333333333 31.18 16.9813333333333 40.5993333333333 51.7633333333333 -9999 -9999 36.5966666666667 60.2973333333333 76.1446666666667 89.1173333333333 83.5653333333333 82.3473333333333 64.5626666666667 43.302 28.8493333333333 15.8973333333333 36.6113333333333 51.674 64.3636666666667 54.03 50.564 49.8566666666667 37.098 21.0173333333333 24.7306666666667 31.368 42.3613333333333 59.6373333333333 61.112 56.1753333333333 53.886 59.245 59.0393333333333 73.928 48.0013333333333 51.512 65.1513333333333 63.732 38.966 49.6406666666667 70.0493333333333 63.1513333333333 59.0393333333333 35.206 30.8493333333333 15.2066666666667
54.1173333333333 54.958 46.022 59.502 46.816 39.9893333333333 20.7526666666667 12.392 31.7933333333333 40.936 -9999 -9999 33.4953333333333 48.3253333333333 69.2206666666667 76.274 67.9313333333333 52.2453333333333 41.6253333333333 25.6146666666667 18.948 15.9886666666667 28.1553333333333 39.7206666666667 48.4276666666667 43.3526666666667 47.7913333333333 51.1233333333333 37.9073333333333 25.526 14.188 22.9773333333333 30.5406666666667 50.3513333333333 65.724 78.256 48.67 35.2923333333333 46.9753333333333 66.5586666666667 52.64 40.7733333333333 46.51 51.24 37.454 32.6853333333333 39.8346666666667 40.6773333333333 36.3786666666667 33.588 19.1 11.8646666666667
41.31 39.9093333333333 39.4073333333333 44.328 44.234 39.1913333333333 20.2286666666667 7.97266666666667 22.172 32.6173333333333 21.0706666666667 -9999 24.3706666666667 33.3446666666667 39.988 45.7546666666667 41.0573333333333 40.9693333333333 31.1406666666667 -9999 -9999 -9999 20.1833333333333 31.9693333333333 40.734 38.6056666666667 40.0566666666667 45.786 36.8186666666667 24.7073333333333 12.86 17.0433333333333 19.1146666666667 44.1146666666667 59.642 74.5753333333333 52.6506666666667 32.2873333333333 41.1386666666667 41.4546666666667 48.746 35.4333333333333 33.3513333333333 49.7673333333333 34.028 28.2293333333333 25.876 22.6726666666667 15.6146666666667 13.6206666666667 8.06866666666667 4.184
28.4033333333333 29.8553333333333 25.8133333333333 32.6213333333333 29.314 25.442 14.778 5.14866666666667 15.1393333333333 20 16.438 -9999 -9999 23.7686666666667 31.3066666666667 35.29 34.59 31.6853333333333 23.6966666666667 -9999 -9999 -9999 13.936 25.396 32.51 35.6256666666667 32.8446666666667 46.506 38.6933333333333 28.764 9.822 8.87333333333333 32.112 55.4686666666667 67.7533333333333 50.344 35.644 29.744 28.953 31.3206666666667 39.2553333333333 34.2126666666667 14.8406666666667 27.7853333333333 14.8493333333333 21.8933333333333 19.746 13.1893333333333 6.414 2.94333333333333 4.28333333333333 2.109
14.7116666666667 22.182 18.0733333333333 19.106 19.3326666666667 18.2273333333333 8.84266666666667 4.016 8.25066666666667 13.5973333333333 -9999 -9999 -9999 -9999 21.858 28.7093333333333 -9999 -9999 -9999 -9999 -9999 -9999 -9999 22.4946666666667 26.35 30.9406666666667 28.7503333333333 40.034 32.2926666666667 29.1393333333333 12.258 9.30066666666667 38.2246666666667 47.298 39.5693333333333 32.2586666666667 20.688 13.6246666666667 12.5646666666667 22.251 32.9046666666667 21.8986666666667 13.6933333333333 15.7586666666667 17.2773333333333 14.4006666666667 12.848 8.76066666666667 3.32 1.512 0.764 1.506
9.70833333333333 11.5006666666667 9.788 10.82 10.9766666666667 10.978 8.064 -9999 -9999 -9999 -9999 -9999 -9999 -9999 -9999 -9999 -9999 -9999 -9999 -9999 -9999 -9999 -9999 -9999 16.5846666666667 16.48 25.8153333333333 30.214 32.632 24.4806666666667 12.6726666666667 8.59666666666667 30.7946666666667 23.734 17.1393333333333 20.086 18.8953333333333 9.164 8.55 13.0683333333333 20.7166666666667 9.94266666666667 8.996 7.332 5.392 7.71933333333333 5.43733333333333 5.48666666666667 0.476 0.386 0.318 0.372
4.45533333333333 7.39066666666667 6.412 6.014 6.02466666666667 5.312 5.43066666666667 -9999 -9999 -9999 -9999 -9999 -9999 -9999 -9999 -9999 -9999 -9999 -9999 -9999 -9999 -9999 -9999 9.70266666666667 10.3773333333333 10.2126666666667 17.5483333333333 22.9953333333333 20.3773333333333 18.5146666666667 8.69 7.75133333333333 9.68733333333333 8.98333333333333 10.1933333333333 21.2393333333333 9.80666666666667 6.99 7.63266666666667 9.24533333333333 7.88666666666667 4.89533333333333 5.344 3.12533333333333 1.42866666666667 0.787333333333333 0.740666666666667 0.686 0.33 0.304 0.277333333333333 0.329333333333333
4.55866666666667 4.218 -9999 -9999 -9999 -9999 -9999 -9999 -9999 -9999 -9999 -9999 -9999 -9999 -9999 -9999 -9999 -9999 -9999 -9999 -9999 -9999 -9999 -9999 7.38066666666667 8.16666666666667 6.45133333333333 7.59666666666667 7.264 7.28133333333333 4.65666666666667 2.352 4.08266666666667 5.55133333333333 10.1633333333333 9.22266666666667 3.972 1.90333333333333 3.702 6.898 1.578 2.79866666666667 3.15866666666667 2.176 1.59933333333333 3.134 0.668 0.356666666666667 0.287333333333333 0.293333333333333 0.255333333333333 0.248
-9999 3.25966666666667 -9999 -9999 -9999 -9999 -9999 -9999 -9999 -9999 -9999 -9999 -9999 -9999 -9999 -9999 -9999 -9999 -9999 -9999 -9999 -9999 -9999 -9999 -9999 3.62466666666667 3.79066666666667 2.86433333333333 3.016 4.65533333333333 3.862 1.032 3.03533333333333 6.33666666666667 6.528 1.612 0.817 0.805666666666667 0.803666666666667 0.766666666666667 0.855777777777778 2.18022222222222 1.007 4.51366666666667 1.11366666666667 0.560333333333333 1.88433333333333 0.528333333333333 0.271333333333333 0.262333333333333 0.258666666666667 0.137333333333333
-9999 -9999 -9999 -9999 -9999 -9999 -9999 -9999 -9999 -9999 -9999 -9999 -9999 -9999 -9999 -9999 -9999 -9999 -9999 -9999 -9999 -9999 -9999 -9999 -9999 -9999 -9999 -9999 -9999 -9999 -9999 -9999 2.366 1.73866666666667 1.85866666666667 0.722666666666667 0.709333333333333 0.576 0.550666666666667 0.545333333333333 0.502666666666667 0.728333333333333 0.830666666666667 0.698666666666667 0.385333333333333 0.348 0.326 0.305333333333333 0.292666666666667 0.267333333333333 0.026 0.104
-9999 -9999 -9999 -9999 -9999 -9999 -9999 -9999 -9999 -9999 -9999 -9999 -9999 -9999 -9999 -9999 -9999 -9999 -9999 -9999 -9999 -9999 -9999 -9999 -9999 -9999 -9999 -9999 -9999 -9999 -9999 -9999 -9999 -9999 -9999 -9999 0.57 0.560666666666667 -9999 -9999 0.619333333333333 0.482666666666667 -9999 0.382 -9999 -9999 -9999 -9999 -9999 0.253333333333333 0.256 0.0266666666666667
-9999 -9999 -9999 -9999 -9999 -9999 -9999 -9999 -9999 -9999 -9999 -9999 -9999 -9999 -9999 -9999 -9999 -9999 -9999 -9999 -9999 -9999 -9999 -9999 -9999 -9999 -9999 -9999 -9999 -9999 -9999 -9999 -9999 -9999 -9999 -9999 -9999 -9999 -9999 -9999 -9999 -9999 -9999 -9999 -9999 -9999 -9999 -9999 -9999 -9999 -9999 -9999
-9999 -9999 -9999 -9999 -9999 -9999 -9999 -9999 -9999 -9999 -9999 -9999 -9999 -9999 -9999 -9999 -9999 -9999 -9999 -9999 -9999 -9999 -9999 -9999 -9999 -9999 -9999 -9999 -9999 -9999 -9999 -9999 -9999 -9999 -9999 -9999 -9999 -9999 -9999 -9999 -9999 -9999 -9999 -9999 -9999 -9999 -9999 -9999 -9999 -9999 -9999 -9999
-9999 -9999 -9999 -9999 -9999 -9999 -9999 -9999 -9999 -9999 -9999 -9999 -9999 -9999 -9999 -9999 -9999 -9999 -9999 -9999 -9999 -9999 -9999 -9999 -9999 -9999 -9999 -9999 -9999 -9999 -9999 -9999 -9999 -9999 -9999 -9999 -9999 -9999 -9999 -9999 -9999 -9999 -9999 -9999 -9999 -9999 -9999 -9999 -9999 -9999 -9999 -9999
