data/derived/r_mean_pre_snow.asc
NCOLS 191 
NROWS 93 
XLLCORNER 442474.332677425 
YLLCORNER 4080120.41147431 
CELLSIZE 500 
NODATA_value -9999 
[rows 23 to 45 of 93, columns 52 to 103 of 191]
-9999 -9999 -9999 -9999 -9999 -9999 -9999 -9999 -9999 -9999 -9999 -9999 333.306 316.896666666667 259.511333333333 177.162 119.604 113.996666666667 76.2686666666667 103.204 90.2493333333333 139.773333333333 124.403333333333 102.201666666667 49.4446666666667 45.698 39.812 27.12 39.012 43.7293333333333 29.252 21.296 26.6366666666667 -9999 -9999 -9999 -9999 -9999 -9999 -9999 -9999 -9999 -9999 -9999 -9999 -9999 -9999 -9999 -9999 -9999 -9999 -9999
-9999 -9999 -9999 -9999 -9999 -9999 -9999 -9999 -9999 -9999 -9999 -9999 364.780666666667 297.72 229.751333333333 186.858666666667 178.043333333333 125.535333333333 107.814666666667 133.594 136.214 163.515333333333 161.757333333333 94.443 77.7046666666667 66.5786666666667 63.8373333333333 51.4993333333333 63.7693333333333 50.4086666666667 35.248 33.1966666666667 -9999 -9999 -9999 18.6526666666667 18.7626666666667 -9999 -9999 -9999 -9999 -9999 -9999 -9999 -9999 -9999 -9999 -9999 -9999 -9999 -9999 -9999
-9999 -9999 -9999 -9999 -9999 -9999 -9999 -9999 -9999 -9999 -9999 318.655333333333 357.015333333333 334.047333333333 255.672 260.051333333333 195.085333333333 150.460666666667 134.899333333333 168.070666666667 186.273333333333 199.148 146.766666666667 99.158 102.459333333333 108.389333333333 79.7213333333333 78.5713333333333 72.92 55.7906666666667 44.184 29.4693333333333 -9999 15.782 18.564 21.806 27.23 20.0866666666667 -9999 -9999 -9999 -9999 -9999 -9999 -9999 -9999 -9999 17.236 17.1593333333333 -9999 -9999 16.974
-9999 -9999 -9999 -9999 -9999 -9999 101.275333333333 131.842 -9999 -9999 214.991333333333 251.7085 280.055333333333 307.343666666667 335.342333333333 282.824666666667 223.435 201.497666666667 201.050333333333 229.498 251.034333333333 245.498666666667 175.339333333333 150.942666666667 148.231333333333 122.039333333333 97.1106666666667 77.1553333333333 60.7253333333333 55.2486666666667 43.9646666666667 28.3746666666667 24.4293333333333 23.3786666666667 32.036 34.536 32.9826666666667 28.202 -9999 -9999 -9999 -9999 26.17 35.5746666666667 -9999 -9999 -9999 21.962 -9999 -9999 -9999 21.9693333333333
-9999 -9999 -9999 -9999 -9999 -9999 147.11 197.536 178.451333333333 153.111333333333 138.747333333333 157.328 179.101 235.94 315.998 339.019333333333 317.242666666667 313.082666666667 280.337333333333 307.665333333333 324.509333333333 286.918666666667 255.394 211.942 174.029333333333 119.443333333333 76.82 65.9763333333333 55.288 41.5456666666667 37.1616666666667 28.389 24.201 37.7403333333333 49.0483333333333 44 30.4423333333333 31.158 28.5735555555556 27.4833333333333 27.822 34.008 33.7766666666667 37.8653333333333 54.538 -9999 33.191 25.787 -9999 22.1826666666667 -9999 29.0226666666667
-9999 -9999 -9999 -9999 -9999 -9999 -9999 233.838 252.802 210.133333333333 211.73 203.596 218.472 234.412666666667 260.588 291.434666666667 333.376666666667 359.956 349.873333333333 359.25 371.741333333333 336.09 282.275333333333 222.151333333333 153.608666666667 120.811666666667 89.9806666666667 72.9953333333333 44.0006666666667 40.6833333333333 46.248 26.7113333333333 39.01 57.592 49.9033333333333 41.0333333333333 34.1313333333333 44.448 40.382 35.784 36.4673333333333 40.768 57.2333333333333 62.9046666666667 55.7966666666667 38.58 31.51 -9999 -9999 33.0166666666667 -9999 33.9833333333333
-9999 -9999 -9999 -9999 -9999 -9999 -9999 271.44 321.516 271.313333333333 249.167333333333 264.377333333333 287.474 301.605333333333 244.434 336.812 371.472666666667 402.891333333333 412.412 414.708666666667 421.380666666667 341.766666666667 285.963333333333 216.044666666667 165.197333333333 122.520666666667 80.2153333333333 48.0433333333333 53.862 62.2113333333333 37.566 42.8013333333333 54.124 89.4706666666667 62.7346666666667 40.4753333333333 38.9873333333333 50.3186666666667 56.9673333333333 39.3886666666667 59.5373333333333 47.9646666666667 51.1466666666667 76.5266666666667 57.5893333333333 42.9266666666667 29.3926666666667 -9999 32.2826666666667 -9999 -9999 -9999
-9999 -9999 -9999 -9999 -9999 -9999 -9999 -9999 374.302666666667 341.533333333333 275.403333333333 329.384666666667 358.130666666667 337.137666666667 286.46 293.964666666667 372.711333333333 424.515333333333 471.310666666667 473.635333333333 416.658 351.348 310.672 251.728 182.895333333333 152.967333333333 90.957 81.77 78.6453333333333 60.9513333333333 36.5633333333333 65.708 89.9493333333333 85.5746666666667 60.3813333333333 48.9526666666667 54.166 69.4733333333333 76.2653333333333 50.1776666666667 70.8053333333333 69.7746666666667 77.4733333333333 78.686 52.9533333333333 35.9726666666667 -9999 38.1346666666667 39.016 33.9346666666667 -9999 38.6853333333333
-9999 -9999 -9999 -9999 -9999 -9999 -9999 -9999 404.259333333333 357.254666666667 323.4 369.415333333333 407.264666666667 366.317333333333 324.548 348.843333333333 381.629333333333 450.088 496.698666666667 478.304 413.91 349.827333333333 287.292666666667 253.622666666667 198.968666666667 140.11 102.029666666667 114.365333333333 93.512 64.4773333333333 42.232 80.4053333333333 101.546 110.840666666667 87.8746666666667 53.6333333333333 59.3026666666667 79.4373333333333 94.1253333333333 55.5056666666667 77.3306666666667 105.07 108.347333333333 93.5513333333333 62.0646666666667 38.1 46.0566666666667 52.7806666666667 46.7193333333333 45.786 27.116 40.358
-9999 -9999 204.104666666667 301.504666666667 377.554 399.917333333333 -9999 -9999 439.558666666667 416.414 409.563333333333 427.34 461.473333333333 406.373333333333 375.259 385.558666666667 441.178 481.798 526.103333333333 492.452666666667 415.569333333333 347.916666666667 267.793333333333 219.150666666667 180.908 127.136666666667 113 122.420666666667 94.6153333333333 56.7093333333333 48.92 78.3953333333333 125.984666666667 137.750666666667 102.398666666667 61.1153333333333 71.4873333333333 89.56 104.088 65.3633333333333 84.3263333333333 133.092666666667 127.556666666667 84.0766666666667 53.0626666666667 50.5846666666667 63.2906666666667 68.412 55.1473333333333 50.6953333333333 36.1993333333333 41.1026666666667
-9999 82.0706666666667 142.573333333333 212.075333333333 286.245333333333 349.197333333333 376.122 383.012666666667 365.343333333333 437.297333333333 454.952 468.736 455.507333333333 463.860666666667 408.100333333333 450.61 518.033333333333 560.463333333333 579.533333333333 493.455333333333 396.314666666667 326.529333333333 265.55 192.138 151.143333333333 164.166 160.316666666667 123.708666666667 70.808 84.6973333333333 63.3346666666667 86.8533333333333 155.178 159.210666666667 114.182666666667 58.3846666666667 83.3446666666667 108.432 119.678 74.8466666666667 95.366 153.604666666667 127.078666666667 89.4113333333333 61.4853333333333 64.8346666666667 69.0293333333333 87.3566666666667 82.0946666666667 55.3706666666667 37.1366666666667 55.118
62.2773333333333 41.3233333333333 97.1763333333333 154.476 194.194666666667 232.900666666667 242.163333333333 254.391333333333 291.612666666667 360.102666666667 388.155333333333 457.851333333333 501.312666666667 511.072666666667 468.127333333333 455.214333333333 553.35 627.136666666667 630.828 559.406 454.700666666667 362.726666666667 308.044666666667 222.248 208.312 230.822 192.701333333333 150.746 101.433666666667 69.32 73.98 104.294 164.873333333333 186.842 118.449333333333 79.39 107.003333333333 130.912666666667 117.126 74.174 107.603333333333 162.212333333333 125.436 90.9513333333333 120.670666666667 82.1493333333333 94.3786666666667 111.651333333333 103.257333333333 70.2933333333333 42.054 63.594
112.266 61.0413333333333 106.667333333333 126.657333333333 157.138666666667 185.134666666667 203.9 232.122 255.59 299.334 393.575333333333 471.64 602.342 574.626 526.878 525.302666666667 609.134 674.963333333333 721.877333333333 628.774 552.226 459.954 325.726 305.026 289.192666666667 258.972 193.674666666667 138.456 117.014666666667 108.08 109.532666666667 141.936666666667 206.382666666667 178.530666666667 110.808666666667 115.726666666667 140.154666666667 149.438666666667 115.420666666667 77.5913333333333 112.327333333333 184.230333333333 145.836666666667 94.702 139.528666666667 111.408 133.900666666667 128.814 97.5126666666667 61.7153333333333 53.966 80.0613333333333
163.278 108.964666666667 55.1553333333333 165.425 199.739333333333 239.246 288.529333333333 313.799333333333 358.634 370.665333333333 386.027333333333 502.710666666667 610.465333333333 680.548 571.186666666667 554.449333333333 609.990666666667 739.234666666667 676.195333333333 578.070666666667 505.814666666667 439.388666666667 421.468 386.804666666667 356.635333333333 280.772 203.226666666667 168.554666666667 134.097333333333 117.202666666667 165.581333333333 185.881333333333 240.166666666667 174.326666666667 105.147333333333 146.81 173.661333333333 182.458 119.888 123.176 118.549333333333 188.771 179.888 134.598 169.174666666667 165.284666666667 147.194666666667 104.284 86.432 61.5193333333333 66.014 87.448
213.783333333333 139.260666666667 65.7753333333333 150.336 276.356666666667 333.258 370.518 411.970666666667 425.338666666667 446.084666666667 395.898 449.62 562.775333333333 664.066666666667 712.959333333333 690.09 699.134666666667 735.902 670.513333333333 644.709333333333 590.878 559.483333333333 501.884 445.376 381.391333333333 302.505333333333 256.012666666667 176.403333333333 166.94 173.025333333333 167.580666666667 236.555333333333 246.982666666667 182.814666666667 156.795333333333 194.522 217.273333333333 198.548666666667 152.806666666667 156.108 128.558666666667 176.451333333333 193.056 178.014 208.142 178.040666666667 119.486 94.336 84.3693333333333 101.004 95.5166666666667 68.4766666666667
275.752333333333 189.006333333333 104.047666666667 111.800666666667 180.266222222222 335.812 439.792666666667 501.544 558.017 598.933666666667 577.918 602.181666666667 578.634666666667 674.852333333333 800.052333333333 777.565 687.737111111111 705.036 716.582 673.833333333333 662.256 597.071333333333 533.258666666667 470.749333333333 416.131333333333 358.356666666667 268.04 214.868 242.729333333333 216.223 246.352666666667 288.574 300.958 229.217333333333 211.244 233.798 251.996666666667 214.171333333333 191.352666666667 194.554 151.734 207.508 250.673666666667 217.942 180.727333333333 146.324666666667 130.818666666667 141.877333333333 130.770666666667 151.528666666667 131.83 89.1433333333333
326.79 212.896 99.3073333333333 160.908666666667 136.569 214.742 346.558666666667 490.054666666667 622.883333333333 715.897333333333 759.401333333333 820.026666666667 771.761333333333 732.255333333333 833.262666666667 756.613333333333 704.266 709.004 769.883333333333 685.811666666667 622.746333333333 600.312666666667 577.972666666667 543.674666666667 476.659666666667 408.082333333333 352.47 311.957666666667 312.011666666667 284.115333333333 338.406666666667 365.818333333333 346.418 301.013 304.656333333333 320.068333333333 329.926333333333 280.787 275.763 261.757 235.745 221.947 287.876333333333 288.270666666667 255.885666666667 227.519666666667 208.751666666667 192.755333333333 201.601666666667 215.506666666667 168.246 150.751333333333
354.404666666667 204.324666666667 146.634 257.932666666667 145.433333333333 211.277333333333 394.332666666667 509.498 593.149333333333 714.748666666667 755.510666666667 781.367333333333 829.626666666667 788.934666666667 751.057333333333 714.515333333333 644.41 698.626666666667 777.005666666667 676.113333333333 646.021333333333 553.849333333333 565.491333333333 635.924 553.925333333333 506.932666666667 471.531333333333 434.162 404.7 397.68 407.849333333333 442.866333333333 394.744666666667 390.333333333333 406.298666666667 419.541333333333 409.970666666667 377.146 360.032666666667 368.962666666667 364.614666666667 338.986 365.715333333333 408.791333333333 358.835666666667 294.666 316.025333333333 323.595333333333 295.896666666667 269.911333333333 256.252666666667 277.477333333333
352.578666666667 168.446666666667 232.926 338.390666666667 214.414666666667 140.351333333333 333.230666666667 414.629333333333 558.080666666667 616.746 674.7 744.749333333333 829.424666666667 746.763333333333 676.041333333333 612.164 582.634666666667 703.789333333333 780.967 669.715333333333 591.520666666667 558.13 553.655333333333 625.562666666667 611.538 610.876 588.747333333333 555.862666666667 524.860666666667 529.434666666667 541.048 527.13 490.674 476.452 465.650666666667 500.061333333333 475.880666666667 450.401333333333 424.524666666667 414.478 427.302 447.946 437.013333333333 479.982666666667 385.120333333333 283.563333333333 288.790666666667 327.774666666667 375.662666666667 359.342666666667 355.330666666667 339.756
296.794 273.244666666667 353.779333333333 382.994666666667 256.536666666667 152.257 290.656666666667 462.685333333333 474.346 541.168 631.882666666667 703.026 794.203333333333 737.404 668.584666666667 593.859333333333 573.182666666667 683.800666666667 750.161 673.402 626.96 534.84 571.448666666667 648.066666666667 583.509333333333 595.465333333333 591.830666666667 636.710666666667 661.32 655.235333333333 629.373333333333 565.57 488.949333333333 466.026 508.23 479.297333333333 464.672666666667 429.658666666667 397.648 375.443333333333 376.301333333333 420.41 479.688666666667 430.908 366.830666666667 271.411333333333 254.564 315.055333333333 359.120666666667 425.239333333333 435.196 375.124666666667
274.69 404.947333333333 483.426 462.937333333333 330.750666666667 161.249333333333 212.888666666667 288.680666666667 427.032666666667 506.186666666667 598.32 694.044 740.552666666667 680.762 643.080666666667 552.351333333333 554.457333333333 630.767333333333 689.933333333333 670.898333333333 620.450666666667 513.240666666667 552.053333333333 628.728666666667 589.502 594.538 646.383333333333 663.17 643.61 638.966 627.014 554.797333333333 467.899 428.592666666667 473.636 454.372666666667 426.978 393.603333333333 347.641333333333 301.344666666667 330.7 381.184666666667 445.148666666667 389.324 363.101333333333 275.804666666667 198.037333333333 286.743333333333 345.324 399.362666666667 414.078666666667 341.056666666667
343.876666666667 474.961333333333 586.32 478.040666666667 353.474666666667 174.696666666667 294.619333333333 319.521333333333 376.116666666667 489.706666666667 604.548 750.569333333333 764.637333333333 665.296 597.03 509.818666666667 507.068 588.580666666667 613.808 581.954666666667 540.398666666667 484.978666666667 472.598666666667 592.044666666667 562.09 615.039333333333 664.466 658.88 619.154 624.248 592.885333333333 513.176666666667 454.184 447.268666666667 463.44 430.927333333333 352.476666666667 339.274 319.203333333333 263.097333333333 309.74 374.04 441.156 394.102 301.035333333333 242.825666666667 172.567333333333 251.353333333333 299.294666666667 339.486666666667 392.201333333333 352.458666666667
452.526 590.823333333333 617.636 441.836666666667 256.518 302.978666666667 313.604 393.392333333333 468.320666666667 540.764666666667 658.492 821.073333333333 782.73 761.040666666667 723.846 539.564666666667 421.260666666667 475.935333333333 526.279333333333 466.305333333333 437.992333333333 389.982 486.694 550.630666666667 583.255333333333 644.294666666667 650.763333333333 604.016 637.722666666667 596.422666666667 525.554 504.94 477.648666666667 421.203333333333 498.338666666667 441.688666666667 370.836 340.289333333333 297.435333333333 246.276666666667 295.980666666667 367.908 399.916 379.48 289.236666666667 245.179333333333 175.710666666667 202.952 210.956 285.797333333333 343.309333333333 354.956
