data/derived/r_mean_scd.asc
NCOLS 186 
NROWS 74 
XLLCORNER 443300.206538099 
YLLCORNER 4085841.77455235 
CELLSIZE 500 
NODATA_value -9999 
[rows 22 to 43 of 74, columns 98 to 146 of 186]
28.5714285714286 -9999 -9999 -9999 -9999 -9999 34.8571428571429 42.2857142857143 37.7142857142857 33.1428571428571 42.8571428571429 43.4285714285714 41.7142857142857 37.7142857142857 41.7142857142857 54.8571428571429 58.8571428571429 60.5714285714286 60.5714285714286 54.2857142857143 -9999 -9999 18.8571428571429 16.5714285714286 17.1428571428571 20 21.1428571428571 -9999 18.8571428571429 17.1428571428571 19.4285714285714 18.8571428571429 16.5714285714286 21.1428571428571 22 17.1428571428571 17.7142857142857 21.1428571428571 23.4285714285714 24 24 16 5.71428571428571 3.42857142857143 3.42857142857143 3.42857142857143 3.42857142857143 2.85714285714286 2.85714285714286
33.1428571428571 31.4285714285714 -9999 26.2857142857143 25.7142857142857 28 34.2857142857143 41.7142857142857 46.2857142857143 35.7142857142857 39.4285714285714 47.4285714285714 46.8571428571429 38.8571428571429 46.8571428571429 62.2857142857143 70.2857142857143 77.7142857142857 75.4285714285714 63.4285714285714 41.7142857142857 -9999 26.2857142857143 25.1428571428571 26.8571428571429 38.8571428571429 51.4285714285714 47.4285714285714 37.7142857142857 26.8571428571429 22.2857142857143 18.8571428571429 23.4285714285714 31.4285714285714 37.1428571428571 32.5714285714286 26.2857142857143 35.4285714285714 34.2857142857143 29.7142857142857 29.1428571428571 24 12.5714285714286 7.42857142857143 5.14285714285714 4 3.42857142857143 2.85714285714286 3.42857142857143
44 38.2857142857143 35.4285714285714 41.1428571428571 49.1428571428571 52.5714285714286 59.4285714285714 52 48 41.4285714285714 36.5714285714286 41.7142857142857 46.2857142857143 44 48 53.1428571428571 65.7142857142857 70.2857142857143 69.1428571428571 53.1428571428571 37.1428571428571 26.2857142857143 23.1428571428571 37.7142857142857 52 55.4285714285714 61.7142857142857 69.1428571428571 58.8571428571429 48 34.2857142857143 28.5714285714286 26.2857142857143 32 38.2857142857143 43.1428571428571 36.5714285714286 34.2857142857143 29.1428571428571 25.7142857142857 24 22.8571428571429 20.5714285714286 16 6.85714285714286 4 3.71428571428571 2.85714285714286 3.61904761904762
62.2857142857143 56.8571428571429 51.1428571428571 50.5714285714286 54 65.7142857142857 74 75.4285714285714 80.5714285714286 75.4285714285714 69.5714285714286 64.2857142857143 62.2857142857143 60 59.4285714285714 65.4285714285714 70.2857142857143 70 62 50 41.1428571428571 38.2857142857143 35.7142857142857 45.7142857142857 55.4285714285714 63.7142857142857 62.2857142857143 53.7142857142857 49.1428571428571 42.2857142857143 36.2857142857143 37.1428571428571 50.2857142857143 61.7142857142857 62 58.5714285714286 44.1428571428571 36.2857142857143 34 28.5714285714286 20.2857142857143 18 16.8571428571429 18 12.8571428571429 7.14285714285714 5.14285714285714 4 4.57142857142857
75.4285714285714 68.5714285714286 65.1428571428571 73.1428571428571 77.1428571428571 72.5714285714286 76.5714285714286 82.2857142857143 88 88.5714285714286 82.2857142857143 81.1428571428571 86.2857142857143 84.5714285714286 77.1428571428571 68 77.7142857142857 81.1428571428571 78.8571428571429 69.7142857142857 63.4285714285714 57.1428571428571 54.8571428571429 67.4285714285714 63.4285714285714 53.7142857142857 44 38.8571428571429 39.4285714285714 34.2857142857143 32.5714285714286 38.8571428571429 54.2857142857143 75.4285714285714 92 82.8571428571429 68 50.8571428571429 37.1428571428571 26.2857142857143 19.4285714285714 16 14.2857142857143 11.4285714285714 12 11.4285714285714 8.57142857142857 6.85714285714286 6.85714285714286
74.8571428571429 66.8571428571429 65.1428571428571 81.1428571428571 94.2857142857143 106.857142857143 103.428571428571 100 93.7142857142857 94.2857142857143 92.5714285714286 80 82.8571428571429 85.7142857142857 83.4285714285714 77.1428571428571 74.8571428571429 78.2857142857143 77.1428571428571 73.7142857142857 72.5714285714286 67.4285714285714 69.7142857142857 78.8571428571429 78 54.8571428571429 41.1428571428571 37.1428571428571 37.1428571428571 31.4285714285714 30.8571428571429 32.5714285714286 48 54.8571428571429 56.5714285714286 56 62.2857142857143 61.1428571428571 43.4285714285714 30.8571428571429 26.8571428571429 21.1428571428571 16 12 9.14285714285714 8.57142857142857 8 6.28571428571429 5.71428571428571
72.5714285714286 62.2857142857143 69.1428571428571 80.5714285714286 98.2857142857143 103.428571428571 105.714285714286 100 99.4285714285714 98.2857142857143 104 102.571428571429 101.142857142857 91.4285714285714 88 86.8571428571429 81.7142857142857 81.7142857142857 77.7142857142857 68.5714285714286 69.1428571428571 70.8571428571429 68 68 60.2857142857143 57.1428571428571 43.4285714285714 34.8571428571429 32 32.5714285714286 27.4285714285714 30.2857142857143 33.1428571428571 34.8571428571429 44 48.5714285714286 48.5714285714286 55.4285714285714 59.4285714285714 67.4285714285714 57.1428571428571 52.5714285714286 35.4285714285714 22.2857142857143 11.4285714285714 6.85714285714286 5.71428571428571 4.57142857142857 5.71428571428571
77.1428571428571 78.2857142857143 78.2857142857143 72 80 93.7142857142857 97.7142857142857 98.8571428571429 104 100.571428571429 98.2857142857143 104.571428571429 111.428571428571 109.714285714286 99.4285714285714 97.7142857142857 101.142857142857 96 85.1428571428571 76.5714285714286 82.2857142857143 88 91.4285714285714 85.7142857142857 61.7142857142857 56.8571428571429 46.2857142857143 42.8571428571429 36.5714285714286 38.2857142857143 45.1428571428571 49.7142857142857 53.1428571428571 50.2857142857143 45.1428571428571 50.8571428571429 53.1428571428571 55.4285714285714 58.5714285714286 80 76.5714285714286 71.4285714285714 63.4285714285714 45.1428571428571 23.4285714285714 11.4285714285714 5.71428571428571 6.28571428571429 4.57142857142857
106.285714285714 106.285714285714 95.4285714285714 82.8571428571429 69.7142857142857 73.7142857142857 85.7142857142857 93.1428571428571 101.142857142857 102.857142857143 98.8571428571429 98.2857142857143 112.857142857143 115.428571428571 112.571428571429 105.714285714286 108 105.142857142857 90.8571428571429 90.8571428571429 96 105.142857142857 108.571428571429 109.714285714286 90.8571428571429 69.7142857142857 54.2857142857143 49.1428571428571 52 54.2857142857143 57.7142857142857 60 66.2857142857143 66.2857142857143 66.2857142857143 70.2857142857143 69.1428571428571 60.5714285714286 58.5714285714286 66.2857142857143 63.4285714285714 60.5714285714286 52 42.8571428571429 29.1428571428571 19.4285714285714 14.8571428571429 10.8571428571429 7.42857142857143
117.142857142857 116 110.857142857143 106.285714285714 98.2857142857143 93.1428571428571 93.1428571428571 96.5714285714286 101.714285714286 105.714285714286 107.428571428571 97.7142857142857 102.857142857143 111.142857142857 113.714285714286 114.285714285714 109.142857142857 106.285714285714 107.428571428571 109.142857142857 111.428571428571 111.428571428571 110.857142857143 112 112 101.714285714286 72.8571428571429 54.2857142857143 55.4285714285714 62.2857142857143 72 80 84.5714285714286 81.7142857142857 84.5714285714286 87.4285714285714 82.8571428571429 76 73.4285714285714 62.8571428571429 53.1428571428571 49.7142857142857 47.4285714285714 46.8571428571429 49.7142857142857 42.2857142857143 29.7142857142857 21.7142857142857 20.5714285714286
111.428571428571 108 107.428571428571 111.428571428571 111.428571428571 112.571428571429 109.714285714286 105.142857142857 108 113.142857142857 117.714285714286 101.142857142857 96.5714285714286 100.285714285714 109.714285714286 115.428571428571 112.571428571429 112 108.571428571429 109.142857142857 115.428571428571 111.428571428571 108.571428571429 109.714285714286 107.428571428571 101.714285714286 86.2857142857143 64 62.8571428571429 67.4285714285714 73.1428571428571 93.1428571428571 92 86.2857142857143 86.8571428571429 93.1428571428571 87.4285714285714 84 79.4285714285714 72.5714285714286 60 58.2857142857143 65.7142857142857 81.1428571428571 72 62.8571428571429 58.2857142857143 43.4285714285714 35.4285714285714
120 115.428571428571 112 112.571428571429 116.571428571429 122.285714285714 121.142857142857 117.142857142857 106.857142857143 108.571428571429 108.571428571429 97.7142857142857 85.7142857142857 94.5714285714286 113.714285714286 124 123.428571428571 121.714285714286 117.714285714286 117.142857142857 113.142857142857 109.142857142857 105.714285714286 107.428571428571 107.428571428571 100.571428571429 86.2857142857143 74.2857142857143 72 77.1428571428571 87.4285714285714 108 114.285714285714 110.285714285714 108 109.714285714286 105.714285714286 105.714285714286 97.1428571428571 74.2857142857143 68 89.1428571428571 106.857142857143 108 92.5714285714286 89.1428571428571 97.1428571428571 81.7142857142857 54.8571428571429
124.571428571429 127.714285714286 129.142857142857 129.142857142857 132.571428571429 129.714285714286 128 121.142857142857 112.571428571429 102.285714285714 96 90.2857142857143 85.1428571428571 85.7142857142857 104.285714285714 125.714285714286 129.142857142857 129.714285714286 129.714285714286 122.285714285714 116 112.571428571429 113.714285714286 113.714285714286 113.714285714286 106.285714285714 100.571428571429 92 88 86.8571428571429 85.7142857142857 108.571428571429 119.428571428571 114.285714285714 109.142857142857 116.571428571429 116 120.571428571429 118.285714285714 95.4285714285714 81.1428571428571 91.4285714285714 108 107.428571428571 96.5714285714286 98.2857142857143 94.2857142857143 84.5714285714286 67.4285714285714
108 124.571428571429 132.571428571429 133.142857142857 133.714285714286 129.142857142857 129.142857142857 124 116 100.571428571429 82.8571428571429 70.8571428571429 74.2857142857143 77.1428571428571 92.8571428571429 109.142857142857 117.142857142857 125.142857142857 126.285714285714 121.714285714286 121.142857142857 112.571428571429 108.571428571429 104.571428571429 108 99.4285714285714 100 106.857142857143 110.285714285714 105.714285714286 104.571428571429 99.4285714285714 104.571428571429 106.285714285714 108.571428571429 108 113.142857142857 108.571428571429 102.285714285714 91.4285714285714 75.7142857142857 77.7142857142857 93.1428571428571 96 91.4285714285714 96.5714285714286 96.5714285714286 93.1428571428571 72
99.4285714285714 106.285714285714 119.142857142857 124 113.714285714286 108.571428571429 110.857142857143 114.285714285714 109.714285714286 109.142857142857 90.8571428571429 70.8571428571429 66.2857142857143 78.8571428571429 86.8571428571429 90.5714285714286 94.2857142857143 97.1428571428571 98.8571428571429 104.571428571429 107.428571428571 98.8571428571429 87.4285714285714 85.1428571428571 81.1428571428571 76.5714285714286 74.8571428571429 87.4285714285714 102.571428571429 106.285714285714 105.142857142857 105.142857142857 105.142857142857 106.857142857143 109.142857142857 108.571428571429 107.428571428571 102.285714285714 97.7142857142857 96 86.8571428571429 78.2857142857143 86.8571428571429 84.5714285714286 73.1428571428571 73.7142857142857 82.2857142857143 69.7142857142857 59.4285714285714
79.7142857142857 87.4285714285714 101.714285714286 111.142857142857 106.857142857143 94.5714285714286 85.4285714285714 88.5714285714286 95.1428571428571 99.4285714285714 94.8571428571429 78.5714285714286 62.8571428571429 64.2857142857143 71.7142857142857 80.4285714285714 80 76.2857142857143 80.5714285714286 86 87.7142857142857 81.7142857142857 68.2857142857143 54.2857142857143 49.1428571428571 48.8571428571429 51.1428571428571 64.2857142857143 75.4285714285714 81.7142857142857 80.8571428571429 83.1428571428571 88 89.7142857142857 91.7142857142857 90.8571428571429 83.4285714285714 78.2857142857143 84 95.1428571428571 102 101.285714285714 101.142857142857 97.7142857142857 96.8571428571429 86.8571428571429 85.1428571428571 92 95.1428571428571
64 70.8571428571429 81.1428571428571 88.8571428571429 92.5714285714286 87.4285714285714 77.7142857142857 73.1428571428571 75.4285714285714 84.5714285714286 84.5714285714286 66.2857142857143 53.1428571428571 52 60 70.2857142857143 68.8571428571429 61.7142857142857 68 76 74.8571428571429 59.4285714285714 46.8571428571429 36.5714285714286 28.5714285714286 26.8571428571429 36.5714285714286 46.8571428571429 57.1428571428571 61.1428571428571 57.7142857142857 59.4285714285714 62.8571428571429 64 61.7142857142857 55.4285714285714 52 50.8571428571429 53.7142857142857 64.5714285714286 73.1428571428571 84.5714285714286 90.5714285714286 92.5714285714286 88 88 85.1428571428571 82.2857142857143 84.5714285714286
57.7142857142857 66.2857142857143 78.8571428571429 83.1428571428571 88 85.7142857142857 81.1428571428571 72 71.4285714285714 78.8571428571429 81.1428571428571 66.8571428571429 56 -9999 50.2857142857143 58.8571428571429 58.2857142857143 55.4285714285714 62.2857142857143 72.5714285714286 73.7142857142857 64.5714285714286 50.2857142857143 33.7142857142857 23.4285714285714 25.7142857142857 33.7142857142857 42.2857142857143 56 62 50.2857142857143 51.4285714285714 54.2857142857143 54.2857142857143 51.4285714285714 46.8571428571429 43.4285714285714 38.2857142857143 39.4285714285714 46.8571428571429 58.8571428571429 70.2857142857143 84.2857142857143 86.2857142857143 82.8571428571429 78.8571428571429 77.1428571428571 73.1428571428571 64.5714285714286
54.8571428571429 55.4285714285714 72.5714285714286 76.5714285714286 75.7142857142857 80 78.8571428571429 69.1428571428571 64.5714285714286 67.4285714285714 70.8571428571429 61.1428571428571 52.5714285714286 -9999 42.2857142857143 49.1428571428571 48 46.5714285714286 64.5714285714286 72.5714285714286 64.5714285714286 61.7142857142857 53.7142857142857 39.4285714285714 22.2857142857143 20 29.7142857142857 41.7142857142857 53.7142857142857 60.5714285714286 59.1428571428571 44.5714285714286 43.4285714285714 47.4285714285714 46.8571428571429 40 32 29.1428571428571 28 38.2857142857143 48 60 65.7142857142857 78.8571428571429 76 71.4285714285714 66.2857142857143 60.5714285714286 50.2857142857143
51.4285714285714 48 54.8571428571429 64.5714285714286 72.8571428571429 74.2857142857143 72 65.7142857142857 57.7142857142857 60.5714285714286 61.7142857142857 58.2857142857143 44 -9999 35.4285714285714 34.2857142857143 37.7142857142857 49.1428571428571 68 70.2857142857143 62.8571428571429 53.1428571428571 38.8571428571429 30.2857142857143 22.8571428571429 18.2857142857143 22.8571428571429 33.1428571428571 48 57.7142857142857 56.5714285714286 43.4285714285714 37.1428571428571 40 42.2857142857143 33.1428571428571 22.8571428571429 22.2857142857143 24 32.5714285714286 48.5714285714286 57.7142857142857 56.5714285714286 63.7142857142857 70.8571428571429 64 57.7142857142857 50.2857142857143 39.4285714285714
43.4285714285714 40 38.8571428571429 45.1428571428571 56 70.8571428571429 66.2857142857143 56.5714285714286 50.8571428571429 49.7142857142857 53.1428571428571 50.8571428571429 37.1428571428571 -9999 -9999 30.8571428571429 -9999 45.7142857142857 61.1428571428571 66.8571428571429 58.2857142857143 45.7142857142857 31.4285714285714 24 20 16.5714285714286 18.8571428571429 28 38.2857142857143 54.2857142857143 52.5714285714286 42.2857142857143 41.7142857142857 42.8571428571429 38.2857142857143 28.5714285714286 22.2857142857143 19.4285714285714 24.5714285714286 31.4285714285714 38.8571428571429 46.8571428571429 46.8571428571429 55.1428571428571 61.1428571428571 60 54.2857142857143 46.2857142857143 38.8571428571429
31.4285714285714 25.1428571428571 25.7142857142857 31.4285714285714 36.5714285714286 60.8571428571429 62.2857142857143 46.2857142857143 40 37.7142857142857 41.1428571428571 42.2857142857143 32 -9999 -9999 -9999 -9999 30.2857142857143 48 61.1428571428571 63.4285714285714 52.5714285714286 38.2857142857143 26.2857142857143 16 16 17.1428571428571 22.2857142857143 35.4285714285714 46.2857142857143 49.7142857142857 42.8571428571429 34.2857142857143 32 30.8571428571429 24 19.4285714285714 17.7142857142857 24.5714285714286 37.1428571428571 41.1428571428571 39.4285714285714 41.1428571428571 46.2857142857143 45.7142857142857 45.7142857142857 44.5714285714286 40.5714285714286 38.8571428571429
