data/derived/r_mean_scmd_1250.asc
NCOLS 186 
NROWS 74 
XLLCORNER 443300.206538099 
YLLCORNER 4085841.77455235 
CELLSIZE 500 
NODATA_value -9999 
[rows 46 to 68 of 74, columns 0 to 51 of 186]
-9999 -9999 -1 -1 -1 -1 -1 105.857142857143 93.0714285714286 89.6428571428571 -1 121.357142857143 124.785714285714 139.285714285714 134.571428571429 133.285714285714 -1 124.642857142857 115.678571428571 105.75 121.428571428571 122.178571428571 121.321428571429 124.928571428571 125.535714285714 118.892857142857 140.095238095238 148.309523809524 163.857142857143 169.571428571429 170.714285714286 173 175.857142857143 182.142857142857 193 202.142857142857 205.571428571429 211.857142857143 215.857142857143 222.428571428571 230.714285714286 242.142857142857 243.285714285714 245 241.571428571429 242.714285714286 242.142857142857 244.428571428571 245.571428571429 243.857142857143 241 233.571428571429
-9999 -9999 -9999 -1 -1 -1 -1 -1 -1 -1 -1 80.7142857142857 75.7857142857143 127.642857142857 134.785714285714 133.5 -1 -1 -1 71 -1 -1 109.214285714286 121.214285714286 121.214285714286 120.857142857143 136.642857142857 131.607142857143 150.821428571429 157.107142857143 171.285714285714 175.285714285714 189 196.142857142857 198.428571428571 210.142857142857 214.142857142857 217 225.571428571429 228.428571428571 234.714285714286 238.428571428571 242.714285714286 241 235.857142857143 237.571428571429 235.285714285714 242.142857142857 241.571428571429 235.857142857143 226.714285714286 219.285714285714
-9999 -9999 -9999 -9999 -9999 -1 -1 -1 -1 -1 -1 -1 -1 89.6428571428571 112.428571428571 -1 -1 -1 81.2142857142857 79.3571428571429 94.0714285714286 119.714285714286 119.714285714286 121.857142857143 138.214285714286 155.285714285714 152.071428571429 163 170.714285714286 177.428571428571 183.285714285714 188.428571428571 197.571428571429 202.714285714286 209.571428571429 214.714285714286 219.857142857143 228.428571428571 232.428571428571 235.285714285714 237.285714285714 237 236.428571428571 235.285714285714 227.285714285714 223.571428571429 219.857142857143 219.285714285714 215.571428571429 220.428571428571 214.142857142857 210.428571428571
-9999 -9999 -9999 -9999 -9999 -9999 -1 -1 -1 -1 -9999 -1 -1 -1 -1 -1 -1 -1 103.071428571429 110.714285714286 117.571428571429 124.214285714286 111.857142857143 122.5 120.857142857143 150.714285714286 152.642857142857 170.142857142857 177.571428571429 184.857142857143 190.142857142857 192.428571428571 201.571428571429 208.428571428571 213.571428571429 215.857142857143 223.857142857143 230.714285714286 234.142857142857 235.857142857143 235.285714285714 235 233 230.714285714286 216.428571428571 207.285714285714 199.285714285714 195.285714285714 197 197.571428571429 197 201.571428571429
-9999 -9999 -9999 -9999 -9999 -1 -9999 -9999 -9999 -9999 -9999 -9999 -9999 -1 -1 -1 96.7142857142857 102.785714285714 108.571428571429 121.357142857143 126.928571428571 128.714285714286 120.857142857143 138.928571428571 146.928571428571 151.285714285714 163.857142857143 168.285714285714 180.714285714286 188.428571428571 189.571428571429 198.714285714286 207.285714285714 211.285714285714 215.285714285714 218.714285714286 230.142857142857 231.285714285714 231.285714285714 233 233 231.857142857143 232.428571428571 224.428571428571 215.857142857143 206.714285714286 193.571428571429 191.285714285714 188.428571428571 192.428571428571 193.571428571429 194.714285714286
-9999 -9999 -9999 -9999 -9999 -1 -1 -9999 -9999 -9999 -9999 -9999 -9999 -9999 -1 -1 -1 73.9285714285714 89.0714285714286 100.285714285714 105.214285714286 123.285714285714 129.357142857143 147.857142857143 157.571428571429 163.857142857143 167.857142857143 175.142857142857 182 182.071428571429 193 207.857142857143 211.857142857143 215.285714285714 222.714285714286 227.285714285714 231.285714285714 230.714285714286 230.714285714286 231.285714285714 232.428571428571 230.714285714286 230.142857142857 222.714285714286 222.142857142857 207.857142857143 190.142857142857 188.428571428571 188.428571428571 185 189.571428571429 190.142857142857
-9999 -9999 -9999 -1 -1 -1 -9999 -9999 -9999 -9999 -9999 -9999 -9999 -9999 -1 -1 -1 -1 62.5 78.4285714285714 91.0714285714286 115.285714285714 132.857142857143 149.571428571429 162.714285714286 165.571428571429 171.857142857143 174.142857142857 176.428571428571 185.285714285714 191.857142857143 204.428571428571 207.857142857143 214.142857142857 221.571428571429 227.285714285714 230.142857142857 229 229 229 228.428571428571 227.285714285714 227.857142857143 219.285714285714 217.571428571429 208.428571428571 191.857142857143 181.571428571429 175.285714285714 178.714285714286 181 181.571428571429
-9999 -9999 -9999 -9999 -1 -1 -9999 -9999 -9999 -9999 -9999 -9999 -9999 -9999 -9999 -9999 -1 47.5357142857143 83.4285714285714 124.214285714286 125.857142857143 145.571428571429 147.857142857143 155.285714285714 163.857142857143 171.857142857143 171.285714285714 174.142857142857 171.285714285714 185 186.714285714286 199.285714285714 205.571428571429 209 213.571428571429 217 222.142857142857 222.142857142857 223.285714285714 225 223.857142857143 223.285714285714 221.571428571429 218.142857142857 210.142857142857 210.142857142857 190.142857142857 182.714285714286 171.285714285714 173.571428571429 174.714285714286 171.285714285714
-9999 -9999 -9999 -9999 -1 -1 -9999 -9999 -9999 -9999 -9999 -9999 -9999 -9999 -9999 -9999 -1 78.5357142857143 118 146.714285714286 146.142857142857 152.428571428571 155.714285714286 161.571428571429 161.571428571429 158.785714285714 161.071428571429 157.571428571429 170.714285714286 188.428571428571 191.571428571429 198.714285714286 203.285714285714 208.428571428571 212.428571428571 213 217 217 218.714285714286 221 221.571428571429 221 218.142857142857 214.714285714286 205 198.714285714286 191.285714285714 182.714285714286 170 167.142857142857 167.857142857143 169.571428571429
-9999 -9999 -9999 -9999 -9999 -1 -9999 -9999 -9999 -9999 -9999 -9999 -9999 -9999 -9999 -9999 -1 62.0714285714286 114.5 143.5 149 134.928571428571 151.857142857143 142.142857142857 149.357142857143 138.785714285714 145.071428571429 146.785714285714 165.571428571429 190.714285714286 195.285714285714 198.714285714286 202.142857142857 207.285714285714 206.142857142857 206.142857142857 209.571428571429 213.571428571429 214.142857142857 218.714285714286 217.571428571429 212.428571428571 211.285714285714 207.571428571429 205.571428571429 201 191.857142857143 188.428571428571 177.428571428571 157.642857142857 153.642857142857 163.714285714286
-9999 -9999 -9999 -9999 -9999 -9999 -9999 -9999 -9999 -9999 -9999 -9999 -9999 -9999 -9999 -9999 -1 -1 86.25 137.785714285714 126.571428571429 131.428571428571 125.785714285714 126.928571428571 126.928571428571 136.285714285714 150.928571428571 170.714285714286 173 188.428571428571 191.857142857143 201.285714285714 201.571428571429 202.142857142857 202.142857142857 202.714285714286 203.857142857143 206.714285714286 209 210.714285714286 214.142857142857 217.571428571429 215.857142857143 200.428571428571 199 198.714285714286 198.142857142857 186.714285714286 181 170.571428571429 156.285714285714 154.785714285714
-9999 -9999 -9999 -9999 -9999 -9999 -9999 -9999 -9999 -9999 -9999 -9999 -9999 -9999 -9999 -9999 -9999 -1 45.9285714285714 89.6428571428571 -1 -1 81.1428571428571 111.357142857143 124.285714285714 154.142857142857 152.428571428571 164.428571428571 180.428571428571 189 189 202.714285714286 195.285714285714 197 194.714285714286 193.571428571429 198.714285714286 199.285714285714 203.285714285714 208.428571428571 201 198.714285714286 202.142857142857 198.714285714286 197.571428571429 197.571428571429 197.571428571429 191.857142857143 176.428571428571 164.857142857143 163.357142857143 148.857142857143
-9999 -9999 -9999 -9999 -9999 -9999 -9999 -9999 -9999 -9999 -9999 -9999 -9999 -9999 -9999 -9999 -9999 -9999 -1 -1 -1 81.4642857142857 81.8571428571429 107.464285714286 134.178571428571 142.928571428571 164.428571428571 179.285714285714 181.571428571429 185.571428571429 190.714285714286 197 193 187.285714285714 189.571428571429 188.428571428571 190.714285714286 193 194.714285714286 201 198.142857142857 195.285714285714 195.857142857143 191.857142857143 193 193.285714285714 193.571428571429 183.285714285714 165.214285714286 143 156.642857142857 146.571428571429
-9999 -9999 -9999 -9999 -9999 -9999 -9999 -9999 -9999 -9999 -9999 -9999 -9999 -9999 -9999 -9999 -9999 -9999 -9999 -1 -1 103.714285714286 97.6428571428571 132.571428571429 146.928571428571 153.571428571429 167 181.285714285714 183.857142857143 185.857142857143 183.285714285714 189 186.857142857143 181.571428571429 178.357142857143 184.714285714286 190.714285714286 189 189.857142857143 189.571428571429 188.428571428571 191.857142857143 189.571428571429 189 189.571428571429 188.714285714286 181.214285714286 174.785714285714 150.785714285714 151 139.357142857143 146.214285714286
-9999 -9999 -9999 -9999 -9999 -9999 -9999 -9999 -9999 -9999 -9999 -9999 -9999 -9999 -9999 -9999 -9999 -9999 -9999 -1 -1 86.4285714285714 103.214285714286 130.928571428571 146.928571428571 154.142857142857 158.142857142857 178.714285714286 180.428571428571 183.285714285714 183.857142857143 179.857142857143 179.285714285714 161.964285714286 166.928571428571 180.428571428571 185.571428571429 185.571428571429 187.285714285714 183.285714285714 178.714285714286 185.857142857143 187.571428571429 184.428571428571 181.285714285714 181.571428571429 162.571428571429 147.642857142857 130.857142857143 135.392857142857 141.964285714286 149.964285714286
-9999 -9999 -9999 -9999 -9999 -9999 -9999 -9999 -9999 -9999 -9999 -9999 -9999 -9999 -9999 -9999 -9999 -9999 -9999 -1 -1 87 84.7142857142857 123.928571428571 134.571428571429 157.214285714286 164.071428571429 177 173 172.428571428571 172.071428571429 175.5 169.214285714286 143.428571428571 176.428571428571 181 175.857142857143 182.142857142857 181 175.5 172.071428571429 170.928571428571 175.857142857143 179.857142857143 177 168.857142857143 148.321428571429 127.357142857143 105.5 106.071428571429 136.857142857143 164.642857142857
-9999 -9999 -9999 -9999 -9999 -9999 -9999 -9999 -9999 -9999 -9999 -9999 -9999 -9999 -9999 -9999 -9999 -9999 -9999 -1 -1 78.25 97.0714285714286 125.642857142857 133.428571428571 139.142857142857 140.857142857143 155.5 174.714285714286 175.285714285714 160.642857142857 161.214285714286 166.357142857143 146 161.678571428571 171.285714285714 177.571428571429 171.857142857143 174.714285714286 168.071428571429 164.642857142857 167.5 157.785714285714 169 169.571428571429 155 136.928571428571 119.5 99.4285714285714 95.4285714285714 139.214285714286 161
-9999 -9999 -9999 -9999 -9999 -9999 -9999 -9999 -9999 -9999 -9999 -9999 -9999 -9999 -9999 -9999 -9999 -9999 -9999 -1 -1 -1 93.8571428571429 104.928571428571 120.5 119.928571428571 136.857142857143 159.857142857143 170.142857142857 165.785714285714 162.714285714286 145.785714285714 137.428571428571 135.142857142857 154.071428571429 164.642857142857 172.428571428571 153.214285714286 157.214285714286 155.5 138.571428571429 131.142857142857 147.5 152.071428571429 146.071428571429 137.5 141.285714285714 122.642857142857 -1 121.285714285714 135.714285714286 145.428571428571
-9999 -9999 -9999 -9999 -9999 -9999 -9999 -9999 -9999 -9999 -9999 -9999 -9999 -9999 -9999 -9999 -9999 -9999 -1 -1 -1 -1 81.5 90.4285714285714 102.214285714286 96.3571428571429 144.071428571429 146.928571428571 152.071428571429 144.857142857143 137.285714285714 135.142857142857 146.928571428571 134 139.714285714286 145.428571428571 156.071428571429 151.5 131.714285714286 125.642857142857 126.428571428571 123.214285714286 139.5 149.642857142857 139.785714285714 131.785714285714 135.785714285714 120.464285714286 -1 116.714285714286 125.071428571429 137.857142857143
-9999 -9999 -9999 -9999 -9999 -9999 -9999 -9999 -9999 -9999 -9999 -9999 -9999 -9999 -9999 -9999 -9999 -9999 -1 -1 -1 -1 -1 80.9285714285714 79.0714285714286 105.142857142857 109.071428571429 133.214285714286 127.714285714286 123.214285714286 -9999 -9999 136.714285714286 136.714285714286 107.071428571429 138.142857142857 147.5 129.428571428571 123.785714285714 99.2857142857143 141.285714285714 141.142857142857 132.714285714286 145.071428571429 132.5 136.5 126.642857142857 113.571428571429 -1 93.1428571428571 134 124.142857142857
-9999 -9999 -9999 -9999 -9999 -9999 -9999 -9999 -9999 -9999 -9999 -9999 -9999 -9999 -9999 -9999 -9999 -9999 -1 -1 -1 -1 -1 71.7857142857143 86.4285714285714 102.785714285714 99.2142857142857 106.642857142857 115 -9999 -9999 122.857142857143 110.5 90.7142857142857 94.1428571428571 111.75 102.714285714286 131 104.142857142857 95.4285714285714 120.928571428571 148.5 138.428571428571 133.857142857143 151.357142857143 127 111.214285714286 92 -1 -1 117.642857142857 123.142857142857
-9999 -9999 -9999 -9999 -9999 -9999 -9999 -9999 -9999 -9999 -9999 -9999 -9999 -9999 -9999 -9999 -9999 -1 -1 -1 -1 -1 -1 -1 70.6428571428571 97.6428571428571 85.9285714285714 97.1428571428571 -9999 -9999 -9999 80.2142857142857 102.642857142857 86.8571428571429 94.1428571428571 99.2142857142857 97.5 96.9285714285714 103.214285714286 92.5714285714286 -1 137.785714285714 122.071428571429 -9999 112.714285714286 112.142857142857 108.928571428571 84 -1 -1 101.857142857143 112.5
-9999 -9999 -9999 -9999 -9999 -9999 -9999 -9999 -9999 -9999 -9999 -9999 -9999 -9999 -9999 -9999 -1 -1 -1 -1 -1 -1 -1 -1 -1 -1 -9999 -9999 -9999 -9999 -9999 67.2857142857143 64.4285714285714 82.8571428571429 81.1428571428571 67.6428571428571 87.7142857142857 92 84.2142857142857 -1 -1 80.3571428571429 -9999 -9999 -9999 91.7857142857143 89.1428571428571 83.4285714285714 -1 -1 109.285714285714 121.642857142857
