data/derived/r_mean_scmc.asc
NCOLS 186 
NROWS 74 
XLLCORNER 443300.206538099 
YLLCORNER 4085841.77455235 
CELLSIZE 500 
NODATA_value -9999 
[rows 44 to 65 of 74, columns 0 to 48 of 186]
0.404761904761905 0.464285714285714 0.428571428571429 0.571428571428571 0.714285714285714 1.92857142857143 2.28571428571429 2.14285714285714 2.14285714285714 2.35714285714286 2.28571428571429 1.92857142857143 1.89285714285714 2.28571428571429 2.42857142857143 2.14285714285714 1.64285714285714 1.78571428571429 1.57142857142857 1.92857142857143 2.07142857142857 2.21428571428571 2.57142857142857 2.57142857142857 2.64285714285714 2.60714285714286 2.78571428571429 3.07142857142857 3.07142857142857 3 3.14285714285714 3 2.85714285714286 3 3.14285714285714 3.35714285714286 2.92857142857143 3.14285714285714 2.67857142857143 2.21428571428571 1.78571428571429 1.78571428571429 1.92857142857143 1.85714285714286 1.92857142857143 2 2.07142857142857 2.28571428571429 2.21428571428571
-9999 0.285714285714286 0.357142857142857 0.571428571428571 0.714285714285714 1.28571428571429 1.67857142857143 1.92857142857143 1.92857142857143 2.07142857142857 2.14285714285714 2.07142857142857 2.32142857142857 2.57142857142857 2.78571428571429 2.5 2 1.92857142857143 1.71428571428571 1.85714285714286 2.07142857142857 2.28571428571429 2.28571428571429 2.21428571428571 2.5 2.78571428571429 3.07142857142857 3.07142857142857 3.21428571428571 3.28571428571429 3.14285714285714 3.21428571428571 3.21428571428571 3.28571428571429 3.14285714285714 2.85714285714286 2.57142857142857 2.78571428571429 2.71428571428571 2.42857142857143 2.07142857142857 2 2.5 2.07142857142857 2.07142857142857 2.14285714285714 2.21428571428571 2.07142857142857 2.21428571428571
-9999 -9999 0.285714285714286 0.571428571428571 0.642857142857143 0.714285714285714 0.785714285714286 0.857142857142857 0.928571428571429 0.928571428571429 0.857142857142857 1.21428571428571 1.78571428571429 2 2.4047619047619 2 1.89285714285714 1.92857142857143 1.75 1.5 1.53571428571429 1.39285714285714 1.42857142857143 1.64285714285714 1.75 1.92857142857143 2.54761904761905 2.61904761904762 3.35714285714286 3.35714285714286 3.57142857142857 3.5 3.35714285714286 3.78571428571429 3.28571428571429 2.78571428571429 2.71428571428571 2.64285714285714 2.28571428571429 2.21428571428571 2.21428571428571 2.21428571428571 2.21428571428571 2.35714285714286 2.14285714285714 2.21428571428571 2.14285714285714 2.28571428571429 2.14285714285714
-9999 -9999 -9999 0.285714285714286 0.428571428571429 0.642857142857143 0.642857142857143 0.571428571428571 0.571428571428571 0.571428571428571 0.571428571428571 0.642857142857143 0.785714285714286 1.28571428571429 1.78571428571429 1.64285714285714 1.64285714285714 1.71428571428571 1.35714285714286 0.857142857142857 0.857142857142857 1 1.21428571428571 1.28571428571429 1.5 1.78571428571429 2.14285714285714 2.25 3 3.07142857142857 3.60714285714286 3.21428571428571 3.32142857142857 2.96428571428571 2.64285714285714 3.03571428571429 2.85714285714286 2.14285714285714 2.21428571428571 2.10714285714286 2.08928571428571 2.14285714285714 2.10714285714286 2.21428571428571 2.28571428571429 2.14285714285714 2.28571428571429 2.64285714285714 2.64285714285714
-9999 -9999 -9999 -9999 -9999 0.285714285714286 0.5 0.5 0.428571428571429 0.5 0.5 0.428571428571429 0.5 0.714285714285714 1.21428571428571 1.64285714285714 1.85714285714286 1.21428571428571 1.07142857142857 0.928571428571429 0.785714285714286 1.42857142857143 1.5 1.64285714285714 1.78571428571429 2.35714285714286 2.35714285714286 3.03571428571429 2.85714285714286 3.35714285714286 3.28571428571429 3.14285714285714 2.71428571428571 2.42857142857143 2.64285714285714 2.42857142857143 2.42857142857143 2.07142857142857 1.85714285714286 2 2.17857142857143 2.5 2.42857142857143 2.21428571428571 2.57142857142857 2.53571428571429 2.67857142857143 2.78571428571429 2.67857142857143
-9999 -9999 -9999 -9999 -9999 -9999 0.357142857142857 0.285714285714286 0.285714285714286 0.357142857142857 -9999 0.357142857142857 0.428571428571429 0.5 0.785714285714286 1.25 1.21428571428571 1.28571428571429 1.21428571428571 1.07142857142857 1.42857142857143 1.71428571428571 1.71428571428571 1.92857142857143 1.78571428571429 2.35714285714286 2.64285714285714 3.28571428571429 3.17857142857143 3.14285714285714 2.85714285714286 2.5 2.42857142857143 2.42857142857143 2.14285714285714 2.14285714285714 2.42857142857143 1.92857142857143 1.78571428571429 2 1.92857142857143 2.25 2.35714285714286 2.07142857142857 2.57142857142857 3.21428571428571 3.14285714285714 3.28571428571429 3.64285714285714
-9999 -9999 -9999 -9999 -9999 0.285714285714286 -9999 -9999 -9999 -9999 -9999 -9999 -9999 0.285714285714286 0.5 0.785714285714286 0.928571428571429 1.07142857142857 1.14285714285714 1.35714285714286 1.71428571428571 1.78571428571429 1.78571428571429 1.85714285714286 2 2.35714285714286 2.85714285714286 3.21428571428571 2.89285714285714 2.5 2.42857142857143 2.07142857142857 2.28571428571429 2.07142857142857 2.14285714285714 2 2 1.92857142857143 1.78571428571429 2.07142857142857 2.07142857142857 2.17857142857143 2.28571428571429 2.35714285714286 2.57142857142857 3.07142857142857 3 3.21428571428571 3.42857142857143
-9999 -9999 -9999 -9999 -9999 0.214285714285714 0.285714285714286 -9999 -9999 -9999 -9999 -9999 -9999 -9999 0.357142857142857 0.357142857142857 0.464285714285714 0.714285714285714 0.928571428571429 1.21428571428571 1.35714285714286 1.64285714285714 1.78571428571429 2.35714285714286 2.42857142857143 2.71428571428571 3.07142857142857 3.42857142857143 3.71428571428571 2.57142857142857 2.35714285714286 2.57142857142857 2.42857142857143 2.07142857142857 1.85714285714286 1.92857142857143 1.78571428571429 1.92857142857143 1.78571428571429 1.92857142857143 2.14285714285714 2.14285714285714 2.14285714285714 2.35714285714286 2.71428571428571 2.92857142857143 2.64285714285714 3.35714285714286 3.35714285714286
-9999 -9999 -9999 0.214285714285714 0.285714285714286 0.357142857142857 -9999 -9999 -9999 -9999 -9999 -9999 -9999 -9999 0.285714285714286 0.285714285714286 0.321428571428571 0.285714285714286 0.5 0.642857142857143 1.07142857142857 1.71428571428571 2.07142857142857 2.64285714285714 2.71428571428571 2.85714285714286 3.21428571428571 3.28571428571429 3.28571428571429 3.46428571428571 3.28571428571429 3 2.35714285714286 2.07142857142857 1.92857142857143 2 1.92857142857143 1.71428571428571 1.92857142857143 2.14285714285714 2 2.28571428571429 2.39285714285714 2.35714285714286 2.85714285714286 3.28571428571429 3.21428571428571 3.21428571428571 3
-9999 -9999 -9999 -9999 0.285714285714286 0.214285714285714 -9999 -9999 -9999 -9999 -9999 -9999 -9999 -9999 -9999 -9999 0.357142857142857 0.392857142857143 1.21428571428571 2.07142857142857 2.35714285714286 2.28571428571429 2.42857142857143 2.85714285714286 3 2.92857142857143 3 3.21428571428571 3.42857142857143 3.64285714285714 3.14285714285714 3.07142857142857 2.92857142857143 2.35714285714286 2 1.92857142857143 1.78571428571429 1.85714285714286 1.78571428571429 2.07142857142857 1.92857142857143 2.21428571428571 2.35714285714286 2.21428571428571 2.71428571428571 2.85714285714286 3.42857142857143 3.35714285714286 3.14285714285714
-9999 -9999 -9999 -9999 0.214285714285714 0.285714285714286 -9999 -9999 -9999 -9999 -9999 -9999 -9999 -9999 -9999 -9999 0.428571428571429 0.928571428571429 2.07142857142857 2.71428571428571 2.85714285714286 2.92857142857143 2.64285714285714 2.85714285714286 2.71428571428571 2.85714285714286 3.07142857142857 3 3.14285714285714 3.21428571428571 3.32142857142857 3.21428571428571 3 2.78571428571429 2.78571428571429 2.64285714285714 2.71428571428571 2.28571428571429 2 2.07142857142857 2 2.28571428571429 2.35714285714286 2.35714285714286 2 2.42857142857143 3 3.14285714285714 2.85714285714286
-9999 -9999 -9999 -9999 -9999 0.357142857142857 -9999 -9999 -9999 -9999 -9999 -9999 -9999 -9999 -9999 -9999 0.357142857142857 0.607142857142857 1.85714285714286 2.42857142857143 2.35714285714286 2.35714285714286 2.21428571428571 2.14285714285714 2.14285714285714 2.14285714285714 2.35714285714286 2.71428571428571 3 3.35714285714286 3 2.71428571428571 2.92857142857143 2.78571428571429 2.78571428571429 3 3.28571428571429 2.78571428571429 2.28571428571429 2.42857142857143 2.28571428571429 2.42857142857143 2.78571428571429 2.32142857142857 2.28571428571429 2.35714285714286 2.57142857142857 3.28571428571429 2.92857142857143
-9999 -9999 -9999 -9999 -9999 -9999 -9999 -9999 -9999 -9999 -9999 -9999 -9999 -9999 -9999 -9999 0.214285714285714 0.142857142857143 0.857142857142857 1.64285714285714 1.64285714285714 1.71428571428571 1.5 1.64285714285714 1.71428571428571 1.78571428571429 2.42857142857143 3.21428571428571 3.21428571428571 3.21428571428571 3.28571428571429 2.92857142857143 2.71428571428571 3.28571428571429 3.28571428571429 3.57142857142857 3.64285714285714 2.92857142857143 2.5 2.14285714285714 2.71428571428571 2.64285714285714 2.78571428571429 2.78571428571429 2.32142857142857 2.28571428571429 2.57142857142857 2.92857142857143 3.21428571428571
-9999 -9999 -9999 -9999 -9999 -9999 -9999 -9999 -9999 -9999 -9999 -9999 -9999 -9999 -9999 -9999 -9999 0.0714285714285714 0.464285714285714 0.857142857142857 1.14285714285714 1 0.857142857142857 1.21428571428571 1.57142857142857 1.78571428571429 2.5 3.21428571428571 3.35714285714286 3.14285714285714 3.07142857142857 3 2.92857142857143 3.35714285714286 3.28571428571429 3.28571428571429 3.64285714285714 3.07142857142857 2.78571428571429 2.78571428571429 2.64285714285714 2.85714285714286 2.92857142857143 3 2.71428571428571 2.64285714285714 2.64285714285714 3.14285714285714 3.07142857142857
-9999 -9999 -9999 -9999 -9999 -9999 -9999 -9999 -9999 -9999 -9999 -9999 -9999 -9999 -9999 -9999 -9999 -9999 0.285714285714286 0.333333333333333 0.571428571428571 0.642857142857143 0.75 1.35714285714286 1.71428571428571 2.21428571428571 2.85714285714286 3.28571428571429 3.14285714285714 3.28571428571429 3.14285714285714 3.14285714285714 3.14285714285714 3.5 3.57142857142857 3.35714285714286 3.5 3.07142857142857 3.21428571428571 3.28571428571429 3.07142857142857 2.92857142857143 3.21428571428571 2.92857142857143 3.07142857142857 2.92857142857143 3.21428571428571 3.42857142857143 2.85714285714286
-9999 -9999 -9999 -9999 -9999 -9999 -9999 -9999 -9999 -9999 -9999 -9999 -9999 -9999 -9999 -9999 -9999 -9999 -9999 0.428571428571429 0.928571428571429 1.14285714285714 1.21428571428571 1.57142857142857 1.85714285714286 2.35714285714286 3.07142857142857 3.28571428571429 3.21428571428571 3.14285714285714 3.14285714285714 3.39285714285714 3.30357142857143 3.10714285714286 2.96428571428571 3.35714285714286 3.60714285714286 3.5 3.32142857142857 3.17857142857143 3.17857142857143 3.28571428571429 3.28571428571429 3.07142857142857 3.14285714285714 3.10714285714286 2.92857142857143 3.35714285714286 2.57142857142857
-9999 -9999 -9999 -9999 -9999 -9999 -9999 -9999 -9999 -9999 -9999 -9999 -9999 -9999 -9999 -9999 -9999 -9999 -9999 0.428571428571429 0.642857142857143 0.928571428571429 1.28571428571429 1.64285714285714 2 2.5 3.07142857142857 3.5 3.5 3.5 3.42857142857143 3.28571428571429 3.21428571428571 2.57142857142857 3 3.28571428571429 3.5 3.28571428571429 3.35714285714286 3.28571428571429 3.35714285714286 3.14285714285714 3.35714285714286 3.21428571428571 2.85714285714286 3.11904761904762 3.04761904761905 2.60714285714286 2.07142857142857
-9999 -9999 -9999 -9999 -9999 -9999 -9999 -9999 -9999 -9999 -9999 -9999 -9999 -9999 -9999 -9999 -9999 -9999 -9999 0.357142857142857 0.785714285714286 1 1.14285714285714 1.5 1.64285714285714 2.28571428571429 3 3.07142857142857 3.14285714285714 3.42857142857143 3.07142857142857 3.14285714285714 3.21428571428571 2.60714285714286 3 3.71428571428571 3.35714285714286 3.35714285714286 3.28571428571429 3.28571428571429 2.78571428571429 2.64285714285714 3 3.28571428571429 3.14285714285714 3.14285714285714 2.67857142857143 1.78571428571429 1.21428571428571
-9999 -9999 -9999 -9999 -9999 -9999 -9999 -9999 -9999 -9999 -9999 -9999 -9999 -9999 -9999 -9999 -9999 -9999 -9999 0.357142857142857 0.5 0.928571428571429 1.21428571428571 1.71428571428571 2 2.21428571428571 2.35714285714286 2.92857142857143 3.07142857142857 3.14285714285714 2.5 3 2.64285714285714 2.57142857142857 3.03571428571429 3.64285714285714 3.57142857142857 3.21428571428571 3.21428571428571 3 2.78571428571429 2.64285714285714 3 2.85714285714286 3.21428571428571 2.5 2.35714285714286 1.78571428571429 1.14285714285714
-9999 -9999 -9999 -9999 -9999 -9999 -9999 -9999 -9999 -9999 -9999 -9999 -9999 -9999 -9999 -9999 -9999 -9999 -9999 0.357142857142857 0.642857142857143 0.75 1.07142857142857 1.28571428571429 1.42857142857143 1.64285714285714 2.07142857142857 2.5 2.92857142857143 3.21428571428571 2.78571428571429 2.35714285714286 2.21428571428571 2.21428571428571 2.82142857142857 2.92857142857143 3 2.57142857142857 2.57142857142857 2.85714285714286 2.35714285714286 1.92857142857143 2.78571428571429 2.35714285714286 2.28571428571429 1.92857142857143 1.85714285714286 1.35714285714286 0.928571428571429
-9999 -9999 -9999 -9999 -9999 -9999 -9999 -9999 -9999 -9999 -9999 -9999 -9999 -9999 -9999 -9999 -9999 -9999 0.285714285714286 0.285714285714286 0.357142857142857 0.678571428571429 0.928571428571429 0.928571428571429 0.928571428571429 1.21428571428571 1.92857142857143 2.5 2.78571428571429 2.42857142857143 2.07142857142857 2 1.71428571428571 1.78571428571429 2.46428571428571 2.5 2.5 2.28571428571429 2.07142857142857 1.78571428571429 1.85714285714286 2 2.14285714285714 2.28571428571429 2.07142857142857 1.85714285714286 1.64285714285714 1.07142857142857 0.785714285714286
-9999 -9999 -9999 -9999 -9999 -9999 -9999 -9999 -9999 -9999 -9999 -9999 -9999 -9999 -9999 -9999 -9999 -9999 0.357142857142857 0.357142857142857 0.357142857142857 0.642857142857143 0.75 0.714285714285714 0.785714285714286 1.14285714285714 1.28571428571429 1.57142857142857 2 1.57142857142857 -9999 -9999 1.42857142857143 1.78571428571429 1.64285714285714 2.14285714285714 2.07142857142857 2 1.5 1.21428571428571 1.64285714285714 1.57142857142857 1.64285714285714 2.07142857142857 2.07142857142857 1.71428571428571 1.42857142857143 1.28571428571429 0.714285714285714
