data/derived/r_mean_scod.asc
NCOLS 186 
NROWS 74 
XLLCORNER 443300.206538099 
YLLCORNER 4085841.77455235 
CELLSIZE 500 
NODATA_value -9999 
[rows 44 to 65 of 74, columns 49 to 97 of 186]
28.3571428571429 30.0714285714286 30.0714285714286 30.0714285714286 32.3571428571429 31.7857142857143 31.7857142857143 28.3571428571429 27.2142857142857 23.7857142857143 24.3571428571429 30.6428571428571 32.3571428571429 36.9285714285714 38.0714285714286 40.0714285714286 43.7857142857143 48.3571428571429 48.7857142857143 51.0714285714286 53.9285714285714 57.3571428571429 61.9285714285714 61.3571428571429 50.6428571428571 44.9285714285714 42.6428571428571 42.6428571428571 44.8571428571429 47.0714285714286 53.3571428571429 64.2142857142857 64.2142857142857 64.2142857142857 61.3571428571429 61.3571428571429 58.0714285714286 61.5 55.7857142857143 62.6428571428571 62.6428571428571 70.1785714285714 73.1428571428571 74.8571428571429 74.8571428571429 75.4285714285714 80.5714285714286 81.1428571428571 77.1428571428571
30.6428571428571 34.6428571428571 36.9285714285714 36.9285714285714 36.9285714285714 35.2142857142857 35.7857142857143 32.3571428571429 30.0714285714286 29.5 27.2142857142857 28.3571428571429 31.2142857142857 40.3571428571429 42.6428571428571 43.7857142857143 49.2142857142857 55.6428571428571 49.9285714285714 57.3571428571429 55.0714285714286 68.7857142857143 65.9285714285714 60.2142857142857 55.0714285714286 48.3571428571429 42.6428571428571 42.6428571428571 47.0714285714286 51.6428571428571 60.2142857142857 71.6428571428571 74.2857142857143 66.5 60.7857142857143 59.7857142857143 61.5 62.6428571428571 62.6428571428571 63.7857142857143 65.5 73.8571428571429 71.3571428571429 71.0714285714286 75.4285714285714 77.7142857142857 80.5714285714286 79.4285714285714 77.1428571428571
35.2142857142857 38.6428571428571 38.0714285714286 39.2142857142857 39.2142857142857 41.5 35.7857142857143 38.0714285714286 31.2142857142857 32.9285714285714 30.6428571428571 28.9285714285714 34.0714285714286 40.3571428571429 40.9285714285714 40.3571428571429 45.1428571428571 55.6428571428571 58.5 60.7857142857143 65.3571428571429 69.9285714285714 67.0714285714286 57.9285714285714 56.2142857142857 49.5 48.2142857142857 43.7857142857143 48.9285714285714 61.9285714285714 71.6428571428571 77.1428571428571 79.2142857142857 75.7857142857143 64.7857142857143 61.5 63.7857142857143 65.5 64.3571428571429 65.5 84.9285714285714 80.5 78.4642857142857 87 89.8571428571429 89.8571428571429 95.3571428571429 84.9285714285714 76.9285714285714
39.7857142857143 37.5 40.3571428571429 38.6428571428571 38.0714285714286 38.6428571428571 40.9285714285714 40.9285714285714 37.5 38.0714285714286 34.6428571428571 35.2142857142857 38.0714285714286 39.7857142857143 42.0714285714286 40.3571428571429 40.3571428571429 51.9285714285714 68.7857142857143 69.9285714285714 69.9285714285714 68.2142857142857 66.5 55.2142857142857 48.3571428571429 48.3571428571429 53.9285714285714 48.2142857142857 57.3571428571429 66.5 70.9642857142857 77.1428571428571 81.5 79.2142857142857 76.3571428571429 67.9285714285714 70.4285714285714 82.5714285714286 84.2857142857143 83.4285714285714 80.9285714285714 93.0714285714286 85.2857142857143 82.9285714285714 86.0714285714286 95.7142857142857 100.642857142857 104.928571428571 99.0714285714286
42.6428571428571 37.5 39.5 39.7857142857143 45.0714285714286 45.2142857142857 42.9285714285714 41.2142857142857 40.0714285714286 38.6428571428571 38.6428571428571 37.2142857142857 41.5 38.9285714285714 40.0714285714286 40.0714285714286 43.5 54.6428571428571 64.7857142857143 76.5714285714286 73.9285714285714 73.9285714285714 64.2142857142857 51.2142857142857 49.5 46.6428571428571 47.7857142857143 54.0714285714286 63.7857142857143 64.9285714285714 72.1785714285714 77.1428571428571 90.0714285714286 80 69.8571428571429 69.2857142857143 72.7142857142857 82.2142857142857 90.7142857142857 93.8571428571429 91 95.9285714285714 80 82.9285714285714 88.7142857142857 98 103.071428571429 104.571428571429 99.2142857142857
52.3571428571429 47.2142857142857 46.0714285714286 46.0714285714286 46.6428571428571 50.6428571428571 45.5 43.7857142857143 42.0714285714286 37.5 37.5 39.7857142857143 40.3571428571429 40.3571428571429 42.6428571428571 43.2142857142857 44.3571428571429 55.6428571428571 71.4523809523809 70.6785714285714 74.2857142857143 71.4285714285714 66.3928571428571 59.9285714285714 52.0714285714286 54.5714285714286 51.5 57.2142857142857 64.6428571428571 68.5357142857143 79.3809523809524 92.2857142857143 96.5 92.8928571428571 89 82.9285714285714 85.0714285714286 93.8928571428571 97.3214285714286 86.2857142857143 108.75 99.3571428571429 87.6785714285714 90.7380952380952 96.2619047619048 104.5 100.785714285714 92 81.1428571428571
51.2142857142857 51.2142857142857 53.9285714285714 54.5 55.6428571428571 56 53.5 51.7857142857143 46.0714285714286 43.2142857142857 38.0714285714286 40.3571428571429 40.3571428571429 40.3571428571429 42.6428571428571 53.3571428571429 51.0714285714286 57.3571428571429 74.8571428571429 70.2857142857143 78.8571428571429 75.6428571428571 67.0714285714286 58.5 51.6428571428571 59.6428571428571 59.0714285714286 60.7857142857143 69.3571428571429 64.2142857142857 70.8571428571429 99 99.5714285714286 90.7857142857143 83.7857142857143 88.7142857142857 97.4285714285714 105.071428571429 96.5 84.1428571428571 102.785714285714 96.9285714285714 94.2857142857143 103 103.357142857143 78.0714285714286 69.7142857142857 68.3571428571429 51.2857142857143
60.7857142857143 56.7857142857143 57.9285714285714 56.7857142857143 59.6428571428571 63.0714285714286 63.6428571428571 52.3571428571429 47.7857142857143 44.9285714285714 44.3571428571429 44.3571428571429 44.9285714285714 45.5 56.2142857142857 59.0714285714286 64.2142857142857 65.3571428571429 75.4285714285714 78.3928571428571 81.3571428571429 68.2142857142857 67.0714285714286 59.0714285714286 56.2142857142857 63.0714285714286 63.6428571428571 70.2857142857143 69.9285714285714 73.7142857142857 77.1428571428571 79.4285714285714 92.4285714285714 90.2142857142857 87.5714285714286 91.3571428571429 106.214285714286 107.357142857143 105.428571428571 93.0714285714286 90.8571428571429 91.3571428571429 91.9285714285714 101.071428571429 89.2857142857143 81.9642857142857 62.2857142857143 53.9285714285714 70.6428571428571
59.6428571428571 60.2142857142857 59.6428571428571 56.7857142857143 63.0714285714286 63.0714285714286 62.7857142857143 49.5 47.7857142857143 45.5 45.5 44.9285714285714 46.6428571428571 52.9285714285714 64.2142857142857 65.9285714285714 74.8571428571429 61.3571428571429 61.9285714285714 73.3214285714286 77.5 67.0714285714286 61.9285714285714 54.5 54.5 51.2142857142857 55.2142857142857 73.7142857142857 74.8571428571429 77.1428571428571 79.0714285714286 74.2857142857143 73.8214285714286 75.4285714285714 86.5 95.1428571428571 107.928571428571 99.3571428571429 101.571428571429 92.2857142857143 96.7142857142857 86.2142857142857 90.2142857142857 72.5 72.5 65.6071428571429 53.3571428571429 48.2142857142857 48.2142857142857
69.1428571428571 70.8571428571429 65.9285714285714 64.7857142857143 67.6428571428571 68.7857142857143 61.9285714285714 42.6428571428571 44.9285714285714 42.6428571428571 42.6428571428571 44.9285714285714 46.0714285714286 57.3571428571429 63.6428571428571 66.8571428571429 74.6428571428571 60.5714285714286 69.9285714285714 74.7857142857143 86.0714285714286 69.9285714285714 56.9285714285714 57.9285714285714 55.0714285714286 56.3571428571429 60.9285714285714 71 85.2857142857143 68.5714285714286 73.5 69.3571428571429 64.7857142857143 77.7142857142857 76.7857142857143 90.6428571428571 93.5 70.8571428571429 80.8571428571429 103.857142857143 85.7142857142857 84.0714285714286 80.7142857142857 64.5714285714286 65.1428571428571 67.2142857142857 58.2857142857143 39.8571428571429 37
82.0714285714286 72.5714285714286 74.2857142857143 74.8571428571429 80.5714285714286 69.3571428571429 69.3571428571429 54.8571428571429 44.9285714285714 44.9285714285714 42.6428571428571 48.3571428571429 50.6428571428571 58.5 62.5 68.7857142857143 75 60.9285714285714 65.9285714285714 76.5714285714286 72.9642857142857 65.3571428571429 64.2142857142857 52.3571428571429 55.0714285714286 58.0714285714286 65.5 69.5 75.2142857142857 70.2857142857143 66.0714285714286 68.3571428571429 65.9285714285714 65.6071428571429 87.6428571428571 80.9285714285714 81.7142857142857 86.2142857142857 84.7142857142857 92.5 72.5 85.0714285714286 84.4285714285714 58.2857142857143 58.2857142857143 45.3571428571429 47.8571428571429 39.0714285714286 31.8571428571429
75.4285714285714 70.5 79.4285714285714 82.8571428571429 79.4285714285714 69.3571428571429 62.5 51.1428571428571 44.9285714285714 44.9285714285714 45.5 53.9285714285714 53.9285714285714 61.3571428571429 61.3571428571429 68.7857142857143 66.2857142857143 70.7142857142857 69.5714285714286 77.3571428571429 74.3928571428571 68.2142857142857 64.7857142857143 57.3571428571429 58.5 58.6428571428571 64.3571428571429 68.7142857142857 76.7142857142857 74.6428571428571 87.9285714285714 70.2142857142857 72.3571428571429 73.75 68.8571428571429 73.8571428571429 73.6428571428571 61.7142857142857 51.0714285714286 76.3571428571429 73.1428571428571 86.4285714285714 74.2857142857143 54.5 54.5 38.7142857142857 34.4642857142857 21.7857142857143 5.07142857142857
69.7142857142857 83.7857142857143 83.7857142857143 84 76 64.2142857142857 61.9285714285714 52.9285714285714 46.0714285714286 44.9285714285714 52.2142857142857 63.0714285714286 62.5 69.1428571428571 69.7142857142857 61.9285714285714 74.0714285714286 72.9285714285714 66.2857142857143 74.5 71.6428571428571 68.7857142857143 61.9285714285714 59.0714285714286 62.5 68.2142857142857 74.8571428571429 81.4285714285714 79 83.9285714285714 94 83.9285714285714 81.2857142857143 70.2142857142857 69.8214285714286 71.9285714285714 62.7857142857143 58.8571428571429 42.1428571428571 47.8571428571429 66.8571428571429 54.5 59.6428571428571 51.2857142857143 61.9285714285714 29.7857142857143 -9999 33.0714285714286 -9999
65.9285714285714 76.7857142857143 89.2857142857143 83.2142857142857 77.1428571428571 64.2142857142857 59.0714285714286 46.6428571428571 47.7857142857143 44.9285714285714 53.3571428571429 64.7857142857143 72 81.5 71.6428571428571 73.1428571428571 81.2857142857143 78.4285714285714 79.5714285714286 78.8571428571429 72.7857142857143 67.6428571428571 59.6428571428571 61.3571428571429 59.6428571428571 65.9285714285714 75.7857142857143 93.0714285714286 72.3571428571429 89.5 65.9285714285714 58.5 63.6428571428571 72.5714285714286 75.4642857142857 68.3571428571429 67.7857142857143 42.1428571428571 42.1428571428571 42.1428571428571 59.6428571428571 69.7142857142857 64.5714285714286 49.3571428571429 -9999 -9999 -9999 -9999 -9999
67.6428571428571 83.4285714285714 85.5 81.1428571428571 79.2142857142857 64.7857142857143 53.5 52.3571428571429 48.9285714285714 48.3571428571429 53.5 64.2142857142857 69.7142857142857 83.7857142857143 89.6428571428571 73.4285714285714 89.0714285714286 82.4285714285714 80 76.5 70.0714285714286 71.0714285714286 67.6428571428571 68.7857142857143 64.2142857142857 69.7142857142857 76.3571428571429 73.2857142857143 72.7142857142857 79.2142857142857 84.7142857142857 58.5 58.5 74.0714285714286 67.0357142857143 57.9285714285714 -9999 -9999 45.9285714285714 36.4285714285714 36.4285714285714 37 56.2142857142857 39.2857142857143 -9999 -9999 -9999 -9999 -9999
91.7857142857143 82.4285714285714 89.6428571428571 76.9285714285714 76 62.5 51.2142857142857 51.7857142857143 47.7857142857143 52.0714285714286 59.0714285714286 71.0714285714286 77.5714285714286 62.5 75.9285714285714 94.7857142857143 80.8571428571429 72.6428571428571 70.2857142857143 66.0714285714286 66.0714285714286 71.6428571428571 72.4642857142857 76.9285714285714 70.2857142857143 70.2857142857143 72.3571428571429 76.5 80.8571428571429 71.7857142857143 87.9285714285714 66.8571428571429 62.2857142857143 62.2857142857143 57.1428571428571 50.7857142857143 -9999 -9999 -9999 47.6428571428571 47.6428571428571 49.9285714285714 32.4285714285714 -9999 -9999 -9999 -9999 -9999 -9999
97.8571428571429 96.5 81.6071428571429 66.4642857142857 70.5714285714286 62.2142857142857 54.6428571428571 55.3214285714286 56.5 57.5476190476191 62.5 70.5 64.2142857142857 78.6428571428571 70.4285714285714 89.0714285714286 79.3571428571429 73.6428571428571 67.5714285714286 62.6428571428571 64.9285714285714 72.2142857142857 76.2857142857143 85.2857142857143 77.8571428571429 81.9285714285714 76.1428571428571 69.8571428571429 79.2142857142857 71.7857142857143 80.1428571428571 53.9285714285714 52.7857142857143 72.3571428571429 68.9285714285714 56.5 -9999 -9999 -9999 -9999 49.3571428571429 -9999 -9999 -9999 -9999 -9999 -9999 -9999 -9999
80.9285714285714 88.5 80.5714285714286 79.2142857142857 72 70.2857142857143 64.5714285714286 65.7142857142857 63.0714285714286 63.0714285714286 65.3571428571429 71.0714285714286 73.0714285714286 68.2142857142857 71.1071428571429 81.5714285714286 77.75 69.5714285714286 79.5 78.8214285714286 73.7857142857143 83.0357142857143 83.6785714285714 84.6607142857143 92.3214285714286 84.0714285714286 82.25 80.8214285714286 69.3214285714286 64 72.9285714285714 48.7857142857143 60.2857142857143 73.6785714285714 71.2142857142857 57.4285714285714 43.75 -9999 -9999 -9999 -9999 -9999 -9999 -9999 -9999 -9999 -9999 -9999 -9999
72.5 90.5714285714286 84.5714285714286 83.7857142857143 77.5 73.7142857142857 69.7142857142857 63.6428571428571 68 65.3571428571429 65.9285714285714 69.6428571428571 94.5714285714286 71.7857142857143 70.2142857142857 77.5 70.7857142857143 77.0714285714286 104.5 83.5714285714286 83.9285714285714 88.2857142857143 95.1428571428571 93.2857142857143 85.8571428571429 72.3571428571429 81.2857142857143 81.2857142857143 81.2857142857143 81.2857142857143 -9999 -9999 83.2142857142857 63.7857142857143 67.7857142857143 -9999 -9999 -9999 -9999 -9999 -9999 -9999 -9999 -9999 -9999 -9999 -9999 -9999 -9999
105.071428571429 91.7142857142857 91.3571428571429 87.9285714285714 89.2857142857143 81.5 74.0714285714286 72 63.6428571428571 69.1428571428571 77.5 78.9285714285714 86.4285714285714 87 77.7142857142857 66.2857142857143 75.2142857142857 75.7857142857143 106 99.5 93.7857142857143 93.6428571428571 93.6428571428571 101.428571428571 81 70.0714285714286 81.8571428571429 74.0714285714286 -9999 -9999 -9999 -9999 -9999 -9999 -9999 -9999 -9999 -9999 -9999 -9999 -9999 -9999 -9999 -9999 -9999 -9999 -9999 -9999 -9999
108.285714285714 101.428571428571 106.785714285714 93.2142857142857 87.1428571428571 80.3571428571429 68.5714285714286 77.5 78.8571428571429 98.2142857142857 98.9285714285714 71.1428571428571 75.2142857142857 77.1428571428571 72.7142857142857 78.4285714285714 76.3571428571429 73.5 94.2142857142857 88.6428571428571 94.2142857142857 94.0714285714286 94.0714285714286 83.9285714285714 85.6428571428571 70.0714285714286 73.5 -9999 -9999 -9999 -9999 -9999 -9999 -9999 -9999 -9999 -9999 -9999 -9999 -9999 -9999 -9999 -9999 -9999 -9999 -9999 -9999 -9999 -9999
85.8571428571429 110.928571428571 91.3571428571429 93.7857142857143 79.1428571428571 87.7142857142857 89.4285714285714 94.5714285714286 99.3571428571429 74.0714285714286 79 -9999 73.9642857142857 63.7857142857143 82.4285714285714 84.1428571428571 71.0714285714286 70.4285714285714 80.1428571428571 85.0714285714286 69.5 85.2857142857143 81.8571428571429 68.3571428571429 76.1428571428571 -9999 -9999 -9999 -9999 -9999 -9999 -9999 -9999 -9999 -9999 -9999 -9999 -9999 -9999 -9999 -9999 -9999 -9999 -9999 -9999 -9999 -9999 -9999 -9999
