data/derived/r_mean_scd.asc
NCOLS 186 
NROWS 74 
XLLCORNER 443300.206538099 
YLLCORNER 4085841.77455235 
CELLSIZE 500 
NODATA_value -9999 
[rows 22 to 43 of 74, columns 49 to 97 of 186]
-9999 -9999 -9999 -9999 -9999 -9999 -9999 -9999 76 85.1428571428571 80 79.4285714285714 84 90.2857142857143 98.8571428571429 94.2857142857143 85.7142857142857 92.5714285714286 109.142857142857 128.571428571429 134.857142857143 131.428571428571 127.428571428571 125.714285714286 113.142857142857 101.142857142857 90.2857142857143 70.8571428571429 64.5714285714286 64.5714285714286 71.4285714285714 74 70.8571428571429 81.1428571428571 80.5714285714286 69.7142857142857 60 60 70.2857142857143 72 65.1428571428571 61.7142857142857 60 56 52.2857142857143 48.5714285714286 38.2857142857143 28 -9999
-9999 -9999 -9999 -9999 -9999 -9999 -9999 -9999 -9999 105.714285714286 105.142857142857 101.142857142857 110.285714285714 120.571428571429 125.142857142857 117.142857142857 105.142857142857 104 118.857142857143 132.857142857143 139.428571428571 135.428571428571 129.142857142857 124 120 108.571428571429 96 75.4285714285714 75.4285714285714 77.7142857142857 88.5714285714286 89.7142857142857 82.5714285714286 92.5714285714286 82.2857142857143 75.4285714285714 68.5714285714286 73.1428571428571 85.1428571428571 81.1428571428571 76 77.7142857142857 80 73.1428571428571 66.2857142857143 45.7142857142857 40.5714285714286 -9999 37.1428571428571
-9999 -9999 -9999 -9999 45.1428571428571 72 92.5714285714286 106.285714285714 -9999 126.571428571429 129.142857142857 128.285714285714 132.857142857143 136.571428571429 140 134.285714285714 128.285714285714 125.714285714286 132.857142857143 137.714285714286 142.857142857143 141.714285714286 125.142857142857 114.571428571429 104 98.5714285714286 90.5714285714286 80.2857142857143 83.4285714285714 86 87.7142857142857 81.7142857142857 83.8095238095238 87.2380952380952 89.7142857142857 81.1428571428571 76.5714285714286 78.2857142857143 82.8571428571429 81.1428571428571 86.2857142857143 84.5714285714286 89.7142857142857 89.1428571428571 89.7142857142857 62.2857142857143 49.7142857142857 54.8571428571429 48.5714285714286
-9999 -9999 -9999 16 23.4285714285714 43.4285714285714 65.7142857142857 98.5714285714286 114.285714285714 123.428571428571 133.714285714286 136.571428571429 143.428571428571 148 150.857142857143 150.857142857143 146.285714285714 145.714285714286 149.142857142857 156.571428571429 155.714285714286 147.428571428571 130.857142857143 105.142857142857 90.8571428571429 81.7142857142857 81.1428571428571 88 88 80 78.8571428571429 79.4285714285714 85.7142857142857 89.7142857142857 90 87.1428571428571 82.8571428571429 82.5714285714286 82.2857142857143 79.1428571428571 82 80.8571428571429 89.7142857142857 88.5714285714286 88.2857142857143 77.7142857142857 64.5714285714286 69.1428571428571 70.5714285714286
9.14285714285714 9.14285714285714 10.2857142857143 13.1428571428571 22.2857142857143 34.2857142857143 45.1428571428571 57.1428571428571 71.7142857142857 89.7142857142857 109.714285714286 127.428571428571 140.571428571429 149.142857142857 152.571428571429 157.142857142857 157.142857142857 157.714285714286 157.142857142857 161.714285714286 166.285714285714 158.285714285714 134.857142857143 113.142857142857 99.4285714285714 91.4285714285714 96 98.8571428571429 95.4285714285714 96.5714285714286 94.8571428571429 97.7142857142857 97.1428571428571 97.1428571428571 86 83.4285714285714 80.5714285714286 89.7142857142857 86.2857142857143 81.1428571428571 85.1428571428571 91.4285714285714 97.1428571428571 87.4285714285714 82.2857142857143 84 92 89.4285714285714 80.5714285714286
21.7142857142857 20.5714285714286 20 24.5714285714286 26.8571428571429 25.7142857142857 34.2857142857143 42.8571428571429 62.2857142857143 82.8571428571429 90.8571428571429 110.857142857143 131.428571428571 149.714285714286 159.428571428571 163.428571428571 166.857142857143 170.285714285714 169.714285714286 169.142857142857 171.428571428571 166.571428571429 148.571428571429 125.142857142857 111.428571428571 102.285714285714 100 96.5714285714286 94.2857142857143 94.2857142857143 106.857142857143 107.428571428571 109.714285714286 110.285714285714 89.1428571428571 82.8571428571429 86.8571428571429 96 89.1428571428571 82.2857142857143 80.5714285714286 89.1428571428571 93.1428571428571 90.8571428571429 86.2857142857143 93.7142857142857 100 101.428571428571 89.7142857142857
38.2857142857143 36 34.2857142857143 36.5714285714286 50.2857142857143 69.1428571428571 80 91.4285714285714 113.428571428571 122.285714285714 110.285714285714 114.285714285714 135.428571428571 151.428571428571 161.714285714286 169.142857142857 173.142857142857 176 177.142857142857 176.571428571429 176.571428571429 168.857142857143 153.714285714286 134.857142857143 129.142857142857 120 110.857142857143 101.714285714286 100.571428571429 101.142857142857 110.285714285714 110.857142857143 119.428571428571 114.857142857143 89.4285714285714 86.2857142857143 93.7142857142857 100 96 88 86.8571428571429 85.7142857142857 84 88.5714285714286 95.4285714285714 96.5714285714286 101.714285714286 105.428571428571 86.8571428571429
57.7142857142857 52 42.2857142857143 36 56.5714285714286 85.7142857142857 109.142857142857 127.428571428571 134.285714285714 137.142857142857 125.714285714286 124.571428571429 136.571428571429 151.428571428571 161.714285714286 172 177.142857142857 181.714285714286 182.285714285714 179.428571428571 178.285714285714 173.714285714286 163.428571428571 150.857142857143 140 130.285714285714 124.571428571429 107.428571428571 105.142857142857 105.714285714286 112.571428571429 108.571428571429 104 98.2857142857143 90.2857142857143 92.2857142857143 105.714285714286 102.857142857143 101.714285714286 95.4285714285714 89.7142857142857 87.4285714285714 89.7142857142857 89.7142857142857 93.7142857142857 96.5714285714286 100 102.285714285714 88.8571428571429
89.1428571428571 71.4285714285714 53.1428571428571 37.7142857142857 39.4285714285714 62.2857142857143 85.1428571428571 119.428571428571 129.142857142857 142.857142857143 148.571428571429 152 154.285714285714 156.571428571429 166.857142857143 176.571428571429 180.571428571429 187.428571428571 188 182.285714285714 179.428571428571 176 168.285714285714 161.714285714286 152.571428571429 140.571428571429 128 111.428571428571 98.2857142857143 102.857142857143 103.428571428571 100 97.7142857142857 93.1428571428571 95.4285714285714 102.285714285714 108.571428571429 109.142857142857 106.285714285714 110.285714285714 108.571428571429 106.285714285714 111.428571428571 106.857142857143 106.857142857143 108.571428571429 104.571428571429 98.2857142857143 100.857142857143
104 90.2857142857143 69.7142857142857 46.8571428571429 38.8571428571429 43.4285714285714 56.5714285714286 86.2857142857143 115.428571428571 135.428571428571 154.285714285714 166.857142857143 168.571428571429 171.428571428571 174.857142857143 178.857142857143 185.142857142857 186.285714285714 185.714285714286 180.571428571429 181.142857142857 179.428571428571 173.714285714286 166.571428571429 161.142857142857 151.428571428571 138.857142857143 124 108 102.857142857143 98.2857142857143 98.8571428571429 99.4285714285714 102.857142857143 106.857142857143 104.571428571429 108.285714285714 108 104 108 110.857142857143 113.714285714286 109.714285714286 110.857142857143 114.285714285714 113.714285714286 108 105.142857142857 111.428571428571
115.428571428571 106.285714285714 77.1428571428571 50.8571428571429 41.7142857142857 37.7142857142857 40.5714285714286 56.5714285714286 80 116 153.428571428571 172 178.857142857143 182.857142857143 182.285714285714 187.428571428571 187.428571428571 186.285714285714 184 182.285714285714 184.571428571429 182.285714285714 175.428571428571 169.142857142857 163.428571428571 157.142857142857 146.857142857143 137.142857142857 129.714285714286 117.142857142857 111.428571428571 117.142857142857 119.428571428571 120.571428571429 119.428571428571 120.571428571429 123.714285714286 123.428571428571 122.285714285714 117.142857142857 120 123.428571428571 122.857142857143 113.714285714286 114.857142857143 113.142857142857 114.285714285714 112.571428571429 116.571428571429
124.571428571429 107.428571428571 86.2857142857143 58.8571428571429 48.5714285714286 42.2857142857143 47.4285714285714 65.1428571428571 82.8571428571429 114.857142857143 151.142857142857 169.714285714286 183.428571428571 184.571428571429 189.142857142857 185.714285714286 184 185.142857142857 182.285714285714 181.714285714286 178.857142857143 180.571428571429 174.857142857143 165.142857142857 162.857142857143 160.571428571429 155.428571428571 145.714285714286 141.142857142857 137.714285714286 134.285714285714 131.428571428571 131.428571428571 134.285714285714 136 136.571428571429 136.857142857143 136 135.428571428571 135.428571428571 133.142857142857 132 127.428571428571 126.285714285714 133.714285714286 134.285714285714 125.714285714286 124 124.571428571429
130.857142857143 115.428571428571 93.7142857142857 71.4285714285714 62.2857142857143 54.2857142857143 48.5714285714286 56.5714285714286 77.1428571428571 104 131.428571428571 155.142857142857 171.428571428571 174.857142857143 180.571428571429 180 177.714285714286 177.714285714286 177.142857142857 176.571428571429 173.142857142857 175.428571428571 170.285714285714 164.571428571429 158.857142857143 158.285714285714 160 158.285714285714 153.714285714286 152.571428571429 147.428571428571 144 143.428571428571 146.285714285714 148.571428571429 148 144 145.142857142857 143.428571428571 138.285714285714 136.571428571429 138.285714285714 137.714285714286 140 141.142857142857 139.428571428571 129.142857142857 122.857142857143 122.285714285714
140 122.285714285714 103.428571428571 86.2857142857143 94.2857142857143 72 54.2857142857143 55.4285714285714 67.4285714285714 97.1428571428571 125.142857142857 140.571428571429 165.142857142857 169.714285714286 173.142857142857 172 169.714285714286 166.857142857143 171.428571428571 171.428571428571 173.142857142857 172.571428571429 167.428571428571 162.285714285714 156.571428571429 154.285714285714 154.285714285714 156.571428571429 156.571428571429 158.285714285714 156.571428571429 154.285714285714 150.857142857143 149.142857142857 149.142857142857 149.142857142857 144 143.428571428571 137.142857142857 128 127.428571428571 129.142857142857 134.857142857143 141.714285714286 138.857142857143 132 127.428571428571 116.571428571429 108.571428571429
153.142857142857 141.714285714286 133.142857142857 134 131.142857142857 110 81.1428571428571 71.7142857142857 72.8571428571429 89.1428571428571 112.857142857143 132 153.285714285714 168.857142857143 172.571428571429 171.142857142857 165.142857142857 154 151.428571428571 155.142857142857 158 159.142857142857 157.714285714286 150.285714285714 146.571428571429 148.190476190476 152.571428571429 152 153.714285714286 156.571428571429 154.285714285714 149.142857142857 145.714285714286 140 138.857142857143 137.142857142857 132.571428571429 134.857142857143 130.571428571429 124.571428571429 118.285714285714 112.571428571429 117.142857142857 121.714285714286 124.571428571429 120.571428571429 116 107.428571428571 97.7142857142857
168.857142857143 160.571428571429 157.142857142857 153.142857142857 141.142857142857 125.142857142857 105.714285714286 104.571428571429 111.428571428571 127.428571428571 132.571428571429 146.857142857143 162.857142857143 176.285714285714 176.571428571429 175.428571428571 161.142857142857 140.571428571429 130.285714285714 129.714285714286 132.571428571429 131.428571428571 131.428571428571 132 131.428571428571 144.380952380952 150 152.571428571429 154.285714285714 155.428571428571 149.714285714286 142.857142857143 138.285714285714 134.285714285714 129.428571428571 127.142857142857 125.714285714286 124.857142857143 116.571428571429 110.857142857143 106 106.285714285714 110.857142857143 113.714285714286 114.285714285714 108.571428571429 98 87.7142857142857 80.8571428571429
177.142857142857 172 165.142857142857 157.142857142857 149.714285714286 133.714285714286 126.285714285714 133.714285714286 134.857142857143 149.142857142857 161.142857142857 164.571428571429 175.428571428571 184.571428571429 180 177.142857142857 157.142857142857 136.571428571429 113.714285714286 109.142857142857 113.714285714286 110.857142857143 112.571428571429 117.142857142857 127.428571428571 132 143.714285714286 147.428571428571 150.285714285714 146.857142857143 142.285714285714 136.571428571429 132 132.571428571429 128.571428571429 122.857142857143 124.571428571429 122.285714285714 112.571428571429 102.285714285714 96 98.8571428571429 99.4285714285714 102.857142857143 102.857142857143 96 91.4285714285714 82.8571428571429 69.7142857142857
182.571428571429 177.714285714286 178.285714285714 172 157.142857142857 149.142857142857 156.571428571429 154.857142857143 153.142857142857 157.714285714286 174.857142857143 174.285714285714 183.428571428571 189.428571428571 182.857142857143 169.714285714286 152 130.285714285714 113.142857142857 94.2857142857143 93.7142857142857 97.7142857142857 100.571428571429 110.857142857143 123.428571428571 134.857142857143 144.857142857143 150.857142857143 144.571428571429 138.285714285714 133.714285714286 132.571428571429 123.428571428571 118.285714285714 119.428571428571 117.714285714286 120 121.714285714286 113.142857142857 99.1428571428571 90.8571428571429 93.7142857142857 94.2857142857143 93.1428571428571 90.8571428571429 91.4285714285714 87.4285714285714 77.7142857142857 68.5714285714286
196.571428571429 190.571428571429 186.285714285714 180 172.571428571429 169.142857142857 172 172 166.285714285714 173.142857142857 180.571428571429 186.857142857143 194.285714285714 192 184.857142857143 168 160.571428571429 149.714285714286 135.428571428571 115.428571428571 97.1428571428571 89.7142857142857 90.8571428571429 106.857142857143 122.857142857143 133.142857142857 141.142857142857 147.714285714286 138.857142857143 137.714285714286 128.571428571429 118.857142857143 110.285714285714 108.571428571429 108.571428571429 113.142857142857 114.857142857143 117.142857142857 114.857142857143 110.285714285714 88.5714285714286 82.2857142857143 85.7142857142857 86.2857142857143 86.2857142857143 80 80 74.2857142857143 65.7142857142857
201.142857142857 198.857142857143 192.571428571429 191.428571428571 184 184 181.714285714286 180.571428571429 184.571428571429 187.428571428571 193.714285714286 200 198.857142857143 193.714285714286 184.857142857143 172 166.857142857143 158.857142857143 147.428571428571 135.428571428571 113.714285714286 93.1428571428571 90.8571428571429 108 122.857142857143 130.857142857143 137.142857142857 138 131.428571428571 128.571428571429 124 111.428571428571 106.857142857143 104 109.714285714286 110.857142857143 110.857142857143 111.428571428571 107.428571428571 108 89.4285714285714 79.4285714285714 82.8571428571429 81.1428571428571 76.5714285714286 76 69.7142857142857 70.2857142857143 64
207.428571428571 205.714285714286 204.285714285714 201.142857142857 196.571428571429 195.428571428571 194.857142857143 198.857142857143 198.857142857143 198.285714285714 200.571428571429 198.285714285714 196.571428571429 189.714285714286 184 174.285714285714 164.571428571429 156.571428571429 142.857142857143 129.714285714286 109.142857142857 87.4285714285714 86.8571428571429 108 116.571428571429 124 131.428571428571 132.571428571429 126.571428571429 120 114.285714285714 106.857142857143 103.428571428571 104.571428571429 105.142857142857 105.142857142857 105.142857142857 104.571428571429 100.571428571429 98.8571428571429 84.5714285714286 70.8571428571429 76 73.7142857142857 70.2857142857143 64 59.4285714285714 53.7142857142857 50.2857142857143
205.142857142857 205.142857142857 202.857142857143 201.714285714286 200 196.571428571429 195.428571428571 197.142857142857 201.714285714286 202.285714285714 204 199.428571428571 193.142857142857 185.714285714286 177.142857142857 163.714285714286 148.571428571429 141.142857142857 130.285714285714 117.142857142857 101.142857142857 81.7142857142857 78.2857142857143 93.7142857142857 106.857142857143 117.714285714286 121.142857142857 120 117.142857142857 113.714285714286 106.857142857143 92.5714285714286 91.4285714285714 94.2857142857143 98.2857142857143 97.1428571428571 96 98.8571428571429 96.5714285714286 90.2857142857143 82.2857142857143 69.1428571428571 66.2857142857143 62.8571428571429 59.4285714285714 54.8571428571429 48.5714285714286 49.7142857142857 42.8571428571429
