data/derived/r_mean_pre_snow.asc
NCOLS 191 
NROWS 93 
XLLCORNER 442474.332677425 
YLLCORNER 4080120.41147431 
CELLSIZE 500 
NODATA_value -9999 
[rows 23 to 45 of 93, columns 104 to 155 of 191]
-9999 -9999 -9999 -9999 -9999 -9999 -9999 -9999 -9999 -9999 -9999 -9999 -9999 -9999 -9999 -9999 -9999 -9999 -9999 -9999 -9999 -9999 -9999 -9999 -9999 -9999 -9999 -9999 -9999 -9999 -9999 -9999 -9999 -9999 -9999 -9999 -9999 -9999 -9999 -9999 -9999 -9999 -9999 -9999 -9999 -9999 -9999 -9999 -9999 -9999 -9999 -9999
-9999 -9999 16.8946666666667 -9999 -9999 -9999 -9999 -9999 -9999 -9999 -9999 -9999 -9999 -9999 -9999 -9999 -9999 -9999 -9999 -9999 -9999 -9999 -9999 -9999 -9999 -9999 -9999 -9999 -9999 -9999 -9999 -9999 -9999 -9999 -9999 -9999 -9999 -9999 -9999 -9999 -9999 -9999 -9999 -9999 -9999 -9999 -9999 -9999 -9999 -9999 -9999 -9999
18.686 18.5846666666667 21.57 18.6426666666667 -9999 20.5093333333333 24.5606666666667 -9999 -9999 18.4426666666667 18.7293333333333 -9999 -9999 -9999 -9999 -9999 -9999 -9999 -9999 -9999 -9999 -9999 -9999 -9999 -9999 -9999 -9999 -9999 -9999 -9999 -9999 9.654 9.034 7.86466666666667 7.41 7.578 5.86 -9999 -9999 -9999 -9999 -9999 -9999 -9999 -9999 -9999 -9999 -9999 -9999 -9999 -9999 -9999
26.1333333333333 26.204 30.6693333333333 27.2526666666667 -9999 -9999 -9999 29.6513333333333 29.5273333333333 34.6893333333333 23.7333333333333 -9999 -9999 -9999 -9999 -9999 52.034 -9999 -9999 -9999 -9999 -9999 -9999 -9999 -9999 -9999 -9999 -9999 17.434 13.4046666666667 10.6813333333333 10.412 8.62266666666667 10.242 9.88733333333333 8.40333333333333 7.622 6.09166666666667 5.37933333333333 -9999 -9999 -9999 -9999 -9999 -9999 -9999 -9999 -9999 -9999 -9999 -9999 -9999
35.5946666666667 44.6536666666667 44.707 32.264 27.5506666666667 -9999 31.7 46.4956666666667 47.326 33.083 -9999 26.1066666666667 45.996 37.5573333333333 43.368 49.166 -9999 -9999 -9999 -9999 -9999 -9999 -9999 -9999 54.5413333333333 34.834 28.2483333333333 18.1366666666667 13.8856666666667 12.8603333333333 16.1453333333333 16.1416666666667 14.1006666666667 13.0153333333333 17.3293333333333 12.262 11.8463333333333 8.62688888888889 6.98066666666667 6.23066666666667 5.26433333333333 4.03066666666667 3.226 1.83866666666667 1.44733333333333 -9999 -9999 -9999 -9999 -9999 -9999 -9999
42.0873333333333 59.0153333333333 57.1193333333333 44.386 34.9093333333333 -9999 34.014 68.994 54.2806666666667 42.738 26.4033333333333 47.42 66.9136666666667 52.5726666666667 58.3406666666667 -9999 -9999 -9999 -9999 34.6413333333333 -9999 -9999 -9999 -9999 -9999 31.1256666666667 25.7693333333333 22.0713333333333 14.8293333333333 21.2626666666667 21.2773333333333 29.514 27.1433333333333 24.3753333333333 17.008 22.8786666666667 23.55 14.066 9.28833333333333 6.91866666666667 6.22866666666667 4.43066666666667 3.25666666666667 1.768 1.35666666666667 1.17866666666667 1.116 -9999 -9999 -9999 -9999 -9999
-9999 49.2726666666667 71.134 68.804 41.5786666666667 32.028 58.5086666666667 69.8513333333333 87.8346666666667 49.1246666666667 38.812 67.2 77.0353333333333 84.097 91.724 -9999 -9999 -9999 43.84 39.3866666666667 43.4706666666667 46.6593333333333 51.288 -9999 55.2906666666667 44.1273333333333 26.0516666666667 16.9826666666667 27.012 29.6566666666667 28.8606666666667 32.1073333333333 39.4113333333333 32.6866666666667 27.606 31.148 30.8133333333333 22.2273333333333 11.4346666666667 7.63333333333333 6.44266666666667 4.79333333333333 3.294 2.14666666666667 1.39933333333333 1.17866666666667 1.16866666666667 1.132 -9999 -9999 -9999 -9999
44.9933333333333 60.2346666666667 78.1973333333333 65.828 39.014 31.6253333333333 42.562 89.6813333333333 84.386 52.9766666666667 35.4873333333333 82.6626666666667 100.762 118.132 118.25 88.6013333333333 -9999 -9999 48.7386666666667 44.7073333333333 49.766 62.1153333333333 87.988 86.4373333333333 80.868 59.0286666666667 34.0906666666667 26.128 29.4466666666667 43.9393333333333 44.25 51.4733333333333 54.134 47.894 40.662 38.1886666666667 42.566 31.424 16.9386666666667 10.9526666666667 7.68733333333333 5.43 3.35533333333333 2.31733333333333 1.73533333333333 1.43533333333333 1.234 1.19533333333333 1.414 1.226 1.25066666666667 1.32733333333333
58.9426666666667 79.438 103.948 69.5586666666667 67.898 45.8593333333333 40.6773333333333 83.6093333333333 123.414 80.5266666666667 46.506 74.328 135.089333333333 146.384 109.432666666667 89.7113333333333 71.2673333333333 67.8713333333333 47.3993333333333 61.27 67.1686666666667 71.15 98.636 138.949333333333 110.520666666667 63.8193333333333 35.432 37.8113333333333 34.528 51.784 68.1726666666667 63.678 54.6746666666667 48.104 49.3846666666667 43.9826666666667 41.1153333333333 36.746 30.446 17.2466666666667 8.62466666666667 5.97066666666667 4.218 2.51533333333333 2.146 1.69733333333333 1.44266666666667 1.394 1.72466666666667 1.88 1.70466666666667 1.21
59.3106666666667 87.918 121.824 106.476666666667 73.4786666666667 70.134 55.99 70.6973333333333 120.556 97.22 63.638 94.272 146.990666666667 158.12 126.684 86.892 78.3453333333333 60.88 56.25 59.3626666666667 82.3133333333333 99.1953333333333 133.955333333333 163.949333333333 118.794666666667 65.2826666666667 40.958 44.67 57.5246666666667 59.3746666666667 77.7673333333333 64.2006666666667 62.4086666666667 62.2753333333333 60.836 50.4713333333333 42.0773333333333 31.51 32.7646666666667 29.038 17.826 8.15466666666667 4.91133333333333 3.562 2.752 2.54333333333333 2.194 1.878 2.33533333333333 1.30333333333333 1.46133333333333 1.88266666666667
52.74 105.934666666667 154.295333333333 125.650666666667 79.36 91.9706666666667 94.2206666666667 115.696 138.658 130.328666666667 96.966 97.3753333333333 168.853333333333 199.666 158.626 105.889333333333 71.4413333333333 62.4033333333333 62.45 87.3833333333333 79.6853333333333 110.252 140.830666666667 139.198666666667 130.236 87.2926666666667 54.858 50.2383333333333 98.3666666666667 96.9066666666667 123.072666666667 69.1806666666667 66.4066666666667 69.9866666666667 77.6373333333333 64.084 52.6206666666667 33.036 24.396 28.408 26.0866666666667 11.5206666666667 6.53866666666667 6.92333333333333 4.74666666666667 3.264 3.086 2.61933333333333 1.76466666666667 2.47 2.92666666666667 2.95666666666667
88.0253333333333 99.072 151.888 140.892666666667 134.028666666667 97.236 95.886 116.618 164.801333333333 172.255333333333 127.085333333333 94.204 155.23 217.78 208.874666666667 151.643 89.8726666666667 72.8613333333333 91.7286666666667 127.224666666667 118.719333333333 107.884666666667 115.775333333333 103.535333333333 143.322666666667 87.5853333333333 64.9906666666667 45.0486666666667 110.808333333333 132.762666666667 111.315333333333 82.94 96.1066666666667 81.6226666666667 61.0526666666667 38.8573333333333 35.8706666666667 31.722 25.178 17.3913333333333 25.8493333333333 20.756 12.096 14.2113333333333 10.628 6.88666666666667 5.79533333333333 2.412 3.97333333333333 5.002 4.524 6.08666666666667
113.894 139.836 183.397666666667 195.816666666667 173.42 137.533333333333 129.816666666667 131.688666666667 159.885333333333 200.991333333333 136.546666666667 141.264666666667 165.093333333333 214.380666666667 200.497333333333 173.894333333333 122.814 68.734 118.054 132.091333333333 168.670666666667 151.725333333333 112.44 95.3046666666667 124.903333333333 81.3 47.3833333333333 66.098 96.2866666666667 134.359333333333 117.964 95.9953333333333 117.780666666667 94.2506666666667 51.1173333333333 51.0526666666667 61.796 33.8193333333333 35.178 21.216 17.1686666666667 18.0083333333333 13.4746666666667 11.9606666666667 9.73533333333333 6.844 3.794 6.368 10.9573333333333 14.9426666666667 11.3993333333333 12.9366666666667
136.448 171.606666666667 212.038 211.794666666667 193.022666666667 190.881333333333 189.723333333333 158.040666666667 220.335333333333 213.904 150.095333333333 198.627333333333 170.27 220.412666666667 214.351333333333 165.622 121.975333333333 87.0953333333333 110.244 116.368666666667 160.291333333333 165.182666666667 121.373333333333 84.5446666666667 73.0973333333333 70.4626666666667 68.884 70.5746666666667 76.8056666666667 106.224 125.856666666667 118.697333333333 121.030666666667 82.9606666666667 64.1626666666667 76.1893333333333 62.1753333333333 59.348 48.0733333333333 33.42 21.5986666666667 15.1336666666667 14.572 8.13333333333333 6.63666666666667 4.54933333333333 7.77466666666667 9.84 7.54133333333333 13.3506666666667 20.8573333333333 25.052
134.644 178.416666666667 212.106 245.050333333333 213.579333333333 188.205333333333 214.629333333333 210.972666666667 252.058666666667 233.406 194.412 216.422 233.534666666667 254.692666666667 219.816 161.696 145.172 159.356666666667 146.022666666667 159.862 162.974666666667 187.106666666667 149.534 99.738 90.282 93.694 90.3073333333333 86.6466666666667 107.341333333333 92.287 130.071333333333 133.876666666667 121.136 88.6893333333333 90.342 92.8126666666667 74.6373333333333 74.564 58.6606666666667 39.004 24.6406666666667 13.4733333333333 9.779 7.39533333333333 8.28866666666667 11.7373333333333 14.1693333333333 16.4313333333333 13.046 16.3966666666667 16.2446666666667 22.3893333333333
107.125333333333 130.405333333333 174.133333333333 244.186333333333 220.524666666667 207.290666666667 205.459333333333 232.445333333333 271.383333333333 263.032666666667 229.033333333333 249.559333333333 290.912 239.369333333333 221.090666666667 207.113333333333 199.249666666667 210.289333333333 200.833333333333 197.469333333333 227.412 223.436 157.041333333333 136.032 151.846666666667 118.889333333333 92.2533333333333 109.452 132.643333333333 122.281666666667 145.800666666667 160.002 126.280666666667 103.095333333333 110.234 96.144 80.01 62.3453333333333 48.9933333333333 32.1486666666667 19.7166666666667 28.7613333333333 16.1646666666667 13.056 12.584 23.3986666666667 24.7506666666667 28.8346666666667 22.6113333333333 25.066 25.2426666666667 23.7086666666667
180.537 181.495333333333 181.736333333333 245.224333333333 277.282833333333 241.436666666667 186.894 230.602333333333 274.648 318.064666666667 311.494 316.808333333333 356.117666666667 334.829 292.177 290.657 281.134666666667 281.294166666667 266.401666666667 267.923333333333 299.018666666667 256.196 200.206 190.997 207.470333333333 176.126 134.431 165.299 187.604666666667 143.803 182.021166666667 189.065666666667 135.068333333333 179.579 140.687 91.5973333333333 65.1243333333333 45.9156666666667 39.864 45.2973333333333 47.5576666666667 28.9143333333333 23.361 20.139 32.0473333333333 37.6233333333333 46.53 46.168 55.2006666666667 49.9926666666667 41.51 37.3973333333333
281.142 285.844 289.444666666667 304.952666666667 280.219333333333 268.68 210.962 182.088 243.915333333333 354.17 433.031333333333 445.058 458.466 434.748666666667 380.718 378.211333333333 376.217333333333 366.051666666667 381.561333333333 378.108 396.054666666667 371.425333333333 331.302 276.664 292.387333333333 235.035333333333 199.261333333333 259.817333333333 242.911333333333 228.336666666667 223.952666666667 219.749333333333 229.022666666667 232.73 161.092666666667 81.548 78.0213333333333 72.6826666666667 99.1306666666667 85.6626666666667 48.6033333333333 48.5793333333333 70.1266666666667 32.3836666666667 47.5673333333333 59.386 79.362 85.4126666666667 89.7606666666667 82.0013333333333 70.9873333333333 46.6553333333333
356.726666666667 376.824 370.318666666667 319.399333333333 242.102 212.397666666667 205.984 175.22 260.626666666667 319.851333333333 434.578666666667 503.889333333333 496.643333333333 482.038666666667 472.295333333333 457.189333333333 420.454666666667 368.264 374.771666666667 410.475333333333 406.968 396.239333333333 403.577333333333 384.972666666667 385.31 329.372666666667 299.572666666667 307.745333333333 326.080666666667 313.163333333333 284.236666666667 331.989666666667 320.553333333333 245.978666666667 148.962666666667 112.721333333333 111.293333333333 101.677333333333 126.574666666667 79.1606666666667 66.774 83.2866666666667 96.2193333333333 67.8306666666667 69.2283333333333 78.3546666666667 93.0486666666667 118.023333333333 114.073333333333 99.6766666666667 75.1153333333333 78.8933333333333
343.513333333333 330.472 375.112666666667 322.710666666667 244.053333333333 163.971666666667 134.540666666667 172.286666666667 243.647333333333 329.706 447.833333333333 451.894 403.754 420.356666666667 455.876666666667 436.298666666667 371.382 322.575333333333 337.837333333333 353.882666666667 323.286 333.146666666667 350.606666666667 402.294666666667 456.066666666667 425.497333333333 404.384 434.430666666667 404.095333333333 400.556 422.575333333333 408.427 383.702 339.664 242.876666666667 193.456 140.331333333333 136.491333333333 140.060666666667 113.096666666667 93.8693333333333 97.6133333333333 141.146666666667 86.024 126.441666666667 98.026 113.802666666667 114.864666666667 100.991333333333 96.256 107.675333333333 96.49
281.162666666667 253.128666666667 281.069333333333 325.006 283.696666666667 246.488 170.866333333333 158.564666666667 236.898666666667 295.57 381.132666666667 393.2 338.376 351.105333333333 407.760666666667 407.212666666667 374.208666666667 279.735333333333 262.342 286.176666666667 277.159333333333 261.225333333333 306.854666666667 375.784 409.080666666667 380.702 391.349333333333 404.206666666667 355.874 366.274 380.964666666667 371.96 335.026666666667 335.400666666667 363.018 320.449333333333 251.927333333333 253.266 196.757333333333 233.714666666667 178.758 164.651333333333 217.013333333333 159.400666666667 178.157333333333 172.738666666667 155.256 140.336 124.401333333333 105.784666666667 79.5806666666667 77.8093333333333
321.356 259.220666666667 213.651333333333 260.891333333333 304.462 251.005333333333 180.394666666667 139.507333333333 188.266 250.209333333333 350.231333333333 338.447333333333 281.025333333333 299.84 340.662666666667 383.564 345.661333333333 306.703333333333 216.754 222.339666666667 205.162666666667 251.282 303.880666666667 332.736 368.108666666667 328.330666666667 332.796666666667 333.933333333333 311.624 316 338.942 328.758666666667 283.687666666667 284.160666666667 328.276666666667 352.585333333333 369.228 372.098666666667 309.596 297.209333333333 258.170666666667 303.676 299.596666666667 276.380666666667 266.750666666667 249.191666666667 203.26 174.396666666667 147.658 126.446666666667 100.178 84.0433333333333
265.602666666667 230.544 202.122666666667 216.128666666667 284.632666666667 278.616666666667 203.661333333333 147.226 188.730666666667 237.034666666667 298.997333333333 302.31 244.662666666667 224.238 294.422666666667 351.886 294.696666666667 259.106 213.118 171.284 174.280333333333 233.305333333333 272.816666666667 296.036666666667 325.723333333333 266.944 257.44 259.434 265.776 251.243333333333 281.977333333333 260.443333333333 225.719333333333 243.800666666667 276.566 314.954 322.837333333333 351.082 308.52 302.234 299.776666666667 296.646666666667 270.976666666667 246.629333333333 227.312 187.677666666667 178.938666666667 181.992 173.818666666667 140.307333333333 128.188666666667 107.635333333333
