data/derived/r_mean_pre_snow_per.asc
NCOLS 191 
NROWS 93 
XLLCORNER 442474.332677425 
YLLCORNER 4080120.41147431 
CELLSIZE 500 
NODATA_value -9999 
[rows 46 to 68 of 93, columns 52 to 103 of 191]
65.9873333333333 74.5 61.9906666666667 56.8993333333333 40.8353333333333 52.3853333333333 46.204 55.0576666666667 67.3826666666667 73.002 78.7546666666667 78.1433333333333 75.0093333333333 74.8246666666667 72.4373333333333 66.0206666666667 53.2113333333333 48.6606666666667 54.85 51.388 51.084 54.0853333333333 58.9346666666667 65.4466666666667 72.9293333333333 74.722 70.2346666666667 70.022 69.536 66.4353333333333 61.8546666666667 58.7633333333333 59.2513333333333 54.7056666666667 61.9246666666667 55.5473333333333 48.894 40.8526666666667 37.1446666666667 38.6006666666667 43.238 48.1366666666667 48.7093333333333 49.4646666666667 42.0626666666667 32.9513333333333 25.968 21.6566666666667 30.6406666666667 36.5346666666667 45.342 48.6626666666667
73.7146666666667 77.1293333333333 66.1006666666667 48.9666666666667 52.2993333333333 62.8173333333333 58.248 57.0036666666667 74.8593333333333 85.1933333333333 79.848 77.34 76.0386666666667 70.758 63.578 58.9613333333333 58.4266666666667 52.5293333333333 41.9066666666667 42.5286666666667 42.158 53.276 62.0966666666667 70.2526666666667 75.3413333333333 73.094 67.464 70.0366666666667 63.7406666666667 61.0186666666667 60.4706666666667 55.4473333333333 54.3473333333333 53.2826666666667 61.1893333333333 56.098 48.1346666666667 40.7453333333333 30.3573333333333 33.5493333333333 39.3873333333333 45.2133333333333 44.666 45.2986666666667 38.892 29.0046666666667 24.6746666666667 17.046 23.9886666666667 34.8206666666667 40.192 42.0553333333333
79.9213333333333 73.6193333333333 62.1326666666667 60.1766666666667 63.584 64.4673333333333 74.6806666666667 64.4326666666667 71.7106666666667 86.4053333333333 85.304 77.8133333333333 72.8993333333333 68.3546666666667 69.2746666666667 68.1933333333333 66.7926666666667 56.9026666666667 51.2126666666667 43.3433333333333 33.8086666666667 49.7126666666667 63.31 70.0953333333333 74.8533333333333 71.352 64.4773333333333 69.562 64.358 59.4273333333333 54.59 53.0793333333333 47.5766666666667 54.7513333333333 59.758 56.0173333333333 50.332 42.428 34.0793333333333 27.902 35.5253333333333 41.994 42.6426666666667 39.956 33.698 27.968 27.554 17.2823333333333 19.958 28.6953333333333 31.3466666666667 35.4433333333333
80.424 72.4613333333333 73.2213333333333 70.226 72.38 76.0213333333333 78.122 76.058 78.7686666666667 85.6286666666667 84.584 82.202 75.2073333333333 74.952 75.3386666666667 71.578 67.7293333333333 62.7933333333333 53.2326666666667 43.9646666666667 33.8713333333333 51.263 61.9453333333333 69.1146666666667 74.302 69.632 62.0766666666667 65.356 61.0133333333333 58.306 52.436 47.0286666666667 51.7406666666667 56.9273333333333 58.4173333333333 53.4473333333333 48.0626666666667 42.692 35.214 26.5366666666667 31.3513333333333 37.856 40.34 32.5553333333333 29.148 25.446 24.31 15.1406666666667 17.826 23.8293333333333 23.882 25.7946666666667
81.0033333333333 78.9733333333333 79.7523333333333 78.7366666666667 81.7703333333333 81.236 80.7173333333333 80.8083333333333 84.983 81.0916666666667 79.3626666666667 79.4 75.607 73.8286666666667 70.9113333333333 67.6006666666667 65.0293333333333 60.0753333333333 51.3046666666667 43.4013333333333 33.624 43.636 57.8443333333333 65.44 69.9706666666667 66.086 61.7586666666667 59.8333333333333 54.154 51.7 47.2833333333333 41.8193333333333 49.948 54.924 56.624 53.462 47.9893333333333 36.986 33.1566666666667 26.5406666666667 26.96 34.6293333333333 36.992 31.5353333333333 25.472 21.2406666666667 19.7153333333333 14.2086666666667 9.679 16.2986666666667 14.27 21.55
79.0706666666667 80.996 76.1386666666667 77.1133333333333 81.9953333333333 77.2433333333333 77.6573333333333 84.4833333333333 87.234 83.6653333333333 76.061 74.6526666666667 70.1333333333333 65.994 61.5933333333333 58.4296666666667 56.5496666666667 50.7593333333333 45.3476666666667 39.5173333333333 29.6313333333333 35.6016666666667 52.2991666666667 64.6636666666667 63.368 58.79 55.5776666666667 51.7523333333333 48.2493333333333 41.5373333333333 37.248 35.0866666666667 43.6116666666667 48.3466666666667 50.953 49.1331666666667 44.4883333333333 39.0006666666667 34.0313333333333 25.748 24.758 31.7096666666667 31.7633333333333 25.7983333333333 20.526 17.8246666666667 19.0146666666667 13.5866666666667 8.44766666666667 10.065 12.99 15.9023333333333
77.104 74.6773333333333 72.8786666666667 76.812 77.28 73.53 76.0946666666667 84.1033333333333 86.0106666666667 84.3353333333333 79.3743333333333 67.4093333333333 66.404 58.3206666666667 52.658 46.4766666666667 41.722 43.4473333333333 42.3893333333333 30.4033333333333 23.3566666666667 36.0126666666667 47.122 58.525 58.7093333333333 54.2013333333333 46.99 43.24 44.846 33.934 26.9393333333333 33.6273333333333 37.4153333333333 42.984 46.5866666666667 40.2 38.595 31.4866666666667 27.0533333333333 21.3986666666667 20.5953333333333 29.5866666666667 28.766 22.7593333333333 17.502 16.7973333333333 19.5033333333333 14.988 10.518 8.21066666666667 11.3566666666667 13.6893333333333
65.8386666666667 68.03 69.18 74.69 72.4713333333333 68.5873333333333 73.286 80.6913333333333 84.1133333333333 82.6226666666667 79.3023333333333 67.676 61.46 53.7246666666667 47.428 38.714 32.2153333333333 27.6553333333333 30.19 28.9106666666667 25.0886666666667 35.3893333333333 47.5126666666667 58.7096666666667 50.5353333333333 48.734 43.1313333333333 38.596 41.3113333333333 32.892 22.3973333333333 30.476 34.0066666666667 42.0086666666667 40.3173333333333 34.77 32.6856666666667 27.182 20.3693333333333 15.3006666666667 20.8833333333333 28.248 27.4173333333333 21.0433333333333 15.7973333333333 15.1926666666667 17.2066666666667 15.2153333333333 11.4 7.073 8.16 13.586
60.582 65.2433333333333 61.1813333333333 67.0593333333333 67.2146666666667 60.1593333333333 70.6733333333333 76.1853333333333 79.0646666666667 80.886 80.6566666666667 73.039 63.136 57.14 52.2246666666667 43.7286666666667 36.6566666666667 28.9573333333333 21.594 19.5113333333333 25.684 36.338 47.2533333333333 55.1413333333333 56.547 43.1386666666667 37.014 39.6633333333333 38.1086666666667 29.3666666666667 20.3413333333333 26.7133333333333 33.1806666666667 36.88 36.4166666666667 29.558 23.59 23.9786666666667 15.8513333333333 16.5786666666667 23.1953333333333 29.802 27.7026666666667 21.152 14.6666666666667 11.556 15.6706666666667 15.2246666666667 11.7626666666667 7.338 7.13033333333333 11.8786666666667
59.3826666666667 59.6146666666667 61.3326666666667 56.974 56.9946666666667 55.9153333333333 64.178 72.698 74.5953333333333 77.2946666666667 79.116 73.1236666666667 66.3593333333333 59.4493333333333 53.26 49.0253333333333 42.5813333333333 34.1053333333333 25.1153333333333 17.994 26.5466666666667 36.0446666666667 46.684 54.2473333333333 55.577 44.282 35.24 37.7433333333333 33.0693333333333 26.8366666666667 18.9293333333333 24.2 31.8793333333333 38.2426666666667 33.1646666666667 27.9446666666667 19.494 18.8466666666667 12.6206666666667 16.7426666666667 25.7946666666667 26.6286666666667 23.5906666666667 21.706 18.1906666666667 10.504 12.474 14.9553333333333 10.7333333333333 7.15533333333333 4.82666666666667 10.418
61.9286666666667 51.6473333333333 59.8913333333333 52.242 48.28 54.0126666666667 56.9466666666667 64.006 71.4366666666667 74.506 73.3453333333333 69.7333333333333 64.8163333333333 54.7326666666667 52.38 43.13 34.0926666666667 25.7386666666667 18.3406666666667 17.9726666666667 30.7353333333333 38.654 47.4 56.1213333333333 54.86 44.556 34.6446666666667 35.3493333333333 29.7706666666667 24.596 18.2353333333333 20.6653333333333 28.8373333333333 34.4933333333333 30.076 23.9833333333333 19.8186666666667 14.7 10.7713333333333 19.55 27.6986666666667 24.444 20.2946666666667 18.356 15.3146666666667 10.8633333333333 10.2833333333333 11.7193333333333 9.52266666666667 5.284 3.51133333333333 7.16066666666667
52.9633333333333 52.4293333333333 54.6666666666667 47.8673333333333 38.0313333333333 48.0153333333333 55.3653333333333 60.414 67.942 71.3226666666667 71.4006666666667 64.0613333333333 57.3543333333333 48.548 44.2866666666667 36.534 29.63 22.594 14.0513333333333 20.214 26.852 36.424 46.8133333333333 55.6626666666667 52.2413333333333 39.7493333333333 31.2573333333333 26.5453333333333 27.3333333333333 23.106 16.826 21.57 30.934 31.192 25.904 20.9766666666667 16.3873333333333 11.7406666666667 11.6333333333333 21.964 22.9006666666667 20.454 17.6713333333333 15.4646666666667 11.854 8.75 7.11 9.01533333333333 7.53333333333333 4.482 1.90266666666667 4.383
49.528 38.3886666666667 34.8873333333333 36.96 35.954 42.7166666666667 53.198 57.1953333333333 63.0606666666667 68.67 68.2126666666667 59.208 52.465 43.8653333333333 38.9026666666667 31.686 24.212 18.7706666666667 13.1913333333333 22.386 28.2813333333333 37.7553333333333 52.3286666666667 53.7473333333333 48.4693333333333 35.8866666666667 26.8046666666667 26.57 26.596 19.4646666666667 14.796 23.026 29.1313333333333 28.2613333333333 23.486 18.3833333333333 14.4853333333333 9.63333333333333 13.1696666666667 20.524 19.4833333333333 16.7553333333333 15.3886666666667 13.4446666666667 10.5193333333333 6.748 3.66533333333333 5.49933333333333 6.85 3.436 1.88933333333333 3.14533333333333
43.8416666666667 38.032 29.572 27.5333333333333 28.7126666666667 40.156 49.4933333333333 55.1833333333333 60.6946666666667 65.5313333333333 63.5613333333333 54.1813333333333 45.7093333333333 40.5416666666667 32.6793333333333 25.8393333333333 19.5953333333333 15.9346666666667 14.7566666666667 23.6333333333333 34.2313333333333 45.5673333333333 59.1473333333333 51.8173333333333 45.984 38.416 27.7613333333333 21.3366666666667 24.9026666666667 19.164 14.0066666666667 22.242 30.4313333333333 26.2513333333333 20.918 16.59 12.104 7.53266666666667 13.57 17.222 16.06 14.858 12.5713333333333 12.2266666666667 10.3346666666667 5.652 2.45266666666667 3.82266666666667 6.156 3.306 1.86733333333333 1.01133333333333
35.0056666666667 30.3826666666667 25.0793333333333 20.5853333333333 31.6786666666667 38.826 47.9253333333333 55.698 61.4886666666667 65.1993333333333 58.0233333333333 49.512 37.6853333333333 28.422 24.596 21.2626666666667 16.9093333333333 12.534 15.6086666666667 25.744 42.6513333333333 52.2806666666667 57.418 50.962 43.5926666666667 37.254 27.5373333333333 17.918 17.1513333333333 14.3426666666667 19.558 28.9953333333333 28.84 23.54 18.8986666666667 14.0846666666667 11.1826666666667 6.35 12.1846666666667 15.483 12.6126666666667 12.0586666666667 10.9493333333333 9.82666666666667 8.58466666666667 5.78866666666667 2.292 2.084 4.25 3.05666666666667 2.078 0.885333333333333
27.4006666666667 23.762 18.8013333333333 24.5453333333333 34.9613333333333 42.294 48.2526666666667 56.4613333333333 60.7486666666667 62.1046666666667 57.4633333333333 49.4493333333333 38.844 24.096 17.334 15.3533333333333 13.0013333333333 11.136 17.2966666666667 25.3913333333333 42.4593333333333 58.8346666666667 54.9086666666667 49.6733333333333 43.272 35.0706666666667 28.864 19.314 14.18 14.3973333333333 25.8986666666667 35.4353333333333 28.3133333333333 22.284 16.4893333333333 12.528 9.74066666666667 6.02933333333333 11.2693333333333 14.9806666666667 11.7086666666667 9.40266666666667 8.60066666666667 6.998 5.38 3.63666666666667 2.126 1.44933333333333 2.36 1.96666666666667 1.39133333333333 0.906
18.4856666666667 17.2973333333333 19.3593333333333 24.9703333333333 34.0846666666667 42.7806666666667 50.209 56.3313333333333 59.8426666666667 56.274 49.688 46.5626666666667 36.272 26.3133333333333 16.0876666666667 12.2073333333333 9.604 16.1213333333333 20.2113333333333 27.5333333333333 49.2433333333333 54.8286666666667 52.3413333333333 47.7226666666667 40.154 34.1206666666667 26.896 17.1476666666667 11.596 17.8706666666667 26.27 29.3546666666667 26.996 21.2973333333333 14.686 11.5893333333333 7.94333333333333 5.16066666666667 11.932 14.0086666666667 9.65366666666667 6.35933333333333 5.16133333333333 3.978 3.438 2.52 1.49066666666667 0.942666666666667 1.344 1.31 0.944666666666667 0.81
14.522 14.644 19.5816666666667 32.6093333333333 40.2426666666667 46.3053333333333 53.1806666666667 57.9656666666667 54.324 46.341 34.703 30.0623333333333 27.3093333333333 24.065 18.8373333333333 10.5206666666667 10.594 16.9113333333333 26.5936666666667 34.9086666666667 44.1646666666667 48.907 46.341 42.8053333333333 37.0036666666667 30.6353333333333 25.2823333333333 17.1262222222222 9.08444444444444 15.2116666666667 18.6543333333333 21.0736666666667 20.831 16.8786666666667 13.106 9.49466666666667 5.73766666666667 5.687 10.193 10.3733333333333 7.62066666666667 4.27466666666667 2.63466666666667 1.982 1.66333333333333 1.37133333333333 1.10133333333333 0.809333333333333 -9999 -9999 0.806666666666667 0.628
15.572 9.80066666666667 20.4346666666667 33.674 42.7893333333333 48.7726666666667 55.8626666666667 57.292 49.9613333333333 36.0173333333333 25.4313333333333 17.8813333333333 17.4073333333333 18.0333333333333 16.4793333333333 9.89466666666667 13.4033333333333 17.6266666666667 22.3506666666667 35.418 42.6726666666667 42.3146666666667 38.346 35.3253333333333 32.9706666666667 27.58 23.0486666666667 18.4913333333333 9.25133333333333 7.738 12.2253333333333 14.2386666666667 17.2333333333333 12.832 10.0126666666667 6.93 4.07533333333333 4.62466666666667 8.52266666666667 6.12266666666667 5.48666666666667 3.04733333333333 1.89066666666667 1.33133333333333 -9999 0.973333333333333 -9999 -9999 -9999 -9999 0.656 -9999
11.894 11.7433333333333 19.3106666666667 32.3083333333333 43.4133333333333 53.054 55.804 53.436 50.136 42.196 28.046 19.428 13.7713333333333 12.4646666666667 12.6246666666667 10.04 9.934 18.4513333333333 29.5746666666667 39.4466666666667 37.4833333333333 35.6993333333333 35.964 32.768 26.4653333333333 25.8573333333333 22.0093333333333 17.774 12.264 7.37566666666667 8.60333333333333 11.6813333333333 14.264 10.9353333333333 8.172 -9999 -9999 4.22933333333333 4.66 5.31266666666667 3.68933333333333 2.822 1.772 -9999 -9999 -9999 -9999 -9999 -9999 -9999 -9999 -9999
8.48733333333333 12.562 19.6613333333333 33.6763333333333 45.4226666666667 50.3673333333333 49.9553333333333 49.5226666666667 44.1733333333333 37.014 27.882 22.3013333333333 15.7573333333333 11.3493333333333 8.12266666666667 7.03733333333333 12.5516666666667 22.3206666666667 30.402 37.0106666666667 33.566 30.656 29.2553333333333 28.3533333333333 25.5073333333333 22.9486666666667 20.5613333333333 16.556 12.188 7.48033333333333 7.43866666666667 11.42 11.642 9.19866666666667 6.88533333333333 -9999 -9999 -9999 3.68066666666667 3.81066666666667 2.59666666666667 2.236 -9999 -9999 -9999 -9999 -9999 -9999 -9999 -9999 -9999 -9999
11.738 18.4406666666667 24.5573333333333 37.428 45.082 44.5453333333333 44.2626666666667 43.5213333333333 38.1386666666667 35.5066666666667 30.8193333333333 23.1986666666667 16.552 12.7446666666667 8.15066666666667 7.72533333333333 14.515 25.974 32.9573333333333 32.9626666666667 28.976 26.1553333333333 21.9413333333333 24.452 22.9246666666667 20.634 17.4326666666667 14.2006666666667 11.8766666666667 7.146 6.68066666666667 10.8906666666667 9.69133333333333 7.668 5.51933333333333 -9999 -9999 -9999 -9999 2.60666666666667 -9999 -9999 -9999 -9999 -9999 -9999 -9999 -9999 -9999 -9999 -9999 -9999
12.204 18.2926666666667 26.2086666666667 31.576 39.7236666666667 39.112 37.3586666666667 36.25 35.4166666666667 30.408 24.21 19.582 15.3053333333333 11.0773333333333 8.02466666666667 6.43333333333333 9.78333333333333 19.9786666666667 31.384 28.6113333333333 24.9333333333333 22.7846666666667 19.814 19.704 19.472 18.5633333333333 15.918 12.0793333333333 11.0553333333333 7.75733333333333 5.31366666666667 8.24466666666667 9.47533333333333 7.684 4.802 -9999 -9999 -9999 -9999 -9999 -9999 -9999 -9999 -9999 -9999 -9999 -9999 -9999 -9999 -9999 -9999 -9999
