data/derived/r_mean_temp.asc
NCOLS 191 
NROWS 93 
XLLCORNER 442474.332677425 
YLLCORNER 4080120.41147431 
CELLSIZE 500 
NODATA_value -9999 
[rows 23 to 45 of 93, columns 106 to 158 of 191]
-9999 -9999 -9999 -9999 -9999 -9999 -9999 -9999 -9999 -9999 -9999 -9999 -9999 -9999 -9999 -9999 -9999 -9999 -9999 -9999 -9999 -9999 -9999 -9999 -9999 -9999 -9999 -9999 -9999 -9999 -9999 -9999 -9999 -9999 -9999 -9999 -9999 -9999 -9999 -9999 -9999 -9999 -9999 -9999 -9999 -9999 -9999 -9999 -9999 -9999 -9999 -9999 -9999
13.4953333333333 -9999 -9999 -9999 -9999 -9999 -9999 -9999 -9999 -9999 -9999 -9999 -9999 -9999 -9999 -9999 -9999 -9999 -9999 -9999 -9999 -9999 -9999 -9999 -9999 -9999 -9999 -9999 -9999 -9999 -9999 -9999 -9999 -9999 -9999 -9999 -9999 -9999 -9999 -9999 -9999 -9999 -9999 -9999 -9999 -9999 -9999 -9999 -9999 -9999 -9999 -9999 -9999
13.1813333333333 13.3393333333333 -9999 13.11 12.7813333333333 -9999 -9999 13.0473333333333 12.944 -9999 -9999 -9999 -9999 -9999 -9999 -9999 -9999 -9999 -9999 -9999 -9999 -9999 -9999 -9999 -9999 -9999 -9999 -9999 -9999 14.3753333333333 14.4786666666667 14.6286666666667 14.7266666666667 14.7726666666667 15 -9999 -9999 -9999 -9999 -9999 -9999 -9999 -9999 -9999 -9999 -9999 -9999 -9999 -9999 -9999 -9999 -9999 -9999
12.71 12.862 -9999 -9999 -9999 12.5253333333333 12.454 12.244 12.656 -9999 -9999 -9999 -9999 -9999 11.89 -9999 -9999 -9999 -9999 -9999 -9999 -9999 -9999 -9999 -9999 -9999 13.6473333333333 13.9993333333333 14.27 14.3233333333333 14.5473333333333 14.424 14.49 14.65 14.8033333333333 15.0206666666667 15.1393333333333 -9999 -9999 -9999 -9999 -9999 -9999 -9999 -9999 -9999 -9999 -9999 -9999 -9999 -9999 -9999 -9999
12.144 12.6526666666667 12.8106666666667 -9999 12.524 11.898 11.82 12.2523333333333 -9999 12.409 12.094 12.444 12.1883333333333 11.9706666666667 -9999 -9999 -9999 -9999 -9999 -9999 -9999 -9999 11.81 12.5813333333333 12.99 13.5736666666667 13.8973333333333 14.0493333333333 13.8796666666667 13.8346666666667 14.019 14.1476666666667 13.8683333333333 14.2903333333333 14.3226666666667 14.7131111111111 14.9117777777778 15.0656666666667 15.1883333333333 15.3313333333333 15.5033333333333 15.792 16.0466666666667 -9999 -9999 -9999 -9999 -9999 -9999 -9999 -9999 -9999 -9999
11.7406666666667 12.1386666666667 12.484 -9999 12.3973333333333 11.2166666666667 11.608 11.91 12.4733333333333 11.6366666666667 11.4006666666667 11.8226666666667 11.576 -9999 -9999 -9999 -9999 12.4853333333333 -9999 -9999 -9999 -9999 -9999 12.7403333333333 13.042 13.338 13.7846666666667 13.4866666666667 13.5106666666667 13.038 13.26 13.4593333333333 13.8433333333333 13.5906666666667 13.6153333333333 14.122 14.6433333333333 14.9293333333333 15.038 15.242 15.492 15.808 16.086 16.2273333333333 16.3333333333333 -9999 -9999 -9999 -9999 -9999 -9999 -9999 -9999
11.3786666666667 11.3726666666667 12.1953333333333 12.5266666666667 11.5073333333333 11.1946666666667 10.79 11.6773333333333 11.9166666666667 11.1286666666667 11.1433333333333 10.9433333333333 10.7366666666667 -9999 -9999 -9999 12.0986666666667 12.262 12.106 11.9886666666667 11.8446666666667 -9999 11.7306666666667 12.17 13.0003333333333 13.6033333333333 13.0966666666667 12.934 13.0526666666667 12.924 12.676 13.01 13.312 13.1133333333333 13.158 13.6573333333333 14.3896666666667 14.808 14.9746666666667 15.1666666666667 15.4273333333333 15.766 16.0273333333333 16.2113333333333 16.286 16.352 -9999 -9999 -9999 -9999 -9999 16.4386666666667 16.1826666666667
11.194 11.4246666666667 12.2806666666667 12.5046666666667 12.018 10.766 10.8406666666667 11.5386666666667 12.0046666666667 10.8473333333333 10.6306666666667 10.3136666666667 10.2926666666667 10.748 -9999 -9999 11.86 12.056 11.8773333333333 11.442 10.8273333333333 10.8706666666667 11.0413333333333 11.666 12.6223333333333 13.0233333333333 12.8706666666667 12.404 12.414 12.1586666666667 12.17 12.418 12.6826666666667 12.7866666666667 12.684 13.136 13.906 14.4223333333333 14.7993333333333 15.0773333333333 15.366 15.69 15.9166666666667 16.0833333333333 16.1906666666667 16.262 16.05 16.2273333333333 16.2493333333333 16.2533333333333 16.3296666666667 16.02 15.888
10.6966666666667 11.33 11.3273333333333 11.9386666666667 12.0726666666667 10.884 10.0873333333333 10.8626666666667 11.6233333333333 11.0013333333333 9.99533333333333 9.79733333333333 10.4073333333333 10.7766666666667 11.1666666666667 11.1873333333333 11.9086666666667 11.418 11.2353333333333 11.1646666666667 10.61 9.97933333333333 10.474 11.508 12.622 12.5013333333333 12.6626666666667 12.0593333333333 11.5473333333333 11.81 12.1373333333333 12.412 12.3753333333333 12.568 12.7186666666667 12.934 13.16 13.9663333333333 14.622 14.9446666666667 15.2 15.534 15.752 15.9513333333333 16.0493333333333 16.0753333333333 15.9513333333333 15.8806666666667 16.0393333333333 16.3046666666667 16.0616666666667 15.9313333333333 15.928
10.3346666666667 10.5586666666667 11.1746666666667 11.2113333333333 11.538 11.15 10.1106666666667 10.4986666666667 11.2126666666667 10.5533333333333 9.772 9.58333333333333 10.131 10.7866666666667 10.962 11.422 11.5966666666667 11.5086666666667 10.894 10.578 10.02 9.60066666666667 10.326 11.44 12.3773333333333 12.2353333333333 11.8146666666667 11.7873333333333 11.4026666666667 11.7846666666667 11.898 11.9093333333333 11.9466666666667 12.3153333333333 12.662 13.0986666666667 13.1 13.2733333333333 13.8993333333333 14.572 15.0826666666667 15.148 15.4413333333333 15.642 15.7746666666667 15.892 15.7006666666667 16.198 16.154 15.8333333333333 15.828 15.7323333333333 15.914
9.79066666666667 10.2093333333333 11.0653333333333 10.7533333333333 10.6573333333333 10.1953333333333 9.79733333333333 9.948 10.5073333333333 10.6653333333333 9.418 8.98466666666667 9.536 10.444 11.09 11.3646666666667 11.362 10.7193333333333 10.9346666666667 10.374 9.91533333333333 9.978 10.132 10.914 11.8466666666667 12.0726666666667 10.836 10.944 10.48 11.6286666666667 11.7326666666667 11.642 11.4646666666667 11.854 12.222 13.14 13.5433333333333 13.348 13.4303333333333 14.3146666666667 14.8653333333333 14.7126666666667 14.9966666666667 15.2626666666667 15.3773333333333 15.5753333333333 15.994 15.6986666666667 15.468 15.4713333333333 15.258 15.4546666666667 15.6073333333333
9.803 9.94466666666667 10.0313333333333 10.5913333333333 10.5806666666667 10.1466666666667 9.51533333333333 9.37 9.97066666666667 10.6973333333333 9.58933333333333 8.71266666666667 8.80266666666667 9.62866666666667 10.684 11.0506666666667 10.648 10.0313333333333 10.1966666666667 10.4186666666667 10.31 10.5453333333333 9.93733333333333 10.9013333333333 11.5073333333333 12.2293333333333 10.7886666666667 10.37 10.6673333333333 11.24 11.044 11.31 11.9653333333333 12.768 13.0046666666667 13.1773333333333 13.5266666666667 13.9186666666667 13.4813333333333 13.74 14.242 14.072 14.3266666666667 14.8113333333333 14.9306666666667 15.632 15.088 15.0106666666667 15.078 14.978 14.6826666666667 14.8746666666667 15.2483333333333
9.32866666666667 9.10266666666667 9.43066666666667 9.89266666666667 9.96866666666667 9.886 9.55466666666667 8.956 9.82266666666667 9.86666666666667 9.40533333333333 8.742 8.91066666666667 9.28766666666667 10.1146666666667 11.1646666666667 10.2013333333333 9.95666666666667 9.37733333333333 9.68333333333333 10.3713333333333 10.6486666666667 10.21 11.0293333333333 12.1033333333333 11.7106666666667 11.033 10.3586666666667 10.6673333333333 10.968 10.5846666666667 11.104 12.3046666666667 12.446 12.1 13.084 13 13.7233333333333 13.974 13.8906666666667 14.158 14.268 14.416 14.8193333333333 15.1933333333333 14.8986666666667 14.3386666666667 14.0513333333333 14.3346666666667 14.1926666666667 14.1386666666667 14.1713333333333 14.8926666666667
8.88466666666667 8.84933333333333 9.112 9.13066666666667 9.11533333333333 9.60333333333333 8.69866666666667 8.79266666666667 9.59066666666667 9.00866666666667 9.3 8.64733333333333 8.706 9.38366666666667 10.1246666666667 10.714 10.3373333333333 10.2173333333333 9.50533333333333 9.47666666666667 10.1886666666667 10.906 11.178 11.318 11.61 11.608 11.459 10.8986666666667 10.5733333333333 10.696 10.5453333333333 11.28 12.132 11.6973333333333 12.128 12.194 12.564 13.136 13.7033333333333 14.1046666666667 14.1073333333333 14.6686666666667 14.9066666666667 15.0873333333333 14.7206666666667 14.4486666666667 14.7513333333333 14.176 13.778 13.5233333333333 13.5373333333333 13.4546666666667 14.1646666666667
8.87533333333333 8.38733333333333 8.80733333333333 9.19066666666667 8.77 8.87866666666667 8.222 8.46 9.008 8.73333333333333 8.45 8.15333333333333 8.642 9.42 9.711 9.48733333333333 9.716 9.512 9.47533333333333 9.138 9.75466666666667 10.5766666666667 10.8113333333333 10.9693333333333 11.0946666666667 11.212 10.8173333333333 11.1566666666667 10.5166666666667 10.4306666666667 10.672 11.3106666666667 11.446 11.3586666666667 11.7306666666667 11.7226666666667 12.2446666666667 12.9246666666667 13.5626666666667 14.2453333333333 14.5016666666667 14.8166666666667 14.6806666666667 14.346 14.156 14 14.246 13.9833333333333 14.0386666666667 13.7066666666667 13.6093333333333 13.6566666666667 13.6346666666667
9.44266666666667 8.424 8.72333333333333 8.91866666666667 8.89733333333333 8.53866666666667 7.972 8.07066666666667 8.51066666666667 8.23066666666667 7.72266666666667 8.35866666666667 8.61733333333333 8.83066666666667 8.89333333333333 8.78333333333333 8.874 8.91533333333333 8.59733333333333 8.67466666666667 9.626 10.026 10.0213333333333 10.5433333333333 11.0746666666667 10.764 10.4386666666667 10.6533333333333 10.286 10.106 10.648 11.0453333333333 11.056 11.2966666666667 11.6066666666667 12.192 12.5746666666667 13.236 13.8493333333333 13.3953333333333 14.094 14.2226666666667 14.2586666666667 13.6693333333333 13.5833333333333 13.4033333333333 13.67 13.564 13.5226666666667 13.6526666666667 13.5893333333333 13.6486666666667 13.78
9.31233333333333 8.411 7.94683333333333 8.39766666666667 9.12766666666667 8.533 7.952 7.38233333333333 7.53133333333333 7.46933333333333 7.02633333333333 7.28066666666667 7.75433333333333 7.78333333333333 7.906 7.89983333333333 8.06933333333333 8.064 7.732 8.40266666666667 9.17333333333333 9.431 9.268 9.73066666666667 10.3983333333333 9.99566666666667 9.72566666666667 10.3643333333333 9.88783333333333 9.80533333333333 10.5886666666667 9.946 10.538 11.4993333333333 12.15 12.7346666666667 12.9996666666667 12.8163333333333 12.6596666666667 13.4193333333333 13.7393333333333 13.8876666666667 13.279 13.0443333333333 12.686 12.7186666666667 12.384 12.565 12.8503333333333 13.0413333333333 13.2756666666667 13.4363333333333 13.5866666666667
7.82133333333333 7.61866666666667 7.91 8.02333333333333 8.80466666666667 9.17666666666667 8.35133333333333 7.24266666666667 6.42866666666667 6.29066666666667 6.126 6.39333333333333 6.74666666666667 6.75733333333333 6.792 6.91866666666667 6.72133333333333 6.798 6.90333333333333 7.24333333333333 7.72933333333333 8.38466666666667 8.286 9.026 9.55533333333333 8.876 9.13666666666667 9.37666666666667 9.44533333333333 9.54133333333333 9.44533333333333 9.398 10.2653333333333 11.8266666666667 11.8673333333333 11.9373333333333 11.2706666666667 11.596 12.6746666666667 12.6846666666667 12.0033333333333 13.2953333333333 12.7046666666667 12.3133333333333 11.6813333333333 11.5 11.366 11.5846666666667 11.9346666666667 12.6646666666667 12.64 13.0366666666667 13.666
6.86866666666667 7.44666666666667 8.43733333333333 8.81966666666667 8.88 9.22133333333333 8.37466666666667 7.62866666666667 6.45133333333333 5.70333333333333 5.79333333333333 5.91533333333333 6.01666666666667 6.2 6.59266666666667 7.198 6.83766666666667 6.76666666666667 6.79666666666667 6.972 6.936 7.24933333333333 7.33133333333333 7.978 8.428 8.41133333333333 8.23066666666667 8.46733333333333 8.83533333333333 8.31866666666667 8.36666666666667 9.25533333333333 10.4993333333333 11.1746666666667 11.1873333333333 11.3 10.8393333333333 11.7633333333333 12.142 11.6526666666667 11.35 12.1313333333333 12.085 11.7833333333333 11.3306666666667 10.8373333333333 10.904 11.1206666666667 11.8286666666667 11.7446666666667 12.2646666666667 12.672 13.1046666666667
6.838 7.45333333333333 8.416 9.44433333333333 9.85266666666667 9.438 8.57666666666667 7.56933333333333 6.35733333333333 6.288 6.82466666666667 6.62266666666667 6.26933333333333 6.47533333333333 7.23666666666667 7.73533333333333 7.553 7.45066666666667 7.80133333333333 7.74133333333333 7.59533333333333 7.092 6.612 7.00733333333333 7.31866666666667 7.10333333333333 7.47533333333333 7.56533333333333 7.418 7.58166666666667 7.82933333333333 8.34333333333333 9.388 10.124 10.7306666666667 10.7733333333333 10.66 11.1333333333333 11.4646666666667 11.3593333333333 10.5733333333333 11.6153333333333 10.8006666666667 11.328 10.92 10.8953333333333 11.172 11.2573333333333 11.0486666666667 11.266 11.8146666666667 12.3373333333333 12.7893333333333
7.95933333333333 7.42333333333333 7.902 8.38333333333333 9.45766666666667 9.668 8.666 7.99533333333333 7.08266666666667 6.99066666666667 7.56666666666667 7.48466666666667 6.84133333333333 6.85933333333333 7.254 8.254 8.42066666666667 8.209 8.36066666666667 8.582 8.128 7.47666666666667 7.142 7.59733333333333 7.54333333333333 7.48133333333333 8.10266666666667 8.02733333333333 7.88733333333333 8.00333333333333 8.43633333333333 8.444 8.12533333333333 8.57266666666667 9.40533333333333 9.36933333333333 9.90666666666667 9.44066666666667 10.0813333333333 10.27 9.59066666666667 10.328 10.0653333333333 10.1166666666667 10.3893333333333 10.516 10.77 11.0813333333333 11.7593333333333 11.8233333333333 11.856 12.1706666666667 12.648
8.844 8.226 7.65866666666667 8.346 9.41266666666667 9.988 9.27266666666667 8.65733333333333 7.46466666666667 7.58133333333333 8.314 8.07266666666667 7.64866666666667 7.194 7.61266666666667 8.01133333333333 9.03333333333333 9.03666666666667 9.314 8.76266666666667 8.25466666666667 8 7.71333333333333 8.23933333333333 8.27133333333333 8.32666666666667 8.65866666666667 8.656 8.418 8.538 9.06266666666667 9.05466666666667 8.582 8.28333333333333 8.164 8.108 8.66933333333333 8.80733333333333 9.16 8.54466666666667 8.566 8.858 8.98733333333333 9.211 9.758 10.032 10.4626666666667 10.7646666666667 11.216 11.63 12.1766666666667 12.7846666666667 13.224
9.07 8.90333333333333 7.924 8.23 9.13933333333333 9.886 9.296 8.752 8.088 8.11266666666667 8.76266666666667 8.99466666666667 8.20466666666667 7.6 8.21866666666667 8.60733333333333 9.14666666666667 9.77733333333333 9.828 9.08066666666667 8.68 8.538 8.28733333333333 9.018 9.196 9.266 9.252 9.43 9.09533333333333 9.36333333333333 9.80666666666667 9.54733333333333 9.16533333333333 8.75266666666667 8.648 8.412 8.85733333333333 8.77066666666667 8.79133333333333 8.80066666666667 8.982 9.298 9.53 9.97033333333333 10.1006666666667 10.0826666666667 10.0573333333333 10.5553333333333 10.7226666666667 11.0946666666667 11.83 12.1073333333333 12.5826666666667
