data/derived/r_mean_scmd_1250.asc
NCOLS 186 
NROWS 74 
XLLCORNER 443300.206538099 
YLLCORNER 4085841.77455235 
CELLSIZE 500 
NODATA_value -9999 
[rows 23 to 45 of 74, columns 0 to 51 of 186]
-9999 -9999 -9999 -9999 -9999 -9999 -9999 -9999 -9999 -9999 -9999 -9999 -9999 -9999 -9999 -9999 -9999 -9999 -9999 -9999 -9999 -9999 -9999 -9999 -9999 -9999 -9999 83.5714285714286 97.3571428571429 113.535714285714 -9999 142.142857142857 -9999 -9999 -9999 -9999 -9999 -9999 -9999 -9999 -9999 -9999 -9999 -9999 -9999 -9999 -9999 -9999 -9999 -9999 -9999 -9999
-9999 -9999 -9999 -9999 -9999 -9999 -9999 -9999 -9999 -9999 -9999 -9999 -9999 -9999 -9999 -9999 -9999 -9999 -9999 -9999 -9999 -9999 -9999 -9999 -9999 -9999 110.714285714286 110.714285714286 110.714285714286 113.785714285714 142.642857142857 135.5 141 -9999 -9999 -9999 -9999 149 142.142857142857 -9999 -9999 -9999 -9999 -9999 -9999 -9999 -9999 -9999 -9999 -9999 -9999 -9999
-9999 -9999 -9999 -9999 -9999 -9999 -9999 -9999 -9999 -9999 -9999 -9999 -9999 -9999 -9999 -9999 -1 -9999 -9999 -9999 -9999 -9999 -9999 -9999 -9999 -9999 114.428571428571 117.071428571429 113.642857142857 113.642857142857 131.321428571429 141.785714285714 141.214285714286 150.714285714286 148.428571428571 142.714285714286 144.428571428571 158.714285714286 160.428571428571 150.714285714286 -9999 -9999 -9999 -9999 114.071428571429 100.071428571429 110.714285714286 -9999 -9999 -9999 -9999 -9999
-9999 -9999 -9999 -9999 -9999 -9999 -9999 -9999 -9999 -9999 -9999 -9999 -9999 -9999 -1 -9999 -1 -9999 -9999 -9999 -9999 -1 -1 -1 80.5714285714286 77.3571428571429 124.5 129.428571428571 130 114.785714285714 117.642857142857 112.785714285714 141.214285714286 147.857142857143 157.571428571429 163.285714285714 171.285714285714 174.142857142857 174.142857142857 163.285714285714 -9999 -9999 -9999 -9999 -9999 108.642857142857 117.428571428571 102.214285714286 116.428571428571 100.642857142857 97.2857142857143 93.8571428571429
-9999 -9999 -9999 -9999 -9999 -9999 -9999 -9999 -9999 -9999 -9999 -9999 -1 -9999 -1 -9999 -1 -9999 -9999 -9999 -1 -1 -1 -1 -1 83 111.357142857143 120.285714285714 111.357142857143 107.928571428571 108.5 108.5 130.357142857143 155.857142857143 169.571428571429 175.857142857143 178.714285714286 181.571428571429 179.857142857143 177.571428571429 172.428571428571 168.285714285714 -9999 -9999 -9999 138.857142857143 146.928571428571 140.642857142857 138.357142857143 137.785714285714 128.642857142857 123.714285714286
-9999 -9999 -9999 -9999 -9999 -9999 -9999 -9999 -9999 -9999 -9999 -1 -1 -1 -1 -1 -1 -9999 -9999 -1 -1 -1 84 -1 -1 -1 -1 -1 101.428571428571 100.714285714286 104.5 121.714285714286 154.142857142857 170.714285714286 170.714285714286 175.285714285714 173.571428571429 177.571428571429 186.714285714286 179.285714285714 179.857142857143 181 177 172.428571428571 -9999 153.571428571429 159.857142857143 159.857142857143 146.928571428571 145.214285714286 162.142857142857 150.714285714286
-9999 -9999 -9999 -9999 -9999 -9999 -9999 -9999 -9999 -1 -9999 -1 -1 -1 -1 -1 -1 -1 -9999 -1 122.928571428571 131.5 144.428571428571 131.285714285714 132.428571428571 134.357142857143 125.428571428571 112.5 106.357142857143 103.142857142857 101.214285714286 120.285714285714 152.535714285714 177.571428571429 174.142857142857 169.571428571429 174.714285714286 183.857142857143 185 184.285714285714 181.571428571429 185.571428571429 186.142857142857 179.285714285714 -9999 163 161 162.714285714286 163.857142857143 164.428571428571 158.714285714286 149.571428571429
-9999 -9999 -9999 -9999 -9999 -9999 -9999 -9999 -9999 -1 -1 -1 -1 -1 -1 -1 -1 -1 -9999 -1 139.285714285714 151.857142857143 154.714285714286 150.142857142857 145 147.285714285714 147.857142857143 143.5 130.571428571429 119.142857142857 108.5 113.428571428571 146.535714285714 172.428571428571 166.714285714286 170.714285714286 177 183.285714285714 186.714285714286 181.571428571429 188.428571428571 187.285714285714 186.714285714286 186.714285714286 182.714285714286 165 162.142857142857 166.714285714286 176.428571428571 177 174.142857142857 162.142857142857
-9999 -9999 -9999 -9999 -9999 -9999 -9999 -9999 -9999 -1 -1 -1 -1 -1 -1 -1 -1 -1 -1 -9999 123.714285714286 151.857142857143 158.714285714286 155.857142857143 149.571428571429 148.428571428571 147.857142857143 152.428571428571 151.857142857143 146.142857142857 137.571428571429 133.785714285714 135.5 151 153.571428571429 168.428571428571 170.714285714286 177 175.857142857143 183.857142857143 186.714285714286 182.714285714286 182.142857142857 189 187.857142857143 189.571428571429 179.857142857143 172.428571428571 182.142857142857 185.571428571429 177 169.571428571429
-9999 -9999 -9999 -9999 -9999 -9999 -9999 -9999 -9999 -9999 -9999 -1 -1 -1 -1 -1 -1 -1 -1 -9999 113.142857142857 151.285714285714 154.142857142857 159.857142857143 150.714285714286 147.857142857143 153.571428571429 158.142857142857 148.428571428571 143.857142857143 137.571428571429 138.142857142857 140.428571428571 143.571428571429 151.285714285714 166.142857142857 173.571428571429 173.571428571429 182.142857142857 181.571428571429 183.285714285714 185 187.285714285714 186.142857142857 189 190.714285714286 185.857142857143 181 191.285714285714 188.428571428571 187.285714285714 170.714285714286
-9999 -9999 -9999 -9999 -9999 -9999 -9999 -9999 -9999 -9999 -9999 -1 -1 -1 -1 -1 -1 -1 -1 -9999 -1 128.642857142857 136.071428571429 146.714285714286 159.857142857143 162.714285714286 157 158.142857142857 150.142857142857 150.714285714286 146.714285714286 145.571428571429 143.857142857143 154.142857142857 151.571428571429 162.714285714286 169.571428571429 168.428571428571 168.428571428571 168.428571428571 170.714285714286 178.142857142857 186.142857142857 189 192.428571428571 193.571428571429 193 190.142857142857 197.571428571429 193 191.714285714286 178.142857142857
-9999 -9999 -9999 -9999 -9999 -9999 -9999 -9999 -9999 -9999 -9999 -9999 -9999 -9999 -1 -1 -1 96.2857142857143 -1 -9999 -9999 118.303571428571 132.571428571429 142.535714285714 147.25 158.428571428571 158.428571428571 154.142857142857 159.857142857143 161.857142857143 163 162.714285714286 165.571428571429 165 162.142857142857 162.142857142857 167.857142857143 168.428571428571 175.857142857143 174.142857142857 176.428571428571 173.571428571429 180.428571428571 187.285714285714 196.428571428571 195.857142857143 197 200.428571428571 199.857142857143 195.285714285714 191.714285714286 182.714285714286
-9999 -9999 -9999 -9999 -9999 -9999 -9999 -9999 -9999 -9999 -9999 -9999 -9999 -9999 -1 -1 -1 89.4285714285714 98.9285714285714 -9999 -9999 -9999 123.535714285714 131.714285714286 137.214285714286 136.642857142857 145 150.714285714286 153.571428571429 166.714285714286 171.857142857143 173.571428571429 171 174.428571428571 173.952380952381 177.952380952381 178.428571428571 177.857142857143 184.428571428571 186.142857142857 191.571428571429 193.571428571429 199.571428571429 207 203.285714285714 200.428571428571 213.571428571429 213.761904761905 203.857142857143 196.428571428571 193.428571428571 179.714285714286
-9999 -9999 -9999 -9999 -9999 -9999 -9999 -9999 -9999 -9999 -9999 -9999 -9999 -9999 -1 96.2857142857143 88.8571428571429 89.4285714285714 88.8571428571429 88.8571428571429 -9999 116.928571428571 118.642857142857 123.142857142857 122.571428571429 138.357142857143 152.428571428571 158.142857142857 159.285714285714 158.142857142857 170.142857142857 176.428571428571 178.142857142857 181 187.857142857143 188.142857142857 189.571428571429 187.857142857143 191.857142857143 198.142857142857 208.428571428571 199.285714285714 213.571428571429 216.428571428571 203.285714285714 204.428571428571 211.285714285714 213 210.142857142857 203.571428571429 199.285714285714 198.428571428571
-9999 -9999 -9999 -9999 -9999 -9999 -9999 -9999 -9999 -9999 -9999 -9999 -9999 -9999 -9999 96.2857142857143 87.3571428571429 79 -1 -1 -1 102.214285714286 120.428571428571 120.928571428571 130 143.5 153.571428571429 160.428571428571 161.571428571429 168.428571428571 172.428571428571 179.285714285714 179.857142857143 183.285714285714 188.428571428571 187.857142857143 190.428571428571 195.285714285714 198.714285714286 210.714285714286 213 206.714285714286 209 213.571428571429 213 211.857142857143 217.571428571429 220.428571428571 222.714285714286 214.428571428571 217.571428571429 215.857142857143
-9999 -9999 -9999 -9999 -9999 -9999 -9999 -9999 -9999 -9999 -9999 -9999 -9999 -9999 -9999 89.0714285714286 89.4285714285714 -1 -1 -1 -1 -1 122.142857142857 114.892857142857 137.785714285714 144.642857142857 155.285714285714 160.428571428571 168.428571428571 168.428571428571 174.714285714286 178.142857142857 183.857142857143 180.428571428571 182.714285714286 181 189 190.714285714286 211.857142857143 211.285714285714 211.857142857143 208.428571428571 211.857142857143 214.714285714286 213.571428571429 221 221.571428571429 222.142857142857 226.142857142857 223.571428571429 225 221.571428571429
-9999 -9999 -9999 -9999 -9999 -9999 -9999 -9999 -9999 -9999 -9999 -9999 -9999 -9999 -9999 -1 -1 -1 -1 110.785714285714 59.2142857142857 -1 -1 116.357142857143 116.5 125.642857142857 156.428571428571 161 161.571428571429 169 176.428571428571 176.428571428571 181.571428571429 173.571428571429 174.714285714286 174.714285714286 182.142857142857 193 197.571428571429 202.142857142857 200.428571428571 209.571428571429 212.428571428571 213.571428571429 221 229 231.857142857143 230.142857142857 227.857142857143 232.142857142857 227.857142857143 227.285714285714
-9999 -9999 -1 -9999 -9999 -9999 -9999 -9999 -9999 -9999 -9999 -9999 -9999 -9999 -9999 -1 -1 -1 135.642857142857 144.428571428571 146.142857142857 132.642857142857 127.714285714286 118.142857142857 120.678571428571 143.5 151.285714285714 157 168.428571428571 170.714285714286 174.714285714286 173 173.571428571429 182.714285714286 185 185.571428571429 185.571428571429 192.714285714286 200.428571428571 203.857142857143 203.857142857143 208.428571428571 211.857142857143 227.857142857143 231.285714285714 235.857142857143 234.714285714286 233.571428571429 234.142857142857 241.571428571429 239.285714285714 236.428571428571
-9999 -9999 -9999 -9999 -9999 -1 -1 -9999 -9999 -9999 -9999 -9999 -1 -1 -1 -1 83.4285714285714 103.857142857143 131.785714285714 145.571428571429 148.428571428571 148.428571428571 150.142857142857 149 143.857142857143 141.785714285714 153.571428571429 160.428571428571 165.571428571429 166.714285714286 167.285714285714 172.428571428571 181.571428571429 187.857142857143 188.428571428571 191.857142857143 197.571428571429 200.714285714286 205.571428571429 209 206.714285714286 209.571428571429 215.285714285714 226.714285714286 229 233.571428571429 238.142857142857 242.714285714286 244.428571428571 239.857142857143 247 246.714285714286
-9999 -9999 -9999 -1 -9999 -9999 -9999 -1 -9999 -9999 -9999 -1 -1 -1 -1 -1 115.571428571429 119.285714285714 122.928571428571 143.857142857143 144.357142857143 147.214285714286 149.571428571429 150.142857142857 153.571428571429 150.678571428571 144.642857142857 153.785714285714 153.785714285714 154.928571428571 174.714285714286 185 185.571428571429 187.714285714286 190.142857142857 201.571428571429 202.142857142857 204.428571428571 208.714285714286 211.285714285714 209 210.142857142857 217.571428571429 226.714285714286 228.428571428571 235.285714285714 238.142857142857 243.857142857143 254.142857142857 250.142857142857 260.428571428571 257.571428571429
-9999 -1 -1 -1 -1 -1 -1 -1 -1 -1 -1 -1 -1 -1 -1 -1 124.214285714286 129.714285714286 133.785714285714 137.714285714286 137.714285714286 137.714285714286 149.571428571429 149.214285714286 146.928571428571 155.857142857143 155.857142857143 158.142857142857 162.142857142857 171.142857142857 178.714285714286 186.142857142857 187.857142857143 189 194.142857142857 199.285714285714 202.142857142857 206.142857142857 211.571428571429 215.857142857143 216.428571428571 217 233.571428571429 234.714285714286 237 238.714285714286 242.714285714286 244.428571428571 266.142857142857 271.857142857143 253 255.571428571429
-1 -1 -1 -1 -1 115.714285714286 123.857142857143 123.857142857143 128.428571428571 122.142857142857 128.071428571429 128.285714285714 -1 120.857142857143 118.571428571429 125.714285714286 116.785714285714 136.571428571429 129.928571428571 136.571428571429 137.714285714286 141.214285714286 158.142857142857 144.642857142857 146.357142857143 149.214285714286 148.642857142857 163.285714285714 168.428571428571 172.857142857143 181 181 180.857142857143 184.285714285714 186 195.857142857143 201 205 211.857142857143 217 221.571428571429 225.571428571429 237 237 239.857142857143 245.571428571429 245.571428571429 264.428571428571 258.142857142857 242.142857142857 243.285714285714 251.857142857143
-9999 -1 -1 -1 -1 -1 113.75 123.821428571429 123.214285714286 135.678571428571 130.357142857143 126.357142857143 125.964285714286 138.714285714286 130.785714285714 120.642857142857 125.214285714286 126.857142857143 113.571428571429 134.857142857143 146.5 151.714285714286 139.5 134.214285714286 155.142857142857 158 157.107142857143 167.285714285714 171.714285714286 176.857142857143 178.714285714286 176.428571428571 175.714285714286 180.428571428571 185 196.428571428571 204.428571428571 209 211.857142857143 219.285714285714 228.428571428571 230.142857142857 240.428571428571 241.571428571429 245.571428571429 248.428571428571 248.428571428571 246.714285714286 246.714285714286 238.714285714286 243.285714285714 241.571428571429
