data/derived/r_mean_temp.asc
NCOLS 191 
NROWS 93 
XLLCORNER 442474.332677425 
YLLCORNER 4080120.41147431 
CELLSIZE 500 
NODATA_value -9999 
[rows 46 to 68 of 93, columns 53 to 105 of 191]
4.19866666666667 5.90733333333333 6.45266666666667 7.98666666666667 6.97066666666667 7.542 6.76666666666667 5.45266666666667 4.662 3.75333333333333 3.80866666666667 4.37133333333333 4.41733333333333 4.69266666666667 5.51533333333333 6.92 7.41 6.68533333333333 7.09933333333333 7.07733333333333 6.724 6.16 5.408 4.488 4.238 4.84933333333333 4.878 4.92866666666667 5.298 5.764 6.118 6.09466666666667 6.62333333333333 5.78533333333333 6.53133333333333 7.26666666666667 8.136 8.54333333333333 8.40866666666667 7.95 7.388 7.35066666666667 7.25133333333333 8.07933333333333 9.03266666666667 9.719 10.1806666666667 9.29666666666667 8.636 7.738 7.33533333333333 7.85066666666667 8.586
3.80066666666667 5.432 7.19333333333333 6.962 5.894 6.4 6.56333333333333 4.574 2.59 3.60933333333333 4.00133333333333 4.22933333333333 4.956 5.75 6.24866666666667 6.26 6.98866666666667 8.03066666666667 7.94733333333333 7.96333333333333 6.8 5.75866666666667 4.83733333333333 4.13333333333333 4.44666666666667 5.182 4.85733333333333 5.56466666666667 5.902 5.93533333333333 6.586 6.62733333333333 6.73766666666667 5.862 6.46666666666667 7.34066666666667 8.128 9.184 8.89733333333333 8.346 7.77333333333333 7.818 7.77266666666667 8.42666666666667 9.37666666666667 9.87666666666667 10.7853333333333 10.014 8.84933333333333 8.28333333333333 8.05266666666667 7.99133333333333 8.81666666666667
4.37733333333333 5.90466666666667 6.12533333333333 5.81933333333333 5.718 4.54466666666667 5.74533333333333 4.78066666666667 2.25533333333333 2.566 3.934 4.69 5.28466666666667 5.17266666666667 5.27866666666667 5.41266666666667 6.438 7.11266666666667 7.88333333333333 8.76533333333333 7.15333333333333 5.64533333333333 4.866 4.186 4.67266666666667 5.51266666666667 4.928 5.50266666666667 6.07066666666667 6.666 6.86066666666667 7.428 6.57666666666667 6.06233333333333 6.45733333333333 7.11333333333333 7.984 8.82533333333333 9.45333333333333 8.70066666666667 8.05733333333333 8.00266666666667 8.28266666666667 8.91733333333333 9.49266666666667 9.548 10.7176666666667 10.396 9.46933333333333 9.168 8.72266666666667 8.46933333333333 8.50333333333333
4.60466666666667 4.556 4.972 4.80733333333333 4.32266666666667 3.97666666666667 4.35933333333333 3.92366666666667 2.53933333333333 2.73333333333333 3.21533333333333 4.39466666666667 4.41333333333333 4.31133333333333 4.81733333333333 5.324 5.80933333333333 6.85333333333333 7.83533333333333 8.76133333333333 7.00866666666667 5.79666666666667 4.98533333333333 4.28 4.93266666666667 5.75333333333333 5.38266666666667 5.88533333333333 6.19533333333333 6.90066666666667 7.48266666666667 6.998 6.41133333333333 6.26433333333333 6.73266666666667 7.354 7.92266666666667 8.72466666666667 9.63933333333333 9.09733333333333 8.48266666666667 8.224 9.008 9.34666666666667 9.79533333333333 9.90266666666667 10.9733333333333 10.6713333333333 10.01 9.92066666666667 9.732 9.126 8.64666666666667
3.66066666666667 3.66466666666667 3.861 3.36033333333333 3.47733333333333 3.64133333333333 3.51133333333333 2.66233333333333 3.55566666666667 3.76633333333333 3.76433333333333 4.354 4.59266666666667 4.982 5.37066666666667 5.61266666666667 6.08466666666667 7.05733333333333 7.82933333333333 8.76866666666667 7.806 6.23033333333333 5.38666666666667 4.88266666666667 5.298 5.79466666666667 6.00133333333333 6.64666666666667 6.972 7.46733333333333 7.99666666666667 7.18533333333333 6.642 6.48266666666667 6.797 7.448 8.53133333333333 8.88733333333333 9.62733333333333 9.584 8.78666666666667 8.57133333333333 9.056 9.8 10.2393333333333 10.4273333333333 11.038 11.7336666666667 10.7613333333333 11.0093333333333 10.192 9.568 9.018
3.444 4.342 4.202 3.402 4.22333333333333 4.19866666666667 2.85866666666667 2.07333333333333 3.04266666666667 4.44966666666667 4.578 5.28333333333333 5.62333333333333 6.05633333333333 6.36633333333333 6.54966666666667 7.21 7.70533333333333 8.21266666666667 9.21066666666667 8.58533333333333 6.87083333333333 5.47366666666667 5.618 6.12033333333333 6.47966666666667 6.936 7.33 7.991 8.433 8.652 7.83366666666667 7.36366666666667 7.11666666666667 7.338 7.84333333333333 8.435 9.00833333333333 9.942 10.0636666666667 9.28666666666667 9.155 9.83433333333333 10.46 10.797 10.636 11.3223333333333 12.2516666666667 12.054 11.49 10.8133333333333 10.2276666666667 9.807
4.56466666666667 4.85666666666667 4.294 4.26533333333333 4.79266666666667 4.44533333333333 2.986 2.454 2.926 3.86866666666667 5.61266666666667 5.69533333333333 6.462 7.09 7.682 8.11533333333333 7.93666666666667 7.97333333333333 9.15133333333333 9.94266666666667 8.55466666666667 7.47266666666667 6.141 6.15466666666667 6.62866666666667 7.47133333333333 7.838 7.694 8.752 9.53266666666667 8.80533333333333 8.43133333333333 7.93533333333333 7.57 8.23333333333333 8.46633333333333 9.26466666666667 9.80466666666667 10.4546666666667 10.574 9.592 9.688 10.3933333333333 10.96 11.034 10.6653333333333 11.378 12.138 12.6753333333333 12.008 11.524 10.9213333333333 10.4853333333333
5.46933333333333 5.402 4.64266666666667 4.984 5.45 4.83733333333333 3.75466666666667 2.95666666666667 3.29 3.96866666666667 5.584 6.15333333333333 6.944 7.59533333333333 8.39333333333333 9.024 9.44666666666667 9.182 9.29533333333333 9.73133333333333 8.61933333333333 7.41666666666667 6.149 7.05933333333333 7.28133333333333 7.844 8.28266666666667 8.024 8.86266666666667 10.0533333333333 9.11666666666667 8.856 8.02933333333333 8.21 8.84933333333333 9.077 9.72 10.49 11.19 10.5426666666667 9.73866666666667 9.864 10.5606666666667 11.334 11.4653333333333 10.998 11.3253333333333 11.9506666666667 12.8913333333333 12.7713333333333 11.6466666666667 11.2153333333333 11.036
5.758 6.18533333333333 5.61733333333333 5.59333333333333 6.21266666666667 5.20866666666667 4.44 4.07666666666667 3.72733333333333 3.76333333333333 4.91066666666667 5.99733333333333 6.592 7.13133333333333 7.95466666666667 8.552 9.30866666666667 10.138 10.352 9.66333333333333 8.522 7.47 6.53066666666667 6.402 7.84933333333333 8.42666666666667 8.16866666666667 8.32466666666667 9.218 10.2586666666667 9.61133333333333 8.93266666666667 8.59666666666667 8.66 9.382 10.062 10.043 11.0906666666667 11.0206666666667 10.224 9.57466666666667 9.81866666666667 10.572 11.5433333333333 12.0873333333333 11.4273333333333 11.5066666666667 12.1 12.864 12.8616666666667 11.966 11.6333333333333 11.5053333333333
6.38733333333333 6.15533333333333 6.66866666666667 6.60333333333333 6.75866666666667 5.86066666666667 4.93133333333333 4.67 4.31866666666667 4.04466666666667 4.89233333333333 5.71066666666667 6.35666666666667 7.024 7.48266666666667 8.054 8.76933333333333 9.748 10.6013333333333 9.57533333333333 8.56333333333333 7.564 6.67866666666667 6.51666666666667 7.72266666666667 8.636 8.36866666666667 8.86333333333333 9.554 10.4933333333333 9.91733333333333 9.05 8.458 9.002 9.55733333333333 10.5546666666667 10.6693333333333 11.6153333333333 10.998 9.93933333333333 9.914 10.226 10.4146666666667 10.8926666666667 12.294 11.9133333333333 11.56 12.306 13.0353333333333 13.5676666666667 12.2006666666667 12.088 12.0026666666667
7.332 6.32333333333333 7.20733333333333 7.52466666666667 6.95266666666667 6.60466666666667 5.89066666666667 5.13533333333333 4.698 4.85866666666667 5.37066666666667 5.84866666666667 6.85733333333333 7.132 8.01933333333333 8.834 9.67466666666667 10.552 10.6066666666667 9.12733333333333 8.30666666666667 7.49666666666667 6.45533333333333 6.59466666666667 7.72 8.706 8.63266666666667 9.172 9.866 10.6453333333333 10.3406666666667 9.38066666666667 8.85533333333333 9.33 9.97733333333333 10.516 11.2876666666667 12.028 10.6226666666667 9.804 10.1333333333333 10.608 10.884 11.376 12.252 12.314 12.0813333333333 12.5413333333333 13.4106666666667 13.9133333333333 12.9866666666667 12.4246666666667 12.448
7.30666666666667 7.014 7.612 8.47133333333333 7.54533333333333 6.836 6.18733333333333 5.54666666666667 5.17066666666667 5.16933333333333 5.94133333333333 6.58766666666667 7.52733333333333 7.93933333333333 8.62066666666667 9.266 10.0293333333333 11.228 10.2713333333333 9.55933333333333 8.52266666666667 7.54333333333333 6.5 6.93333333333333 8.20033333333333 9.066 9.61333333333333 9.52533333333333 10.0633333333333 10.8593333333333 10.256 9.172 9.17 9.77333333333333 10.3766666666667 11.0013333333333 11.7733333333333 11.853 10.3453333333333 10.2786666666667 10.574 10.9733333333333 11.3373333333333 12.008 12.6926666666667 13.0773333333333 12.7146666666667 13.0093333333333 13.656 14.5933333333333 13.6493333333333 12.902 12.9653333333333
8.668 8.916 8.67666666666667 8.69466666666667 8.04266666666667 7.062 6.59133333333333 5.986 5.47466666666667 5.55133333333333 6.38733333333333 7.14566666666667 7.95933333333333 8.41266666666667 9.12 9.84933333333333 10.4846666666667 11.3706666666667 10.062 9.38866666666667 8.41466666666667 6.97 6.79533333333333 7.402 8.57533333333333 9.56266666666667 9.58666666666667 9.65266666666667 10.5046666666667 11.1746666666667 10.102 9.414 9.542 10.0766666666667 10.732 11.3413333333333 12.2973333333333 11.6003333333333 10.5153333333333 10.69 11.0606666666667 11.3553333333333 11.6906666666667 12.2633333333333 13.1406666666667 13.8746666666667 13.3793333333333 13.1473333333333 13.9533333333333 14.6266666666667 14.0726666666667 13.456 13.3886666666667
8.79466666666667 9.50933333333333 9.64666666666667 9.42733333333333 8.31133333333333 7.43466666666667 6.89 6.22666666666667 5.77266666666667 5.97666666666667 6.98266666666667 7.82 8.282 9.018 9.712 10.366 10.912 11.102 9.91333333333333 8.76866666666667 7.718 6.21866666666667 7.04133333333333 7.65933333333333 8.32133333333333 9.507 10.2006666666667 9.86133333333333 10.582 11.3206666666667 10.2013333333333 9.26933333333333 9.76066666666667 10.404 10.9733333333333 11.7453333333333 12.7546666666667 11.5193333333333 10.9516666666667 11.1793333333333 11.4106666666667 11.8173333333333 11.926 12.318 13.322 14.2306666666667 13.8633333333333 13.2666666666667 14.0166666666667 14.728 15.474 14.137 13.7593333333333
9.592 10.078 10.488 9.19333333333333 8.492 7.628 6.87266666666667 6.17266666666667 5.806 6.548 7.45533333333333 8.56733333333333 9.45266666666667 9.858 10.212 10.8193333333333 11.5026666666667 10.968 9.66266666666667 7.96066666666667 7.03133333333333 6.40733333333333 7.13666666666667 7.87466666666667 8.472 9.52066666666667 10.698 10.84 11.2973333333333 10.5413333333333 9.426 9.468 10.0706666666667 10.6726666666667 11.3986666666667 11.9833333333333 13.0093333333333 11.758 11.249 11.7466666666667 11.9093333333333 12.2306666666667 12.43 12.81 13.2946666666667 14.314 14.4673333333333 13.7533333333333 14.0866666666667 14.492 15.808 14.507 14.3233333333333
10.3926666666667 10.9773333333333 10.0873333333333 8.95666666666667 8.208 7.618 6.80933333333333 6.25133333333333 6.13133333333333 6.628 7.48066666666667 8.46066666666667 9.93733333333333 10.8326666666667 11.0286666666667 11.426 11.7973333333333 10.6966666666667 9.69933333333333 7.98933333333333 6.29333333333333 6.67466666666667 7.314 7.92266666666667 8.74333333333333 9.35733333333333 10.5416666666667 11.3333333333333 11.2966666666667 9.784 8.84466666666667 9.53866666666667 10.2513333333333 10.9906666666667 11.6486666666667 12.31 13.116 12.0086666666667 11.3313333333333 11.958 12.4906666666667 12.7453333333333 13.1073333333333 13.382 13.8706666666667 14.398 15.014 14.3333333333333 14.6453333333333 15.0733333333333 15.742 15.3306666666667 14.789
11.3401666666667 10.8863333333333 10.083 9.057 8.20466666666667 7.496 6.85066666666667 6.372 6.83266666666667 7.46666666666667 7.77133333333333 8.73666666666667 9.69266666666667 11.036 11.602 12.098 10.924 10.3026666666667 9.46 7.396 6.724 7.03066666666667 7.542 8.17333333333333 8.844 9.61866666666667 10.904 11.8026666666667 10.7773333333333 9.76866666666667 9.45533333333333 9.71733333333333 10.3853333333333 11.3433333333333 11.896 12.7273333333333 13.392 11.842 11.5226666666667 12.4406666666667 13.1566666666667 13.454 13.7706666666667 13.978 14.2286666666667 14.8813333333333 15.568 15.052 15.182 15.5566666666667 15.9853333333333 15.7153333333333 15.443
11.7213333333333 10.9276666666667 9.27466666666667 8.508 7.89866666666667 7.21733333333333 6.65133333333333 7.071 7.80566666666667 8.90633333333333 9.377 9.62166666666667 9.97 10.6471111111111 11.9891111111111 11.9283333333333 10.8 9.572 8.752 7.87866666666667 7.43366666666667 7.65733333333333 7.98133333333333 8.582 9.227 9.83333333333333 10.912 12.3944444444444 11.24 10.749 10.4256666666667 10.4696666666667 11.0143333333333 11.6273333333333 12.433 13.26 13.2786666666667 12.323 12.2976666666667 12.882 13.6486666666667 14.1493333333333 14.504 14.798 15.002 15.3173333333333 15.902 -9999 -9999 16.0046666666667 16.5613333333333 -9999 15.8753333333333
12.6733333333333 10.7173333333333 9.14 8.264 7.67333333333333 6.95066666666667 6.80533333333333 7.51466666666667 8.81866666666667 9.858 10.82 10.9033333333333 10.768 11.0093333333333 12.132 11.404 10.6873333333333 10.0866666666667 8.75866666666667 7.99266666666667 8.04933333333333 8.474 8.84266666666667 9.06066666666667 9.592 10.164 10.7193333333333 12.4136666666667 12.702 11.7673333333333 11.472 10.982 11.6953333333333 12.3293333333333 12.978 13.6766666666667 13.526 12.7406666666667 13.1533333333333 13.3273333333333 14.0446666666667 14.5293333333333 14.9886666666667 -9999 15.486 -9999 -9999 -9999 -9999 16.3793333333333 -9999 -9999 -9999
12.1886666666667 10.9146666666667 9.34 8.19666666666667 7.24266666666667 6.984 7.17666666666667 7.50266666666667 8.25066666666667 9.576 10.58 11.4686666666667 11.708 11.6386666666667 12.14 12.12 10.5653333333333 9.30733333333333 8.34666666666667 8.552 8.79266666666667 8.77333333333333 9.12066666666667 9.742 9.83733333333333 10.3193333333333 10.8566666666667 11.742 12.856 12.5866666666667 11.9226666666667 11.468 12.2006666666667 12.746 -9999 -9999 13.6293333333333 13.5446666666667 13.3853333333333 13.7986666666667 14.1073333333333 14.6026666666667 -9999 -9999 -9999 -9999 -9999 -9999 -9999 -9999 -9999 -9999 -9999
11.9873333333333 10.79 9.20566666666667 8.068 7.55933333333333 7.53266666666667 7.57 8.058 8.74333333333333 9.59933333333333 10.224 11.1413333333333 11.898 12.5693333333333 12.7866666666667 11.6183333333333 10.1726666666667 9.24666666666667 8.64466666666667 9.02133333333333 9.308 9.49 9.56866666666667 9.916 10.2466666666667 10.5626666666667 11.0633333333333 11.776 12.8783333333333 12.848 12.0673333333333 11.99 12.5126666666667 13.0213333333333 -9999 -9999 -9999 13.8333333333333 13.7926666666667 14.2073333333333 14.3786666666667 -9999 -9999 -9999 -9999 -9999 -9999 -9999 -9999 -9999 -9999 -9999 -9999
10.9746666666667 10.1586666666667 8.84566666666667 8.10333333333333 8.12733333333333 8.14333333333333 8.196 8.59066666666667 8.876 9.31066666666667 10.1226666666667 11.0346666666667 11.6413333333333 12.548 12.6293333333333 11.2756666666667 9.74733333333333 9.096 9.13133333333333 9.5 9.84333333333333 10.382 10.0833333333333 10.2673333333333 10.5726666666667 10.944 11.5006666666667 11.8873333333333 12.9373333333333 13.0753333333333 12.2113333333333 12.3793333333333 12.8566666666667 13.322 -9999 -9999 -9999 -9999 14.2406666666667 -9999 -9999 -9999 -9999 -9999 -9999 -9999 -9999 -9999 -9999 -9999 -9999 -9999 -9999
10.9846666666667 9.976 9.38466666666667 8.612 8.63466666666667 8.80466666666667 8.91466666666667 8.97333333333333 9.384 10.024 10.5806666666667 11.2473333333333 11.97 12.5693333333333 13.0506666666667 12.226 10.647 9.298 9.556 9.99333333333333 10.2993333333333 10.6553333333333 10.6866666666667 10.7113333333333 10.8593333333333 11.2453333333333 11.9053333333333 12.1713333333333 12.8293333333333 13.4153333333333 12.7233333333333 12.462 12.9006666666667 13.5213333333333 -9999 -9999 -9999 -9999 -9999 -9999 -9999 -9999 -9999 -9999 -9999 -9999 -9999 -9999 -9999 -9999 -9999 -9999 -9999
