data/derived/r_mean_temp.asc
NCOLS 191 
NROWS 93 
XLLCORNER 442474.332677425 
YLLCORNER 4080120.41147431 
CELLSIZE 500 
NODATA_value -9999 
[rows 23 to 45 of 93, columns 53 to 105 of 191]
-9999 -9999 -9999 -9999 -9999 -9999 -9999 -9999 -9999 -9999 -9999 8.36266666666667 8.512 9.122 10.1313333333333 11.098 11.226 11.8246666666667 11.2506666666667 11.438 10.4686666666667 10.5206666666667 10.718 11.8626666666667 11.948 12.098 12.5386666666667 12.0326666666667 11.8746666666667 12.3533333333333 12.69 12.456 -9999 -9999 -9999 -9999 -9999 -9999 -9999 -9999 -9999 -9999 -9999 -9999 -9999 -9999 -9999 -9999 -9999 -9999 -9999 -9999 -9999
-9999 -9999 -9999 -9999 -9999 -9999 -9999 -9999 -9999 -9999 -9999 7.908 8.618 9.29333333333333 9.76733333333333 9.84866666666667 10.554 10.832 10.3946666666667 10.3406666666667 9.88666666666667 9.866 10.773 11.104 11.358 11.39 11.694 11.3413333333333 11.6793333333333 12.1653333333333 12.202 -9999 -9999 -9999 12.916 12.9026666666667 -9999 -9999 -9999 -9999 -9999 -9999 -9999 -9999 -9999 -9999 -9999 -9999 -9999 -9999 -9999 -9999 -9999
-9999 -9999 -9999 -9999 -9999 -9999 -9999 -9999 -9999 -9999 8.39166666666667 7.918 8.10733333333333 8.86 8.71866666666667 9.23466666666667 9.814 10.0586666666667 9.548 9.37 9.26266666666667 9.674 10.5886666666667 10.5433333333333 10.426 10.956 10.968 11.1073333333333 11.502 11.8346666666667 12.3553333333333 -9999 13.0273333333333 12.8313333333333 12.7293333333333 12.4986666666667 12.8286666666667 -9999 -9999 -9999 -9999 -9999 -9999 -9999 -9999 -9999 13.5033333333333 13.508 -9999 -9999 13.5586666666667 13.446 13.4066666666667
-9999 -9999 -9999 -9999 -9999 11.3786666666667 10.776 -9999 -9999 9.56133333333333 8.998 8.618 8.187 7.78366666666667 8.19866666666667 8.729 8.93466666666667 8.94333333333333 8.62966666666667 8.45466666666667 8.40933333333333 9.17466666666667 9.57366666666667 9.64933333333333 10.09 10.579 10.9613333333333 11.402 11.5126666666667 11.8433333333333 12.3913333333333 12.554 12.5726666666667 12.264 12.172 12.2393333333333 12.418 -9999 -9999 -9999 -9999 12.7833333333333 12.4086666666667 -9999 -9999 -9999 13.1766666666667 -9999 -9999 -9999 13.3013333333333 13.026 12.988
-9999 -9999 -9999 -9999 -9999 10.5113333333333 9.792 10.068 10.4706666666667 10.644 10.164 9.65933333333333 8.77333333333333 7.85666666666667 7.514 7.684 7.67733333333333 8.00133333333333 7.722 7.57866666666667 7.71733333333333 8.16 8.69666666666667 9.22266666666667 10.0836666666667 10.9666666666667 11.2413333333333 11.5216666666667 11.919 12.0656666666667 12.4146666666667 12.5856666666667 12.0436666666667 11.642 11.8393333333333 12.3543333333333 12.366 12.4811111111111 12.6026666666667 12.5643333333333 12.3713333333333 12.4106666666667 12.2893333333333 11.7486666666667 -9999 12.634 13.0163333333333 -9999 13.286 -9999 12.8993333333333 12.5846666666667 12.1586666666667
-9999 -9999 -9999 -9999 -9999 -9999 9.28466666666667 9.08866666666667 9.57533333333333 9.51 9.39266666666667 9.00133333333333 8.77666666666667 8.40933333333333 8.03933333333333 7.516 7.10666666666667 7.23866666666667 7.118 6.98733333333333 7.11466666666667 7.84266666666667 8.566 9.454 10.06 10.6446666666667 11.0526666666667 11.8113333333333 11.926 11.756 12.4626666666667 12.0193333333333 11.412 11.6026666666667 11.938 12.2213333333333 11.8693333333333 12.045 12.2526666666667 12.2346666666667 12.116 11.61 11.4766666666667 11.7046666666667 12.3626666666667 12.69 -9999 -9999 12.7273333333333 -9999 12.67 12.2726666666667 11.6866666666667
-9999 -9999 -9999 -9999 -9999 -9999 8.86066666666667 8.39066666666667 8.854 9.00066666666667 8.63733333333333 8.29266666666667 8.091 8.58466666666667 7.54866666666667 7.06533333333333 6.67666666666667 6.55733333333333 6.532 6.11066666666667 7.06133333333333 7.812 8.64333333333333 9.27133333333333 9.98733333333333 10.8933333333333 11.6953333333333 11.5393333333333 11.3273333333333 12.0493333333333 11.858 11.5046666666667 10.6466666666667 11.2186666666667 11.966 12.0466666666667 11.6473333333333 11.472 12.1006666666667 11.4853333333333 11.888 11.8266666666667 11.1053333333333 11.6693333333333 12.2 12.806 -9999 12.7373333333333 -9999 -9999 -9999 -9999 12.008
-9999 -9999 -9999 -9999 -9999 -9999 -9999 7.818 7.97866666666667 8.54266666666667 8.068 7.71533333333333 7.667 8.03266666666667 7.93133333333333 6.91466666666667 6.322 5.83333333333333 5.8 6.43733333333333 6.964 7.518 8.23933333333333 9.078 9.49 10.648 10.808 10.9226666666667 11.3446666666667 12.0886666666667 11.2426666666667 10.6746666666667 10.738 11.266 11.6686666666667 11.5313333333333 11.1446666666667 11.0026666666667 11.7286666666667 11.2033333333333 11.2446666666667 11.0713333333333 11.082 11.8073333333333 12.4606666666667 -9999 12.406 12.4026666666667 12.6426666666667 -9999 12.4473333333333 12.1526666666667 11.6466666666667
-9999 -9999 -9999 -9999 -9999 -9999 -9999 7.27 7.764 8.098 7.564 7.16266666666667 7.142 7.61533333333333 7.286 6.85933333333333 6.10266666666667 5.58266666666667 5.80133333333333 6.51866666666667 7.26533333333333 7.84933333333333 8.23266666666667 8.89 9.69466666666667 10.4176666666667 10.238 10.6013333333333 11.262 11.886 10.86 10.4433333333333 10.206 10.7006666666667 11.5433333333333 11.354 10.92 10.6253333333333 11.5846666666667 11.0413333333333 10.486 10.4533333333333 10.7766666666667 11.5306666666667 12.366 12.118 11.898 12.116 12.146 12.95 12.3266666666667 11.6773333333333 11.1813333333333
-9999 9.314 8.32533333333333 7.64933333333333 7.43866666666667 -9999 -9999 6.88733333333333 7.09533333333333 7.15266666666667 6.96466666666667 6.59 6.724 7.02966666666667 6.89933333333333 6.24333333333333 5.79333333333333 5.298 5.66933333333333 6.52 7.322 8.094 8.64466666666667 9.132 9.94333333333333 10.2573333333333 10.073 10.592 11.472 11.708 10.9133333333333 9.94666666666667 9.79466666666667 10.412 11.3033333333333 11.098 10.726 10.4413333333333 11.3006666666667 10.9336666666667 9.99533333333333 10.134 10.968 11.8406666666667 11.926 11.4973333333333 11.4026666666667 11.7853333333333 11.97 12.5126666666667 12.3046666666667 11.6666666666667 10.9896666666667
11.124 10.134 9.19333333333333 8.43 7.89866666666667 7.488 7.40266666666667 7.58533333333333 6.86 6.65533333333333 6.50533333333333 6.22066666666667 6.12066666666667 6.695 6.18933333333333 5.46466666666667 5.014 4.79 5.71533333333333 6.766 7.56733333333333 8.28933333333333 8.92533333333333 9.53333333333333 9.35266666666667 9.43133333333333 10.0643333333333 11.1586666666667 10.7846666666667 11.3266666666667 10.7626666666667 9.52933333333333 9.46533333333333 10.1966666666667 11.412 10.8373333333333 10.358 10.146 11.0933333333333 10.687 9.68466666666667 10.148 10.856 11.528 11.4606666666667 11.3653333333333 11.0093333333333 11.1313333333333 11.7793333333333 12.4393333333333 11.772 11.844 10.631
12.1813333333333 10.8013333333333 9.94533333333333 9.40066666666667 8.93466666666667 8.736 8.604 8.28066666666667 7.61866666666667 7.324 6.59666666666667 5.774 5.65933333333333 6.10533333333333 6.204 5.13733333333333 4.31733333333333 4.25933333333333 5.056 6.138 7.166 7.82266666666667 8.614 8.766 8.506 9.04066666666667 9.60666666666667 10.5136666666667 11.1993333333333 10.6346666666667 10.05 9.386 9.07266666666667 10.1366666666667 10.9226666666667 10.3973333333333 9.988 10.2206666666667 11.1 10.406 9.57233333333333 10.1813333333333 10.8293333333333 10.2893333333333 11.0973333333333 10.856 10.5313333333333 10.7166666666667 11.3333333333333 12.2286666666667 11.4866666666667 10.9653333333333 10.7173333333333
11.3333333333333 10.4356666666667 10.422 10.0373333333333 9.53266666666667 9.27533333333333 8.97466666666667 8.71333333333333 8.35466666666667 7.43133333333333 6.66933333333333 5.386 5.034 5.534 5.522 4.63 3.88066666666667 3.472 4.31066666666667 5.16466666666667 6.09066666666667 7.62133333333333 7.87533333333333 7.85466666666667 8.184 8.924 9.69666666666667 9.81433333333333 9.97 9.94133333333333 9.44066666666667 8.48733333333333 9.19133333333333 10.3033333333333 10.2053333333333 9.78466666666667 9.658 10.252 11.0093333333333 10.3153333333333 9.263 9.83133333333333 10.7353333333333 9.97466666666667 10.4646666666667 10.1153333333333 10.212 10.772 11.5146666666667 11.7806666666667 11.122 10.4253333333333 9.99866666666667
10.3506666666667 11.5213333333333 9.569 9.03466666666667 8.82333333333333 8.37733333333333 8.18666666666667 7.77466666666667 7.67 7.50666666666667 6.34866666666667 5.32333333333333 4.674 5.09666666666667 5.26533333333333 4.65133333333333 3.34066666666667 3.89466666666667 4.882 5.63066666666667 6.358 6.56466666666667 6.916 7.24733333333333 7.94 8.81266666666667 9.23333333333333 9.567 9.80866666666667 9.058 8.792 8.09533333333333 8.93666666666667 10.3846666666667 9.68666666666667 9.272 9.184 10.1453333333333 10.068 10.1933333333333 9.19166666666667 9.33733333333333 10.008 9.564 9.61133333333333 9.90466666666667 10.614 11 11.5026666666667 11.3726666666667 10.9346666666667 10.028 9.5
9.84933333333333 11.2046666666667 9.72 8.25933333333333 7.75333333333333 7.43066666666667 7.05666666666667 7.10466666666667 6.93133333333333 7.38666666666667 6.87133333333333 5.756 4.786 4.31733333333333 3.924 3.794 3.39933333333333 4.06066666666667 4.292 4.76266666666667 5.102 5.65133333333333 6.26866666666667 6.95866666666667 7.70133333333333 8.222 9.12266666666667 9.07333333333333 8.982 9.01933333333333 8.172 8.01266666666667 8.82133333333333 9.52066666666667 8.99 8.704 8.96 9.604 9.58333333333333 9.99466666666667 9.34533333333333 9.11766666666667 9.37333333333333 8.96133333333333 9.40733333333333 10.3213333333333 10.8226666666667 11.0126666666667 10.6633333333333 10.774 11.2993333333333 10.05 9.38866666666667
9.15866666666667 10.3966666666667 10.2753333333333 9.32266666666667 7.71766666666667 6.79766666666667 6.21566666666667 5.68566666666667 5.31033333333333 5.48066666666667 5.33066666666667 5.44966666666667 4.56333333333333 3.487 3.663 4.11822222222222 3.73977777777778 3.60833333333333 4.048 4.15533333333333 4.69333333333333 5.37666666666667 5.98866666666667 6.594 7.23933333333333 8.102 8.65133333333333 8.14066666666667 8.44133333333333 8.07066666666667 7.54333333333333 7.37 8.242 8.75933333333333 8.47133333333333 8.244 8.752 9.076 9.036 9.65133333333333 8.91133333333333 8.32866666666667 8.81133333333333 9.34066666666667 9.928 10.2166666666667 9.94533333333333 10.1246666666667 9.82 10.0766666666667 10.8486666666667 10.4633333333333 10.0766666666667
8.822 10.4106666666667 9.43 9.82 8.832 7.59066666666667 6.32666666666667 5.15066666666667 4.24333333333333 3.806 3.17133333333333 3.47933333333333 3.87666666666667 3.02666666666667 3.734 4.25133333333333 3.961 3.096 3.92433333333333 4.52666666666667 4.74966666666667 4.93566666666667 5.23066666666667 5.93266666666667 6.63966666666667 7.16733333333333 7.55966666666667 7.34533333333333 7.65233333333333 7.00883333333333 6.69966666666667 6.88066666666667 7.38166666666667 7.55566666666667 7.36366666666667 7.271 7.85366666666667 7.922 8.11666666666667 8.48766666666667 8.7 7.783 7.82083333333333 8.25833333333333 8.81333333333333 9.09366666666667 9.27933333333333 9.11966666666667 8.876 9.559 9.81333333333333 9.35633333333333 9.33633333333333
8.97066666666667 9.592 8.33466666666667 9.61933333333333 8.95466666666667 7.16666666666667 6.15933333333333 5.39933333333333 4.244 3.86333333333333 3.57933333333333 3.024 3.526 3.866 4.19066666666667 4.774 4.25866666666667 3.18333333333333 4.05333333333333 4.332 5.222 5.082 4.41733333333333 5.116 5.608 5.952 6.326 6.35066666666667 6.42266666666667 6.304 5.87266666666667 6.396 6.412 6.42133333333333 6.24933333333333 6.384 6.76333333333333 6.93666666666667 6.85466666666667 6.912 7.178 6.87533333333333 6.37333333333333 7.04166666666667 7.92133333333333 7.63 7.51466666666667 7.82133333333333 8.15866666666667 8.31533333333333 8.01266666666667 7.944 7.86266666666667
9.31266666666667 8.64866666666667 7.72733333333333 8.75933333333333 9.755 7.71266666666667 7.008 5.71266666666667 5.22466666666667 4.632 3.96466666666667 3.054 3.95933333333333 4.556 5.12866666666667 5.33866666666667 4.19466666666667 3.35433333333333 4.03 4.784 5.16933333333333 5.21 4.49866666666667 4.63733333333333 4.56666666666667 4.74333333333333 5.06266666666667 5.1 5.04333333333333 4.90066666666667 5.01266666666667 5.34533333333333 5.494 5.70466666666667 5.354 5.61933333333333 5.88733333333333 6.146 6.29666666666667 6.12133333333333 5.906 6.004 5.64666666666667 6.76833333333333 8.00466666666667 8.008 7.476 6.87333333333333 7.026 7.052 7.212 7.01466666666667 6.79133333333333
8.27 7.54066666666667 7.30066666666667 8.45333333333333 9.59266666666667 8.11466666666667 6.59 6.478 5.85466666666667 5.04933333333333 4.37133333333333 3.53133333333333 4.068 4.63866666666667 5.268 5.416 4.376 3.64133333333333 4.35666666666667 4.67333333333333 5.516 4.96 4.21466666666667 4.87666666666667 4.764 4.72666666666667 4.33 4.10733333333333 4.15333333333333 4.08 4.67433333333333 5.40133333333333 5.722 5.33133333333333 5.594 5.73266666666667 6.11133333333333 6.542 6.78466666666667 6.87 6.38266666666667 5.70533333333333 6.272 6.99133333333333 8.15733333333333 8.36066666666667 7.622 7.06533333333333 6.23066666666667 6.116 6.86533333333333 7.19133333333333 7.35866666666667
7.11 6.45066666666667 6.636 7.79933333333333 9.484 8.90266666666667 8.13666666666667 6.92466666666667 6.192 5.36333333333333 4.48266666666667 3.962 4.58466666666667 4.892 5.64666666666667 5.56666666666667 4.87866666666667 4.27466666666667 4.338 4.734 5.692 5.344 4.61933333333333 4.98666666666667 4.92133333333333 4.45266666666667 4.16333333333333 4.252 4.31466666666667 4.43933333333333 5.104 5.693 6.118 5.64733333333333 5.86666666666667 6.178 6.64866666666667 7.16066666666667 7.72866666666667 7.36933333333333 6.832 6.12466666666667 6.75133333333333 7.03666666666667 8.07533333333333 9.07866666666667 7.964 7.278 6.62733333333333 6.404 7.246 7.99866666666667 8.334
6.55466666666667 5.572 6.50933333333333 7.59333333333333 9.33 8.16966666666667 7.99066666666667 7.33733333333333 6.33866666666667 5.31333333333333 3.93266666666667 3.73333333333333 4.682 5.31333333333333 6.06133333333333 6.03 5.23266666666667 4.962 5.14633333333333 5.444 5.90333333333333 6.01066666666667 4.93733333333333 5.20133333333333 4.70066666666667 4.22333333333333 4.28 4.67733333333333 4.45666666666667 4.74333333333333 5.516 6.154 6.25466666666667 5.952 6.256 7.11466666666667 7.28 7.524 8.18533333333333 7.65533333333333 6.92533333333333 6.18933333333333 6.71333333333333 7.76466666666667 8.50766666666667 9.39133333333333 8.384 7.82 7.33666666666667 6.72533333333333 7.13 7.59933333333333 8.35866666666667
5.572 5.28066666666667 6.81133333333333 8.45266666666667 8.09333333333333 8.022 7.33666666666667 6.53133333333333 5.87533333333333 4.84933333333333 3.26133333333333 3.62 3.75466666666667 4.07133333333333 5.74466666666667 6.844 6.23133333333333 5.72466666666667 6.21866666666667 6.384 6.87466666666667 5.85066666666667 5.29933333333333 5.00866666666667 4.414 4.34266666666667 4.78533333333333 4.50533333333333 4.88733333333333 5.36733333333333 5.57066666666667 5.94666666666667 6.57633333333333 5.88466666666667 6.47333333333333 7.24066666666667 7.57 8.066 8.62666666666667 7.828 7.01 6.64466666666667 6.88066666666667 7.92733333333333 8.47 9.34333333333333 9.00533333333333 8.926 7.98466666666667 7.27533333333333 7.26466666666667 8.31066666666667 8.75266666666667
