data/derived/r_mean_scod_1900.asc
NCOLS 186 
NROWS 74 
XLLCORNER 443300.206538099 
YLLCORNER 4085841.77455235 
CELLSIZE 500 
NODATA_value -9999 
[rows 29 to 57 of 74, columns 65 to 129 of 186]
31.2142857142857 30.6428571428571 30.6428571428571 31.2142857142857 28.9285714285714 31.7857142857143 33.5 44.3571428571429 46.6428571428571 46.0714285714286 39.2142857142857 48.9285714285714 50.0714285714286 39.2142857142857 35.2142857142857 42.0714285714286 44.9285714285714 50.6428571428571 57.5 53.9285714285714 51.0714285714286 50.0714285714286 48.9285714285714 52.3571428571429 54.5 59.0714285714286 50.0714285714286 55.2142857142857 52.3571428571429 46.6428571428571 43.7857142857143 49.5 0 0 0 0 0 0 48.3571428571429 48.3571428571429 52.9285714285714 46.6428571428571 54.0714285714286 52.9285714285714 49.5 48.0714285714286 46.6428571428571 50.0714285714286 43.2142857142857 47.7857142857143 50.0714285714286 50.0714285714286 0 0 0 0 0 0 0 0 0 0 0 0 0
27.2142857142857 28.3571428571429 26.6428571428571 29.5 31.2142857142857 31.2142857142857 33.2142857142857 42.0714285714286 46.6428571428571 44.9285714285714 45.5 52.9285714285714 52.9285714285714 51.7857142857143 43.7857142857143 47.2142857142857 44.3571428571429 52.9285714285714 58.5 55.3571428571429 51.7857142857143 47.2142857142857 48.3571428571429 47.7857142857143 54.5 47.6428571428571 46.6428571428571 50.6428571428571 51.2142857142857 50.6428571428571 48.9285714285714 48.9285714285714 45.3571428571429 39.6428571428571 45.3571428571429 0 0 0 0 54.6428571428571 53.5 54.0714285714286 55.2142857142857 55.2142857142857 56.3571428571429 51.5 54.6428571428571 49.5 50.0714285714286 46.0714285714286 44.9285714285714 50.6428571428571 47.2142857142857 43.7857142857143 44.3571428571429 46.6428571428571 42.0714285714286 0 60 0 0 0 0 0 0
27.2142857142857 28.9285714285714 35.2142857142857 35.2142857142857 34.0714285714286 35.2142857142857 32.9285714285714 35.5 39.2142857142857 40.3571428571429 43.2142857142857 52.7857142857143 56.2142857142857 48.9285714285714 55.6428571428571 52.3571428571429 56.2142857142857 52.3571428571429 48.3571428571429 51.7857142857143 50.3571428571429 53.5 48.9285714285714 48.9285714285714 47.7857142857143 47.7857142857143 47.7857142857143 48.9285714285714 47.2142857142857 48.3571428571429 47.2142857142857 43.7857142857143 42.0714285714286 42.0714285714286 45.5 41.5 47.0714285714286 42.6428571428571 42.5 51.2142857142857 57.5 56.9285714285714 55.7857142857143 55.7857142857143 60.2142857142857 51.2142857142857 50.0714285714286 54.6428571428571 50.6428571428571 54.0714285714286 52.9285714285714 51.2142857142857 50.0714285714286 50.0714285714286 47.2142857142857 46.0714285714286 47.7857142857143 39.7857142857143 41.5 64.1071428571429 0 0 0 0 0
31.2142857142857 35.2142857142857 35.2142857142857 34.6428571428571 34.0714285714286 35.2142857142857 35.2142857142857 37.2142857142857 37.5 40.9285714285714 41.5 44.9285714285714 44.9285714285714 50.0714285714286 53.9285714285714 44.3571428571429 47.7857142857143 48.3571428571429 48.3571428571429 47.2142857142857 46.3571428571429 45.5 43.7857142857143 45.5 44.3571428571429 45.5 47.2142857142857 50.6428571428571 49.5 51.7857142857143 54.6428571428571 55.2142857142857 54.0714285714286 56.7857142857143 54.6428571428571 50.0714285714286 53.3571428571429 48.3571428571429 45.5 52.3571428571429 54.6428571428571 51.7857142857143 51.7857142857143 54.0714285714286 55.7857142857143 61.3571428571429 57.2142857142857 54.6428571428571 52.3571428571429 54.0714285714286 52.3571428571429 52.3571428571429 54.0714285714286 51.7857142857143 51.2142857142857 48.3571428571429 44.3571428571429 50.6428571428571 52.7857142857143 62.6785714285714 0 69.3571428571429 0 0 50.0714285714286
34.6428571428571 30.6428571428571 30.6428571428571 30.0714285714286 36.3571428571429 35.2142857142857 35.2142857142857 37.5 37.5 38.0714285714286 41.5 45.5 46.0714285714286 45.5 45.5 42.6428571428571 43.7857142857143 45.5 42.6428571428571 43.2142857142857 43.2142857142857 44.9285714285714 46.0714285714286 41.5 40.9285714285714 42.6428571428571 45.5 49.5 49.5 47.7857142857143 49.5 50.0714285714286 55.7857142857143 54.0714285714286 54.6428571428571 51.7857142857143 51.7857142857143 48.3571428571429 50.6428571428571 48.9285714285714 49.5 48.9285714285714 51.7857142857143 59.0714285714286 59.7857142857143 64.7857142857143 59.4285714285714 52.9285714285714 48.9285714285714 50.0714285714286 51.7857142857143 52.3571428571429 53.5 59.0714285714286 57.9285714285714 57.9285714285714 55.6428571428571 56.2142857142857 60.7857142857143 64.5 70.8571428571429 67.6428571428571 61.9285714285714 58.5 47.7857142857143
37.5 32.9285714285714 31.2142857142857 30.0714285714286 36.9285714285714 37.5 38.0714285714286 40.3571428571429 38.9285714285714 38.6428571428571 38.0714285714286 38.0714285714286 40.9285714285714 42.0714285714286 42.6428571428571 43.2142857142857 42.6428571428571 42.0714285714286 42.0714285714286 43.2142857142857 46.0714285714286 42.3571428571429 44.3571428571429 45.5 44.9285714285714 49.5 46.6428571428571 44.3571428571429 40.9285714285714 46.0714285714286 51.2142857142857 50.0714285714286 52.3571428571429 52.9285714285714 54.0714285714286 52.3571428571429 50.6428571428571 48.3571428571429 48.3571428571429 46.6428571428571 50.0714285714286 48.9285714285714 55.7857142857143 64.7857142857143 64.2142857142857 61.9285714285714 59.2142857142857 51.7857142857143 50.0714285714286 48.3571428571429 48.3571428571429 48.9285714285714 52.3571428571429 57.3571428571429 57.3571428571429 54.0714285714286 54.0714285714286 49.5 58.5 61.9285714285714 65.8214285714286 68.5714285714286 66.2857142857143 59.0714285714286 44.9285714285714
40.3571428571429 36.3571428571429 32.3571428571429 31.7857142857143 33.5 34.0714285714286 39.7857142857143 42.0714285714286 40.6428571428571 41.5 38.6428571428571 36.9285714285714 38.0714285714286 36.9285714285714 35.7857142857143 39.7857142857143 40.9285714285714 42.6428571428571 42.6428571428571 42.0714285714286 43.7857142857143 45.7857142857143 45.5 46.0714285714286 46.0714285714286 48.9285714285714 48.3571428571429 46.6428571428571 47.7857142857143 46.6428571428571 46.6428571428571 51.7857142857143 54.0714285714286 57.5 52.3571428571429 52.3571428571429 53.5 48.9285714285714 50.0714285714286 43.7857142857143 48.3571428571429 51.2142857142857 58.6428571428571 64.7857142857143 0 60.7857142857143 58.0714285714286 55.5 51.2142857142857 50.0714285714286 48.3571428571429 50.0714285714286 57.9285714285714 53.9285714285714 55.6428571428571 59.6428571428571 61.3571428571429 51.7857142857143 59.7857142857143 58.0714285714286 56.0714285714286 54.6428571428571 60.2142857142857 62.5 58.0714285714286
43.5 43.7857142857143 41.7857142857143 39.5 37.7857142857143 40.3571428571429 42.0714285714286 44.9285714285714 44.6428571428571 45.1190476190476 40.9285714285714 41.5 38.6428571428571 38.0714285714286 39.7857142857143 39.7857142857143 40.9285714285714 42.6428571428571 42.6428571428571 43.7857142857143 48.3571428571429 46.6428571428571 46.6428571428571 47.7857142857143 46.0714285714286 46.0714285714286 47.2142857142857 47.2142857142857 48.3571428571429 48.9285714285714 48.3571428571429 61.3571428571429 62.5 57.5 55.7857142857143 50.9285714285714 54.0714285714286 55.2142857142857 56.9285714285714 51.7857142857143 51.7857142857143 52.9285714285714 53.5 59.6428571428571 0 0 62.5 61.3571428571429 60.2142857142857 52.3571428571429 51.7857142857143 55.7857142857143 63.6428571428571 59.6428571428571 60.7857142857143 62.5 64.2142857142857 63.6428571428571 65.3571428571429 67.0714285714286 60.9285714285714 54.0714285714286 54.0714285714286 52.9285714285714 52.3571428571429
44.9285714285714 44.3571428571429 45.5 48.3571428571429 48.9285714285714 51.2142857142857 44.9285714285714 43.7857142857143 45.5 43.5952380952381 43.2142857142857 40.3571428571429 38.6428571428571 40.3571428571429 40.6428571428571 40.9285714285714 42.3571428571429 43.2142857142857 44.9285714285714 45.2142857142857 45.2142857142857 44.9285714285714 47.6428571428571 48.0714285714286 50.2857142857143 50.5714285714286 47.7857142857143 51.7857142857143 51.5 53.7142857142857 55.1428571428571 63.3571428571429 64.2142857142857 60.8571428571429 58.5714285714286 56 53.7857142857143 56 60.2142857142857 60.2142857142857 59.9285714285714 58.2142857142857 56.7857142857143 53.6428571428571 0 0 63.9285714285714 61.6428571428571 59.8214285714286 60.2857142857143 62.5714285714286 58.6428571428571 60.5714285714286 60.8571428571429 63.7142857142857 67.6428571428571 0 0 0 77.8214285714286 68.9285714285714 65.0892857142857 57.7857142857143 62.5 63.3214285714286
42.0714285714286 46.0714285714286 49.5 47.7857142857143 49.5 49.5 49.5 48.9285714285714 47.2142857142857 44.3571428571429 41.5 41.5 41.5 41.5 41.5 42.0714285714286 43.7857142857143 43.7857142857143 44.3571428571429 46.6428571428571 46.0714285714286 46.0714285714286 50.0714285714286 55.4285714285714 56.7857142857143 48.9285714285714 53.9285714285714 52.3571428571429 58.5 59.0714285714286 57.9285714285714 62.5 67.6428571428571 70.2857142857143 60.7857142857143 56.7857142857143 56.7857142857143 57.9285714285714 61.3571428571429 60.7857142857143 62.5 61.9285714285714 57.3571428571429 57.9285714285714 0 0 0 63.0714285714286 60.2142857142857 57.4285714285714 0 64.7142857142857 62.0714285714286 60.3571428571429 73.6428571428571 0 0 0 0 0 74.2857142857143 68.7857142857143 73.7142857142857 77.5 71.4285714285714
45.5 48.9285714285714 50.5 52.2142857142857 50.5 46.6428571428571 57.3571428571429 47.2142857142857 45.5 38.0714285714286 38.6428571428571 41.5 43.7857142857143 43.7857142857143 44.9285714285714 44.9285714285714 44.3571428571429 45.5 47.2142857142857 46.0714285714286 47.2142857142857 48.9285714285714 51.7857142857143 58.7857142857143 58.5 54.0714285714286 57.9285714285714 57.9285714285714 58.5 58.5 59.6428571428571 65.9285714285714 69.9285714285714 0 61.3571428571429 56.7857142857143 58.5 62.5 65.3571428571429 60.2142857142857 63.0714285714286 61.3571428571429 59.0714285714286 61.3571428571429 63.0714285714286 0 -9999 0 65.7142857142857 0 0 66.4285714285714 59.2142857142857 56.9285714285714 63.7857142857143 0 0 0 0 0 79.2142857142857 70.5 73.4285714285714 80.9285714285714 0
43.7857142857143 46.6428571428571 50.5 53.3571428571429 51.0714285714286 51.6428571428571 53.9285714285714 49.3571428571429 42.6428571428571 38.0714285714286 38.0714285714286 38.3571428571429 44.3571428571429 44.3571428571429 45.5 47.2142857142857 56.7857142857143 53.5 52.9285714285714 48.3571428571429 48.3571428571429 50.0714285714286 51.2142857142857 60.7857142857143 65.3571428571429 65.3571428571429 58.5 59.0714285714286 59.0714285714286 65.9285714285714 66.5 67.6428571428571 70.5 0 71.0714285714286 63.0714285714286 61.9285714285714 63.9285714285714 64.2142857142857 61.9285714285714 0 65.9285714285714 63.6428571428571 59.0714285714286 0 0 -9999 0 0 0 0 72.5714285714286 70.2857142857143 65.8571428571429 0 0 0 0 0 0 77.1428571428571 65.9285714285714 65.9285714285714 73.7142857142857 0
40.9285714285714 44.9285714285714 44.3571428571429 48.3571428571429 43.2142857142857 50.5 52.2142857142857 49.9285714285714 44.3571428571429 44.3571428571429 37.5 38.3571428571429 39.2142857142857 40.3571428571429 39.7857142857143 50.5 56.7857142857143 53.9285714285714 51.2142857142857 48.3571428571429 50.0714285714286 52.3571428571429 57.3571428571429 57.3571428571429 64.5 65.9285714285714 60.2142857142857 59.0714285714286 59.6428571428571 67.0714285714286 67.6428571428571 67.6428571428571 0 0 0 71.6428571428571 66.5 64.7857142857143 64.7857142857143 64.7857142857143 0 0 66.5 61.3571428571429 61.3571428571429 0 -9999 0 0 0 0 61.9285714285714 67.4285714285714 68 0 0 0 0 0 0 0 75.4285714285714 66.5 73.25 0
40.3571428571429 40.9285714285714 41.5 45.5 43.7857142857143 52.2142857142857 52.7857142857143 46.6428571428571 44.9285714285714 44.9285714285714 39.2142857142857 37.5 39.5 39.7857142857143 40.3571428571429 46.6428571428571 52.2142857142857 56.2142857142857 51.2142857142857 55.6428571428571 51.7857142857143 56.7857142857143 57.9285714285714 60.7857142857143 65.9285714285714 66.5 69.3571428571429 68.2142857142857 67.6428571428571 69.3571428571429 70.5 0 0 0 0 0 0 75.4285714285714 65.9285714285714 70.5 0 0 0 66.2857142857143 0 0 -9999 -9999 0 -9999 0 63.6428571428571 72.5714285714286 71.4285714285714 0 0 0 0 0 0 0 0 77.1428571428571 76 0
36.9285714285714 38.0714285714286 44.9285714285714 52.2142857142857 52.2142857142857 57.9285714285714 59.0714285714286 53.5 48.3571428571429 42.6428571428571 42.6428571428571 42.6428571428571 40.0714285714286 43.2142857142857 44.3571428571429 55.6428571428571 56.2142857142857 57.3571428571429 55.2142857142857 56.7857142857143 56.3571428571429 53.5 54.6428571428571 53.5 61.5 66.8571428571429 67.6428571428571 69.3571428571429 69.3571428571429 69.9285714285714 0 0 0 0 0 0 0 0 63.6428571428571 63.6428571428571 0 0 0 0 0 0 -9999 -9999 -9999 -9999 0 0 65.3571428571429 63.6428571428571 75.4285714285714 0 0 0 0 0 0 0 78.2857142857143 77.7142857142857 0
43.7857142857143 48.3571428571429 48.7857142857143 51.0714285714286 53.9285714285714 0 61.9285714285714 61.3571428571429 50.6428571428571 44.9285714285714 42.6428571428571 42.6428571428571 44.8571428571429 47.0714285714286 53.3571428571429 64.2142857142857 64.2142857142857 64.2142857142857 61.3571428571429 61.3571428571429 58.0714285714286 61.5 55.7857142857143 62.6428571428571 62.6428571428571 0 73.1428571428571 74.8571428571429 74.8571428571429 0 0 0 0 0 0 0 0 0 63.1428571428571 63.0714285714286 0 0 0 0 0 0 -9999 -9999 -9999 0 0 0 67.6428571428571 74.2857142857143 0 0 0 0 0 0 0 0 0 0 0
49.2142857142857 55.6428571428571 49.9285714285714 57.3571428571429 55.0714285714286 0 65.9285714285714 60.2142857142857 55.0714285714286 48.3571428571429 42.6428571428571 42.6428571428571 47.0714285714286 51.6428571428571 60.2142857142857 0 74.2857142857143 66.5 60.7857142857143 59.7857142857143 61.5 62.6428571428571 62.6428571428571 63.7857142857143 65.5 0 71.3571428571429 71.0714285714286 0 0 0 0 0 0 0 0 0 0 0 66.1428571428571 0 0 0 0 0 0 0 -9999 -9999 -9999 0 0 0 0 0 0 0 0 0 0 0 0 0 0 0
45.1428571428571 55.6428571428571 58.5 60.7857142857143 0 0 67.0714285714286 57.9285714285714 56.2142857142857 49.5 48.2142857142857 43.7857142857143 48.9285714285714 61.9285714285714 71.6428571428571 0 79.2142857142857 75.7857142857143 64.7857142857143 61.5 63.7857142857143 65.5 64.3571428571429 65.5 0 0 78.4642857142857 87 0 0 0 0 0 0 0 0 0 0 0 0 0 0 0 0 0 0 0 -9999 -9999 -9999 0 0 0 0 0 0 0 0 0 0 0 0 0 0 0
40.3571428571429 51.9285714285714 68.7857142857143 0 0 0 66.5 55.2142857142857 48.3571428571429 48.3571428571429 53.9285714285714 48.2142857142857 57.3571428571429 66.5 70.9642857142857 0 0 79.2142857142857 76.3571428571429 67.9285714285714 70.4285714285714 0 84.2857142857143 0 0 0 85.2857142857143 82.9285714285714 0 0 0 0 0 0 0 0 0 0 0 0 0 0 0 0 0 0 0 -9999 -9999 0 0 0 0 0 0 0 0 0 0 0 0 0 0 0 0
43.5 54.6428571428571 64.7857142857143 0 0 0 64.2142857142857 51.2142857142857 49.5 46.6428571428571 47.7857142857143 54.0714285714286 63.7857142857143 64.9285714285714 0 0 0 80 69.8571428571429 69.2857142857143 72.7142857142857 0 0 0 0 0 80 82.9285714285714 88.7142857142857 0 0 0 0 0 0 0 0 0 0 0 0 0 0 0 0 0 0 -9999 -9999 -9999 0 0 0 0 0 0 0 0 0 0 0 0 0 0 0
44.3571428571429 55.6428571428571 0 0 0 0 66.3928571428571 59.9285714285714 52.0714285714286 54.5714285714286 51.5 57.2142857142857 64.6428571428571 0 0 0 0 92.8928571428571 89 82.9285714285714 0 0 0 0 0 0 87.6785714285714 0 0 0 0 0 0 0 0 0 0 0 0 0 0 0 0 0 0 0 0 0 -9999 -9999 0 0 0 0 0 0 0 0 0 0 0 0 0 0 0
51.0714285714286 57.3571428571429 0 0 0 75.6428571428571 67.0714285714286 58.5 51.6428571428571 59.6428571428571 59.0714285714286 60.7857142857143 0 0 0 0 0 90.7857142857143 83.7857142857143 0 0 0 0 0 0 0 0 0 0 0 0 0 0 0 0 0 0 0 0 0 0 0 0 0 0 0 0 0 -9999 -9999 -9999 0 0 0 0 0 -9999 -9999 -9999 0 0 0 0 0 0
64.2142857142857 0 0 0 0 68.2142857142857 67.0714285714286 59.0714285714286 56.2142857142857 63.0714285714286 63.6428571428571 70.2857142857143 0 0 0 0 0 90.2142857142857 0 0 0 0 0 0 0 0 0 0 0 0 0 0 0 0 0 0 0 0 0 0 0 0 0 0 0 0 0 -9999 -9999 -9999 -9999 -9999 0 0 -9999 -9999 -9999 -9999 -9999 -9999 0 0 0 0 0
0 0 0 0 0 67.0714285714286 61.9285714285714 54.5 54.5 51.2142857142857 55.2142857142857 73.7142857142857 0 0 0 0 0 75.4285714285714 0 0 0 0 0 0 0 0 0 0 0 0 0 0 0 0 0 0 0 0 0 0 0 0 0 0 -9999 -9999 -9999 -9999 -9999 -9999 -9999 -9999 -9999 -9999 -9999 -9999 -9999 -9999 -9999 -9999 -9999 0 0 0 0
0 0 0 0 0 69.9285714285714 56.9285714285714 57.9285714285714 55.0714285714286 56.3571428571429 60.9285714285714 0 0 0 0 0 64.7857142857143 77.7142857142857 0 0 0 0 0 0 0 0 0 0 0 0 0 0 0 0 0 0 0 0 0 0 0 0 0 0 -9999 -9999 -9999 -9999 -9999 -9999 -9999 -9999 -9999 -9999 -9999 -9999 -9999 -9999 -9999 -9999 0 0 0 0 0
0 0 0 0 72.9642857142857 65.3571428571429 64.2142857142857 52.3571428571429 55.0714285714286 58.0714285714286 65.5 0 0 0 0 0 0 65.6071428571429 0 0 0 0 0 0 0 0 0 0 0 0 0 0 0 0 0 0 0 0 0 0 -9999 -9999 -9999 -9999 -9999 -9999 -9999 -9999 -9999 -9999 -9999 -9999 -9999 -9999 -9999 -9999 -9999 -9999 -9999 -9999 -9999 0 0 0 0
0 0 0 0 74.3928571428571 68.2142857142857 64.7857142857143 57.3571428571429 58.5 58.6428571428571 64.3571428571429 0 0 0 0 0 0 0 0 0 0 0 0 0 0 0 0 0 0 0 0 0 0 -9999 -9999 0 0 -9999 0 0 -9999 -9999 -9999 -9999 -9999 -9999 -9999 -9999 -9999 -9999 -9999 -9999 -9999 -9999 -9999 -9999 -9999 -9999 -9999 -9999 -9999 -9999 0 0 0
0 0 0 0 71.6428571428571 68.7857142857143 61.9285714285714 59.0714285714286 62.5 68.2142857142857 74.8571428571429 0 0 0 0 0 0 0 0 0 0 0 0 0 0 0 0 0 0 0 -9999 0 -9999 -9999 -9999 0 -9999 -9999 -9999 -9999 -9999 -9999 -9999 -9999 -9999 -9999 -9999 -9999 -9999 -9999 -9999 -9999 -9999 -9999 -9999 -9999 -9999 -9999 -9999 -9999 -9999 -9999 -9999 -9999 -9999
0 0 0 0 0 67.6428571428571 59.6428571428571 61.3571428571429 59.6428571428571 65.9285714285714 75.7857142857143 0 0 0 0 0 0 0 0 0 0 0 0 0 0 0 0 0 -9999 -9999 -9999 -9999 -9999 -9999 -9999 -9999 -9999 -9999 -9999 -9999 -9999 -9999 -9999 -9999 -9999 -9999 -9999 -9999 -9999 -9999 -9999 -9999 -9999 -9999 -9999 -9999 -9999 -9999 -9999 -9999 -9999 -9999 -9999 -9999 -9999
