data/derived/r_mean_pre.asc
NCOLS 191 
NROWS 93 
XLLCORNER 442474.332677425 
YLLCORNER 4080120.41147431 
CELLSIZE 500 
NODATA_value -9999 
[rows 46 to 68 of 93, columns 102 to 152 of 191]
707.25 726.503333333333 699.297333333333 660.028666666667 603.96 630.501333333333 665.642 694.435333333333 651.717333333333 586.184333333333 596.240666666667 651.553333333333 685.526666666667 673.213333333333 661.388666666667 641.373333333333 682.47 726.426666666667 706.170666666667 650.120666666667 617.901333333333 602.88 617.715 660.695333333333 680.542666666667 719.534666666667 728.702666666667 712.394666666667 679.634666666667 680.845333333333 722.496666666667 711.069333333333 713.315333333333 702.531333333333 680.029333333333 675.053 705.531333333333 727.028666666667 728.058666666667 758.066 764.899333333333 686.501333333333 695.136 696.405333333333 670.902666666667 653.029333333333 620.904666666667 601.884666666667 586.858666666667 599.286666666667 602.544
684.2 695.249333333333 697.172 653.501333333333 592.62 590.264666666667 633.626666666667 687.672 667.55 611.745 -9999 628.805333333333 666.830666666667 645.056666666667 633.86 627.702666666667 687.691333333333 715.294666666667 701.654 683.888666666667 661.451333333333 619.758 601.834333333333 658.474 677.471333333333 704.693333333333 725.468 702.894 668.996666666667 655.373333333333 682.164 698.770666666667 681.598 683.003333333333 667.087333333333 643.129333333333 678.518 714.088666666667 701.589333333333 737.017333333333 746.972 735 662.741333333333 670.753333333333 650.495333333333 628.854666666667 604.838666666667 564.294666666667 554.177333333333 568.638666666667 570.092
643.487333333333 665.399333333333 678.249333333333 674.852666666667 615.256666666667 556.431333333333 600.618 664.494666666667 665.352666666667 611.613333333333 588.77 620.863333333333 643.596666666667 614.066666666667 598.796 665.855333333333 684.852666666667 717.989333333333 685.871333333333 657.449333333333 651.802 611.272 564.633333333333 620.616 663.274 691.656 720.744666666667 690.2 667.115333333333 626.882 644.150666666667 678.915333333333 675.820666666667 656.080666666667 647.454666666667 619.965333333333 637.151666666667 706.101333333333 689.402 709.509333333333 729.957333333333 728.67 696.011333333333 686.714666666667 676.038 656.534 626.062666666667 550.098 508.754666666667 516.583333333333 541.042666666667
609.377333333333 618.910666666667 649.25 673.592 645.540666666667 572.774666666667 595.215333333333 629.207333333333 664.914666666667 629.01 582.525333333333 597.403333333333 622.902 587.794666666667 608.337333333333 654.863333333333 687.290666666667 711.808666666667 679.036666666667 634.099333333333 623.964 610.563333333333 563.772 604.130666666667 647.717333333333 679.190666666667 713.804666666667 690.508 663.171333333333 624.086666666667 624.264666666667 656.8 656.380666666667 634.462666666667 626.324666666667 595.698666666667 636.520666666667 699.114 684.788666666667 684.423333333333 704.589333333333 703.534666666667 697.442666666667 680.054 649.004 635.994 602.154666666667 589.206 584.464666666667 517.766 510.485333333333
558.329333333333 600.16 631.855333333333 659.608 641.536 576.312666666667 570.363333333333 609.823333333333 638.744666666667 627.966666666667 590.307333333333 -9999 593.963333333333 -9999 600.493333333333 647.462666666667 678.431333333333 705.624 675.562666666667 638.69 605.099333333333 582.265333333333 538.834666666667 559.858 612.421 658.617333333333 694.927333333333 687.339333333333 647.952 613.501333333333 598.426666666667 630.610666666667 633.277333333333 610.042 597.768666666667 578.224666666667 594.346666666667 660.875666666667 661.229333333333 656.304666666667 678.773333333333 672.36 669.836666666667 662.969333333333 654.264666666667 647.892666666667 634.792 634.086 602.691333333333 535.076666666667 488.796666666667
594.476 576.139 606.004666666667 627.083333333333 631.972333333333 576.647666666667 559.459666666667 571.302666666667 606.876666666667 619.924 580.964333333333 -9999 -9999 553.059333333333 599.256666666667 625.025666666667 653.665 676.990333333333 676.077333333333 659.987 629.158 602.419 561.843 528.125333333333 589.071666666667 641.039666666667 671.486 663.084666666667 635.252 605.083 563.807333333333 590.073 585.895666666667 575.110333333333 554.994333333333 556.366666666667 585.916 621.487833333333 626.896666666667 629.117333333333 648.444 643.828666666667 637.604666666667 635.558 638.509666666667 619.279 609.995333333333 613.804 593.916666666667 577.831333333333 548.225666666667
581.056 546.996666666667 577.816 600.113333333333 607.974666666667 607.827333333333 559.953333333333 535.160666666667 565.800666666667 581.914 605.866 550.335333333333 -9999 -9999 565.284 593.438666666667 629.027333333333 649.540666666667 646.437333333333 634.420666666667 619.54 586.419333333333 536.892 505.301333333333 558.621333333333 605.949666666667 642.459333333333 632.778 614.698666666667 588.05 553.642666666667 547.353333333333 541.206 530.932 518.566666666667 549.192 582.728 606.318 606.000333333333 616.111333333333 630.003333333333 637.001333333333 633.662666666667 610.035333333333 622.442 612.488 582.469333333333 585.99 576.399333333333 552.207333333333 538.336
550.623333333333 604.954 635.769333333333 640.466666666667 641.017333333333 620.692666666667 589.318 540.300666666667 525.892666666667 546.142 578.852666666667 575.185333333333 -9999 -9999 551.259333333333 582.25 606.34 626.026666666667 631.298 620.820666666667 597.615333333333 558.191333333333 549.085333333333 496.922 538.679333333333 595.337666666667 617.138666666667 606.437333333333 597.664666666667 572.876 546.334666666667 510.68 509.051333333333 529.622 554.438 597.148 608.334 643.985333333333 642.000333333333 641.224666666667 636.226666666667 632.558 648.924666666667 584.653333333333 611.168666666667 594.275333333333 573.051333333333 589.823333333333 573.854666666667 567.145333333333 552.965333333333
549.695333333333 637.677333333333 622.024 624.044666666667 625.717333333333 600.774666666667 600.373333333333 566.817333333333 534.172 515.638666666667 555.064666666667 560.818666666667 -9999 515.712666666667 533.363333333333 563.151333333333 591.587333333333 606.875333333333 610.716666666667 601.416666666667 584.571333333333 548.934 531.002666666667 492.700666666667 541.957333333333 572.859333333333 600.614333333333 588.42 580.394666666667 558.610666666667 530.781333333333 492.946666666667 497.164666666667 545.654666666667 566.580666666667 599.007333333333 642.366666666667 621.068666666667 622.387333333333 619.543666666667 616.262 618.592666666667 597.605333333333 568.995333333333 593.145333333333 564.744 585.899333333333 577.536666666667 573.969333333333 561.53 550.779333333333
578.303 625.902666666667 632.811333333333 607.867333333333 607.408 580.590666666667 578.561333333333 545.964 517.968 484.08 539.545333333333 559.588 -9999 -9999 517.714 552.125333333333 576.83 595.673333333333 589.080666666667 589.678666666667 568.774 536.306666666667 521.684 491.136666666667 537.208666666667 563.261333333333 578.667 561.596666666667 553.358 551.518666666667 532.450666666667 493.572666666667 509.676666666667 530.599333333333 555.324666666667 588.547333333333 593.958 588.687333333333 585.489333333333 592.060333333333 589.289333333333 599.936 563.354666666667 565.507333333333 575.801333333333 568.765333333333 525.706666666667 540.504666666667 556.332 543.780666666667 532.626
587.002 590.922 616.824666666667 616.766666666667 578.192666666667 644.317333333333 555.804 542.764 501.250666666667 475.958 523.832 543.222666666667 -9999 -9999 517.564 547.217333333333 570.807333333333 581.220666666667 573.336666666667 573.355333333333 552.582666666667 515.822666666667 499.816666666667 490.971333333333 521.922 543.809333333333 557.732666666667 546.625333333333 551.258 559.853333333333 536.979333333333 508.442666666667 483.364666666667 513.523333333333 539.060666666667 580.312666666667 605.990666666667 619.538 581.154666666667 551.215333333333 569.585333333333 595.301333333333 573.846 547.346 552.368666666667 556.749333333333 524.43 507.178 517.920666666667 515.534 500.655333333333
557.594666666667 583.924666666667 596.946 593.493333333333 619.043333333333 622.645333333333 617.279333333333 602.544666666667 502.838666666667 463.018666666667 505.438 528.647333333333 500.945333333333 -9999 507.260666666667 542.988 555.168 562.851333333333 553.892 552.336666666667 531.084 -9999 -9999 -9999 506.426666666667 532.839333333333 548.446 542.266666666667 547.841333333333 557.11 541.703333333333 512.920666666667 481.277333333333 505.194 518.810666666667 574.760666666667 604.716666666667 623.254666666667 593.096 551.756666666667 566.932 561.562 571.106 539.592666666667 527.336 556.080666666667 518.472 499.726666666667 488.702 472.397333333333 448.799333333333
561.393333333333 595.710333333333 629.170666666667 626.9 600.527333333333 605.41 595.217333333333 582.898666666667 551.536666666667 499.626 490.703333333333 504.256666666667 491.684 -9999 -9999 524.347333333333 540.244 541.388666666667 539.450666666667 533.812666666667 517.056 -9999 -9999 -9999 496.275333333333 522.685333333333 537.705333333333 545.310333333333 541.912 567.134 556.398 535.096 481.306 487.006666666667 557.750666666667 604.344 622.482666666667 594.534666666667 566.996 551.034 542.794333333333 542.689333333333 556.425333333333 539.256666666667 487.06 511.940666666667 474.052 482.863333333333 470.903333333333 444.21 411.852
560.854 522.642 599.649333333333 610.618 583.858666666667 580.436 575.767333333333 566.106 533.338 493.892 518.116666666667 531.688666666667 -9999 -9999 -9999 -9999 520.414 528.266666666667 -9999 -9999 -9999 -9999 -9999 -9999 -9999 518.694666666667 529.386 541.980666666667 539.526 567.56 556.182 552.731333333333 507.389333333333 505.586666666667 580.145333333333 597.748 584.722666666667 568.098666666667 535.456666666667 517.42 509.040666666667 526.598666666667 546.290666666667 513.418 484.858666666667 486.073333333333 482.752666666667 465.551333333333 451.516666666667 429.264666666667 398.354
576.280666666667 508.931333333333 583.246666666667 584.497333333333 573.234 560.612666666667 555.774 548.203333333333 528.392 -9999 -9999 -9999 -9999 -9999 -9999 -9999 -9999 -9999 -9999 -9999 -9999 -9999 -9999 -9999 -9999 -9999 512.311333333333 516.255333333333 542.366666666667 557.404 567.076 556.022666666667 526.754666666667 515.496 575.228666666667 555.350666666667 542.022666666667 544.815333333333 539.239333333333 507.400666666667 497.531333333333 509.520666666667 517.95 480.92 467.527333333333 452.896 435.952666666667 441.722 423.198666666667 415.377333333333 382.295333333333
549.439333333333 514.888666666667 546.162 565.751666666667 550.660666666667 532.414 528.88 518.831333333333 514.424 -9999 -9999 -9999 -9999 -9999 -9999 -9999 -9999 -9999 -9999 -9999 -9999 -9999 -9999 -9999 -9999 495.071333333333 503.360666666667 505.698 530.490333333333 554.690666666667 553.141333333333 551.096 525.784 520.610666666667 531.400666666667 523.134666666667 529.152666666667 550.342666666667 517.59 494.526 493.786666666667 494.325333333333 478.176666666667 455.698666666667 450.112 435.352 419.573333333333 405.94 396.298 384.169333333333 371.818
574.146 552.226 565.693333333333 534.419333333333 -9999 -9999 -9999 -9999 -9999 -9999 -9999 -9999 -9999 -9999 -9999 -9999 -9999 -9999 -9999 -9999 -9999 -9999 -9999 -9999 -9999 -9999 491.098 502.554666666667 494.277333333333 509.713 515.608666666667 520.356 511.216 489.269333333333 504.922 508.427333333333 530.881333333333 522.750666666667 488.134666666667 479.978666666667 478.144 485.017333333333 454.370333333333 451.405333333333 447.24 432.051333333333 428.036666666667 425.509333333333 389.892 367.484666666667 353.442
551.217333333333 522.934666666667 -9999 514.389333333333 -9999 -9999 -9999 -9999 -9999 -9999 -9999 -9999 -9999 -9999 -9999 -9999 -9999 -9999 -9999 -9999 -9999 -9999 -9999 -9999 -9999 -9999 -9999 482.456666666667 486.248 490.687666666667 496.577333333333 510.85 501.823333333333 479.837333333333 496.229333333333 520.069333333333 517.132 480.883333333333 464.717 461.493 457.383666666667 448.629333333333 446.418666666667 442.814666666667 434.795 447.569 424.796666666667 398.078 410.578666666667 379.462333333333 348.111
532.055333333333 -9999 -9999 -9999 -9999 -9999 -9999 -9999 -9999 -9999 -9999 -9999 -9999 -9999 -9999 -9999 -9999 -9999 -9999 -9999 -9999 -9999 -9999 -9999 -9999 -9999 -9999 -9999 -9999 -9999 -9999 -9999 -9999 -9999 487.113333333333 481.945 479.341666666667 461.767333333333 458.143333333333 444.314666666667 435.58 433.434666666667 428.075333333333 434.005 434.334 421.896 388.428 373.532 363.294666666667 362.848666666667 359.396666666667
-9999 -9999 -9999 -9999 -9999 -9999 -9999 -9999 -9999 -9999 -9999 -9999 -9999 -9999 -9999 -9999 -9999 -9999 -9999 -9999 -9999 -9999 -9999 -9999 -9999 -9999 -9999 -9999 -9999 -9999 -9999 -9999 -9999 -9999 -9999 -9999 -9999 -9999 443.062666666667 437.383333333333 -9999 -9999 436.588666666667 421.109333333333 -9999 386.064666666667 -9999 -9999 -9999 -9999 -9999
-9999 -9999 -9999 -9999 -9999 -9999 -9999 -9999 -9999 -9999 -9999 -9999 -9999 -9999 -9999 -9999 -9999 -9999 -9999 -9999 -9999 -9999 -9999 -9999 -9999 -9999 -9999 -9999 -9999 -9999 -9999 -9999 -9999 -9999 -9999 -9999 -9999 -9999 -9999 -9999 -9999 -9999 -9999 -9999 -9999 -9999 -9999 -9999 -9999 -9999 -9999
-9999 -9999 -9999 -9999 -9999 -9999 -9999 -9999 -9999 -9999 -9999 -9999 -9999 -9999 -9999 -9999 -9999 -9999 -9999 -9999 -9999 -9999 -9999 -9999 -9999 -9999 -9999 -9999 -9999 -9999 -9999 -9999 -9999 -9999 -9999 -9999 -9999 -9999 -9999 -9999 -9999 -9999 -9999 -9999 -9999 -9999 -9999 -9999 -9999 -9999 -9999
-9999 -9999 -9999 -9999 -9999 -9999 -9999 -9999 -9999 -9999 -9999 -9999 -9999 -9999 -9999 -9999 -9999 -9999 -9999 -9999 -9999 -9999 -9999 -9999 -9999 -9999 -9999 -9999 -9999 -9999 -9999 -9999 -9999 -9999 -9999 -9999 -9999 -9999 -9999 -9999 -9999 -9999 -9999 -9999 -9999 -9999 -9999 -9999 -9999 -9999 -9999
