data/derived/r_mean_scmd_1900.asc
NCOLS 186 
NROWS 74 
XLLCORNER 443300.206538099 
YLLCORNER 4085841.77455235 
CELLSIZE 500 
NODATA_value -9999 
[rows 29 to 57 of 74, columns 0 to 65 of 186]
-9999 -9999 -9999 -9999 -9999 -9999 -9999 -9999 -9999 0 -9999 0 0 0 0 0 0 0 -9999 0 0 0 0 0 0 0 0 0 0 0 0 0 0 0 174.142857142857 169.571428571429 174.714285714286 183.857142857143 185 184.285714285714 181.571428571429 185.571428571429 186.142857142857 179.285714285714 -9999 0 0 162.714285714286 163.857142857143 164.428571428571 158.714285714286 0 0 0 0 186.571428571429 213 205.571428571429 215.571428571429 211.285714285714 210.142857142857 217.571428571429 215.857142857143 218.714285714286 226.714285714286 229.571428571429
-9999 -9999 -9999 -9999 -9999 -9999 -9999 -9999 -9999 0 0 0 0 0 0 0 0 0 -9999 0 0 0 0 0 0 0 0 0 0 0 0 0 0 0 0 0 0 183.285714285714 186.714285714286 181.571428571429 188.428571428571 187.285714285714 186.714285714286 186.714285714286 182.714285714286 165 0 166.714285714286 176.428571428571 177 174.142857142857 0 0 0 0 181.571428571429 217 210.714285714286 213.857142857143 211.285714285714 215.857142857143 219.857142857143 218.142857142857 223.285714285714 226.142857142857 229
-9999 -9999 -9999 -9999 -9999 -9999 -9999 -9999 -9999 0 0 0 0 0 0 0 0 0 0 -9999 0 0 0 0 0 0 0 0 0 0 0 0 0 0 0 0 0 177 175.857142857143 183.857142857143 186.714285714286 182.714285714286 182.142857142857 189 187.857142857143 189.571428571429 179.857142857143 172.428571428571 182.142857142857 185.571428571429 177 0 0 0 0 0 210.714285714286 207.857142857143 206.714285714286 214.714285714286 222.714285714286 224.428571428571 232.428571428571 227.857142857143 230.142857142857 233
-9999 -9999 -9999 -9999 -9999 -9999 -9999 -9999 -9999 -9999 -9999 0 0 0 0 0 0 0 0 -9999 0 0 0 0 0 0 0 0 0 0 0 0 0 0 0 0 0 0 0 181.571428571429 183.285714285714 185 187.285714285714 186.142857142857 189 190.714285714286 185.857142857143 181 191.285714285714 188.428571428571 187.285714285714 0 0 0 0 0 166.142857142857 186.571428571429 206.142857142857 216.428571428571 225 230.714285714286 238.714285714286 231.857142857143 234.142857142857 238.142857142857
-9999 -9999 -9999 -9999 -9999 -9999 -9999 -9999 -9999 -9999 -9999 0 0 0 0 0 0 0 0 -9999 0 0 0 0 0 0 0 0 0 0 0 0 0 0 0 0 0 0 0 0 170.714285714286 178.142857142857 186.142857142857 189 192.428571428571 193.571428571429 193 190.142857142857 197.571428571429 193 191.714285714286 0 0 165 0 0 174.142857142857 189 203.857142857143 217.857142857143 230.714285714286 232.428571428571 237.571428571429 233.571428571429 234.142857142857 227.285714285714
-9999 -9999 -9999 -9999 -9999 -9999 -9999 -9999 -9999 -9999 -9999 -9999 -9999 -9999 0 0 0 0 0 -9999 -9999 0 0 0 0 0 0 0 0 0 0 0 0 0 0 0 0 168.428571428571 175.857142857143 174.142857142857 176.428571428571 173.571428571429 180.428571428571 187.285714285714 196.428571428571 195.857142857143 197 200.428571428571 199.857142857143 195.285714285714 191.714285714286 0 171.857142857143 163.857142857143 157.571428571429 0 0 183.857142857143 202.142857142857 212.428571428571 225.285714285714 227.285714285714 226.142857142857 223.285714285714 228.428571428571 227.857142857143
-9999 -9999 -9999 -9999 -9999 -9999 -9999 -9999 -9999 -9999 -9999 -9999 -9999 -9999 0 0 0 0 0 -9999 -9999 -9999 0 0 0 0 0 0 0 0 0 0 171 174.428571428571 173.952380952381 177.952380952381 178.428571428571 177.857142857143 184.428571428571 186.142857142857 191.571428571429 193.571428571429 199.571428571429 207 203.285714285714 200.428571428571 213.571428571429 213.761904761905 203.857142857143 196.428571428571 193.428571428571 179.714285714286 180.857142857143 184.428571428571 170.142857142857 0 0 202.142857142857 203.857142857143 223.285714285714 221.857142857143 228.428571428571 218.142857142857 219.857142857143 220.428571428571 222.142857142857
-9999 -9999 -9999 -9999 -9999 -9999 -9999 -9999 -9999 -9999 -9999 -9999 -9999 -9999 0 0 0 0 0 0 -9999 0 0 0 0 0 0 0 0 0 0 0 178.142857142857 181 187.857142857143 188.142857142857 189.571428571429 187.857142857143 191.857142857143 198.142857142857 208.428571428571 199.285714285714 213.571428571429 216.428571428571 203.285714285714 204.428571428571 211.285714285714 213 210.142857142857 203.571428571429 199.285714285714 198.428571428571 200.428571428571 201.571428571429 195.571428571429 214 206 214 211.857142857143 219 213.571428571429 211.428571428571 217.285714285714 222.142857142857 219.285714285714 218.714285714286
-9999 -9999 -9999 -9999 -9999 -9999 -9999 -9999 -9999 -9999 -9999 -9999 -9999 -9999 -9999 0 0 0 0 0 0 0 0 0 0 0 0 160.428571428571 161.571428571429 0 0 179.285714285714 179.857142857143 183.285714285714 188.428571428571 187.857142857143 190.428571428571 195.285714285714 198.714285714286 210.714285714286 213 206.714285714286 209 213.571428571429 213 211.857142857143 217.571428571429 220.428571428571 222.714285714286 214.428571428571 217.571428571429 215.857142857143 204.428571428571 198.714285714286 208.428571428571 213.571428571429 211.285714285714 213.571428571429 218.142857142857 219.857142857143 208.428571428571 217.571428571429 220.714285714286 222.142857142857 220.428571428571 222.714285714286
-9999 -9999 -9999 -9999 -9999 -9999 -9999 -9999 -9999 -9999 -9999 -9999 -9999 -9999 -9999 0 0 0 0 0 0 0 0 0 0 0 0 0 0 0 174.714285714286 178.142857142857 183.857142857143 180.428571428571 182.714285714286 181 189 190.714285714286 211.857142857143 211.285714285714 211.857142857143 208.428571428571 211.857142857143 214.714285714286 213.571428571429 221 221.571428571429 222.142857142857 226.142857142857 223.571428571429 225 221.571428571429 217.571428571429 216.428571428571 210.714285714286 206.714285714286 207.857142857143 209 219.285714285714 216.428571428571 219.857142857143 225 230.142857142857 228.428571428571 223.285714285714 215.857142857143
-9999 -9999 -9999 -9999 -9999 -9999 -9999 -9999 -9999 -9999 -9999 -9999 -9999 -9999 -9999 0 0 0 0 0 0 0 0 0 0 0 0 0 0 0 176.428571428571 0 0 173.571428571429 174.714285714286 174.714285714286 182.142857142857 193 197.571428571429 202.142857142857 200.428571428571 209.571428571429 212.428571428571 213.571428571429 221 229 231.857142857143 230.142857142857 227.857142857143 232.142857142857 227.857142857143 227.285714285714 225 218.142857142857 216.428571428571 219.285714285714 216.428571428571 214.714285714286 214.142857142857 219.857142857143 222.142857142857 227.857142857143 233.857142857143 229.571428571429 221 213
-9999 -9999 0 -9999 -9999 -9999 -9999 -9999 -9999 -9999 -9999 -9999 -9999 -9999 -9999 0 0 0 0 0 0 0 0 0 0 0 0 0 0 0 0 0 173.571428571429 182.714285714286 185 185.571428571429 185.571428571429 192.714285714286 200.428571428571 203.857142857143 203.857142857143 208.428571428571 211.857142857143 227.857142857143 231.285714285714 235.857142857143 234.714285714286 233.571428571429 234.142857142857 241.571428571429 239.285714285714 236.428571428571 233 229.571428571429 229 230.714285714286 226.142857142857 213 219.285714285714 221 233 241.571428571429 237.571428571429 232.428571428571 221.571428571429 217
-9999 -9999 -9999 -9999 -9999 0 0 -9999 -9999 -9999 -9999 -9999 0 0 0 0 0 0 0 0 0 0 0 0 0 0 0 0 0 0 167.285714285714 172.428571428571 181.571428571429 187.857142857143 188.428571428571 191.857142857143 197.571428571429 200.714285714286 205.571428571429 209 206.714285714286 209.571428571429 215.285714285714 226.714285714286 229 233.571428571429 238.142857142857 242.714285714286 244.428571428571 239.857142857143 247 246.714285714286 242.714285714286 241 239.285714285714 235.857142857143 234.714285714286 229 233.571428571429 233.571428571429 243.857142857143 239.285714285714 238.142857142857 232.714285714286 222.142857142857 219.285714285714
-9999 -9999 -9999 0 -9999 -9999 -9999 0 -9999 -9999 -9999 0 0 0 0 0 0 0 0 0 0 0 0 0 0 0 0 0 0 0 174.714285714286 185 185.571428571429 187.714285714286 190.142857142857 201.571428571429 202.142857142857 204.428571428571 208.714285714286 211.285714285714 209 210.142857142857 217.571428571429 226.714285714286 228.428571428571 235.285714285714 238.142857142857 243.857142857143 254.142857142857 250.142857142857 260.428571428571 257.571428571429 253.571428571429 242.714285714286 247.857142857143 246.142857142857 250.714285714286 249.571428571429 239.285714285714 241 239.857142857143 239.285714285714 237.571428571429 237 227 219.857142857143
-9999 0 0 0 0 0 0 0 0 0 0 0 0 0 0 0 0 0 0 0 0 0 0 0 0 0 0 0 0 171.142857142857 178.714285714286 186.142857142857 187.857142857143 189 194.142857142857 199.285714285714 202.142857142857 206.142857142857 211.571428571429 215.857142857143 216.428571428571 217 233.571428571429 234.714285714286 237 238.714285714286 242.714285714286 244.428571428571 266.142857142857 271.857142857143 253 255.571428571429 253.571428571429 250.142857142857 247.857142857143 247.285714285714 243.857142857143 244.428571428571 252.428571428571 246.714285714286 246.142857142857 239.857142857143 235.285714285714 237.571428571429 221.571428571429 214.142857142857
0 0 0 0 0 0 0 0 0 0 0 0 0 0 0 0 0 0 0 0 0 0 0 0 0 0 0 163.285714285714 168.428571428571 172.857142857143 181 181 180.857142857143 184.285714285714 186 195.857142857143 201 205 211.857142857143 217 221.571428571429 225.571428571429 237 237 239.857142857143 245.571428571429 245.571428571429 264.428571428571 258.142857142857 242.142857142857 243.285714285714 251.857142857143 253 250.142857142857 247.857142857143 247.285714285714 241 248.428571428571 258.142857142857 243.285714285714 243.857142857143 242.714285714286 231.857142857143 232.428571428571 213.285714285714 206.142857142857
-9999 0 0 0 0 0 0 0 0 0 0 0 0 0 0 0 0 0 0 0 0 0 0 0 0 0 0 167.285714285714 171.714285714286 176.857142857143 178.714285714286 0 175.714285714286 180.428571428571 185 196.428571428571 204.428571428571 209 211.857142857143 219.285714285714 228.428571428571 230.142857142857 240.428571428571 241.571428571429 245.571428571429 248.428571428571 248.428571428571 246.714285714286 246.714285714286 238.714285714286 243.285714285714 241.571428571429 242.428571428571 238.142857142857 242.714285714286 236.428571428571 235.285714285714 245.571428571429 248.428571428571 251.857142857143 242.142857142857 233.571428571429 230.714285714286 223.857142857143 206.714285714286 200.714285714286
-9999 -9999 0 0 0 0 0 0 0 0 0 0 0 0 0 0 0 0 0 0 0 0 0 0 0 0 0 0 0 0 0 173 175.857142857143 182.142857142857 193 202.142857142857 205.571428571429 211.857142857143 215.857142857143 222.428571428571 230.714285714286 242.142857142857 243.285714285714 245 241.571428571429 242.714285714286 242.142857142857 244.428571428571 245.571428571429 243.857142857143 241 233.571428571429 232.714285714286 233.571428571429 233 225 223.857142857143 237.571428571429 241 245.571428571429 241.571428571429 234.142857142857 234.714285714286 222.142857142857 214.142857142857 205.285714285714
-9999 -9999 -9999 0 0 0 0 0 0 0 0 0 0 0 0 0 0 0 0 0 0 0 0 0 0 0 0 0 0 0 171.285714285714 175.285714285714 189 196.142857142857 198.428571428571 210.142857142857 214.142857142857 217 225.571428571429 228.428571428571 234.714285714286 238.428571428571 242.714285714286 241 235.857142857143 237.571428571429 235.285714285714 242.142857142857 241.571428571429 235.857142857143 226.714285714286 219.285714285714 215.285714285714 220.714285714286 225 218.142857142857 218.142857142857 222.142857142857 223.285714285714 218.142857142857 221.571428571429 230.142857142857 233 217 214.142857142857 203.857142857143
-9999 -9999 -9999 -9999 -9999 0 0 0 0 0 0 0 0 0 0 0 0 0 0 0 0 0 0 0 0 0 0 163 170.714285714286 177.428571428571 183.285714285714 188.428571428571 197.571428571429 202.714285714286 209.571428571429 214.714285714286 219.857142857143 228.428571428571 232.428571428571 235.285714285714 237.285714285714 237 236.428571428571 235.285714285714 227.285714285714 223.571428571429 219.857142857143 219.285714285714 215.571428571429 220.428571428571 214.142857142857 210.428571428571 206.142857142857 213.142857142857 210.142857142857 202.428571428571 203.285714285714 210.428571428571 212.428571428571 209.857142857143 215.571428571429 218.714285714286 211.857142857143 206.714285714286 201.285714285714 202.428571428571
-9999 -9999 -9999 -9999 -9999 -9999 0 0 0 0 -9999 0 0 0 0 0 0 0 0 0 0 0 0 0 0 0 0 170.142857142857 177.571428571429 184.857142857143 190.142857142857 192.428571428571 201.571428571429 208.428571428571 213.571428571429 215.857142857143 223.857142857143 230.714285714286 234.142857142857 235.857142857143 235.285714285714 235 233 230.714285714286 216.428571428571 207.285714285714 199.285714285714 195.285714285714 197 197.571428571429 197 201.571428571429 198.714285714286 206.714285714286 208.142857142857 190.714285714286 195.857142857143 200.428571428571 203.285714285714 206.714285714286 206.142857142857 207.857142857143 203.857142857143 198.142857142857 193 190.142857142857
-9999 -9999 -9999 -9999 -9999 0 -9999 -9999 -9999 -9999 -9999 -9999 -9999 0 0 0 0 0 0 0 0 0 0 0 0 0 0 168.285714285714 180.714285714286 188.428571428571 189.571428571429 198.714285714286 207.285714285714 211.285714285714 215.285714285714 218.714285714286 230.142857142857 231.285714285714 231.285714285714 233 233 231.857142857143 232.428571428571 224.428571428571 215.857142857143 206.714285714286 193.571428571429 191.285714285714 188.428571428571 192.428571428571 193.571428571429 194.714285714286 195.285714285714 201 202.428571428571 188.428571428571 192.428571428571 199.857142857143 205.571428571429 205 203.857142857143 203.285714285714 199.285714285714 192.428571428571 183.857142857143 178.714285714286
-9999 -9999 -9999 -9999 -9999 0 0 -9999 -9999 -9999 -9999 -9999 -9999 -9999 0 0 0 0 0 0 0 0 0 0 0 163.857142857143 167.857142857143 175.142857142857 182 182.071428571429 193 207.857142857143 211.857142857143 215.285714285714 222.714285714286 227.285714285714 231.285714285714 230.714285714286 230.714285714286 231.285714285714 232.428571428571 230.714285714286 230.142857142857 222.714285714286 222.142857142857 207.857142857143 190.142857142857 188.428571428571 188.428571428571 185 189.571428571429 190.142857142857 191.857142857143 198.714285714286 192.428571428571 192.428571428571 193 195.857142857143 198.714285714286 193 198.714285714286 197 194.142857142857 186.714285714286 177.571428571429 177
-9999 -9999 -9999 0 0 0 -9999 -9999 -9999 -9999 -9999 -9999 -9999 -9999 0 0 0 0 0 0 0 0 0 0 0 165.571428571429 171.857142857143 174.142857142857 176.428571428571 185.285714285714 191.857142857143 204.428571428571 207.857142857143 214.142857142857 221.571428571429 227.285714285714 230.142857142857 229 229 229 228.428571428571 227.285714285714 227.857142857143 219.285714285714 217.571428571429 208.428571428571 191.857142857143 181.571428571429 175.285714285714 178.714285714286 181 181.571428571429 180.428571428571 175.285714285714 173 193.571428571429 191.857142857143 195.285714285714 195.285714285714 191.857142857143 196.428571428571 198.142857142857 185 177.571428571429 168.071428571429 0
-9999 -9999 -9999 -9999 0 0 -9999 -9999 -9999 -9999 -9999 -9999 -9999 -9999 -9999 -9999 0 0 0 0 0 0 0 0 0 0 171.285714285714 0 0 185 186.714285714286 199.285714285714 205.571428571429 209 213.571428571429 217 222.142857142857 222.142857142857 223.285714285714 225 223.857142857143 223.285714285714 221.571428571429 218.142857142857 210.142857142857 210.142857142857 190.142857142857 182.714285714286 0 173.571428571429 174.714285714286 171.285714285714 171.285714285714 0 173 192.714285714286 206.714285714286 196.428571428571 195.285714285714 195.857142857143 198.142857142857 193.571428571429 183.285714285714 168.428571428571 0 0
-9999 -9999 -9999 -9999 0 0 -9999 -9999 -9999 -9999 -9999 -9999 -9999 -9999 -9999 -9999 0 0 0 0 0 0 0 0 0 0 0 0 0 188.428571428571 191.571428571429 198.714285714286 203.285714285714 208.428571428571 212.428571428571 213 217 217 218.714285714286 221 221.571428571429 221 218.142857142857 214.714285714286 205 198.714285714286 191.285714285714 182.714285714286 0 0 167.857142857143 169.571428571429 0 0 168.428571428571 188.428571428571 204.428571428571 193.571428571429 193.571428571429 193.571428571429 194.142857142857 185.571428571429 177.571428571429 153.785714285714 0 0
-9999 -9999 -9999 -9999 -9999 0 -9999 -9999 -9999 -9999 -9999 -9999 -9999 -9999 -9999 -9999 0 0 0 0 0 0 0 0 0 0 0 0 165.571428571429 190.714285714286 195.285714285714 198.714285714286 202.142857142857 207.285714285714 206.142857142857 206.142857142857 209.571428571429 213.571428571429 214.142857142857 218.714285714286 217.571428571429 212.428571428571 211.285714285714 207.571428571429 205.571428571429 201 191.857142857143 188.428571428571 177.428571428571 0 0 0 0 0 173.571428571429 175.285714285714 183.571428571429 187.857142857143 194.142857142857 183.857142857143 182.142857142857 175.857142857143 174.714285714286 149.785714285714 0 0
-9999 -9999 -9999 -9999 -9999 -9999 -9999 -9999 -9999 -9999 -9999 -9999 -9999 -9999 -9999 -9999 0 0 0 0 0 0 0 0 0 0 0 170.714285714286 173 188.428571428571 191.857142857143 201.285714285714 201.571428571429 202.142857142857 202.142857142857 202.714285714286 203.857142857143 206.714285714286 209 210.714285714286 214.142857142857 217.571428571429 215.857142857143 200.428571428571 199 198.714285714286 198.142857142857 186.714285714286 181 170.571428571429 0 0 0 163.285714285714 177.571428571429 179.285714285714 189.571428571429 190.428571428571 192.428571428571 181 173 156.857142857143 0 0 0 0
-9999 -9999 -9999 -9999 -9999 -9999 -9999 -9999 -9999 -9999 -9999 -9999 -9999 -9999 -9999 -9999 -9999 0 0 0 0 0 0 0 0 0 0 164.428571428571 180.428571428571 189 189 202.714285714286 195.285714285714 197 194.714285714286 193.571428571429 198.714285714286 199.285714285714 203.285714285714 208.428571428571 201 198.714285714286 202.142857142857 198.714285714286 197.571428571429 197.571428571429 197.571428571429 191.857142857143 176.428571428571 0 0 0 0 163.857142857143 174.142857142857 177.571428571429 189.571428571429 191.571428571429 190.714285714286 180.428571428571 165.785714285714 0 0 0 0 0
