data/derived/r_mean_scmc.asc
NCOLS 186 
NROWS 74 
XLLCORNER 443300.206538099 
YLLCORNER 4085841.77455235 
CELLSIZE 500 
NODATA_value -9999 
[rows 22 to 43 of 74, columns 49 to 97 of 186]
-9999 -9999 -9999 -9999 -9999 -9999 -9999 -9999 3.42857142857143 3.35714285714286 3.42857142857143 3.14285714285714 3.42857142857143 3.71428571428571 3.28571428571429 3.35714285714286 3.64285714285714 3.57142857142857 3 2.75 2.71428571428571 2.71428571428571 3 2.71428571428571 3.42857142857143 3.21428571428571 3.78571428571429 3.42857142857143 3.71428571428571 3.85714285714286 3.92857142857143 3.64285714285714 3.14285714285714 3.5 3.64285714285714 4.07142857142857 3.78571428571429 3.57142857142857 3.21428571428571 3.5 3.5 3.5 3.85714285714286 3.42857142857143 3.07142857142857 3.21428571428571 2.92857142857143 2.14285714285714 -9999
-9999 -9999 -9999 -9999 -9999 -9999 -9999 -9999 -9999 3.5 3.21428571428571 3.14285714285714 3.28571428571429 3.07142857142857 2.92857142857143 2.92857142857143 3.14285714285714 3.42857142857143 3.14285714285714 2.89285714285714 2.71428571428571 3.07142857142857 3.14285714285714 3.28571428571429 3.42857142857143 3.5 4 3.5 3.78571428571429 3.57142857142857 3.78571428571429 3.5 3.03571428571429 2.71428571428571 3.57142857142857 3.92857142857143 3.64285714285714 3.42857142857143 3.35714285714286 3.28571428571429 3.21428571428571 3.5 3.35714285714286 3.14285714285714 3.14285714285714 3.17857142857143 3.07142857142857 -9999 2.57142857142857
-9999 -9999 -9999 -9999 3.14285714285714 3.78571428571429 3.57142857142857 3.07142857142857 -9999 2.64285714285714 2.60714285714286 2.71428571428571 2.46428571428571 2.25 2.17857142857143 2.32142857142857 2.89285714285714 3.32142857142857 3.32142857142857 3.0952380952381 2.71428571428571 2.57142857142857 3.10714285714286 3.39285714285714 3.60714285714286 3.75 3.39285714285714 3.5 3.64285714285714 3.75 3.28571428571429 3.46428571428571 3.57142857142857 3.57142857142857 3.35714285714286 4.07142857142857 3.5 3.42857142857143 3.57142857142857 3.35714285714286 3.5 3.5 3 2.92857142857143 2.92857142857143 3.42857142857143 3.28571428571429 3.28571428571429 2.92857142857143
-9999 -9999 -9999 1.71428571428571 2.35714285714286 3.5 3.64285714285714 3.28571428571429 3.14285714285714 2.92857142857143 2.5 2.57142857142857 2.14285714285714 2.14285714285714 2.35714285714286 2.28571428571429 2.57142857142857 2.57142857142857 2.5 2.14285714285714 2.17857142857143 2.21428571428571 2.92857142857143 3.35714285714286 3.42857142857143 3.71428571428571 3.71428571428571 3.57142857142857 3.28571428571429 3.42857142857143 3.64285714285714 3.85714285714286 3.78571428571429 3.35714285714286 3.82142857142857 3.78571428571429 3.53571428571429 3.57142857142857 3.78571428571429 3.64285714285714 3.71428571428571 3.46428571428571 3.46428571428571 3.35714285714286 3.35714285714286 3.71428571428571 3.57142857142857 3.32142857142857 3.28571428571429
1 1.07142857142857 1.07142857142857 1.35714285714286 2.35714285714286 3.14285714285714 3.57142857142857 3.57142857142857 3.28571428571429 3.57142857142857 3.78571428571429 3.21428571428571 2.28571428571429 2.14285714285714 2.21428571428571 2.14285714285714 2.5 2.5 2.57142857142857 2.28571428571429 1.92857142857143 1.89285714285714 2.64285714285714 3 3.42857142857143 3.21428571428571 3.5 3.5 3.64285714285714 3.71428571428571 3.5 3.35714285714286 3.35714285714286 3.28571428571429 3.32142857142857 3.78571428571429 3.21428571428571 3.28571428571429 3.5 3.35714285714286 3.35714285714286 2.78571428571429 3.28571428571429 3.42857142857143 3.35714285714286 3.85714285714286 3.28571428571429 3.21428571428571 3.57142857142857
1.92857142857143 1.71428571428571 1.64285714285714 2.14285714285714 2.5 2.5 3.14285714285714 3.28571428571429 3.71428571428571 3.92857142857143 3.71428571428571 4 3.42857142857143 2.64285714285714 2.07142857142857 2.21428571428571 2.14285714285714 2.21428571428571 2.14285714285714 2.21428571428571 2 1.82142857142857 2.64285714285714 3 3.5 3.21428571428571 3.21428571428571 3.64285714285714 3.57142857142857 3.57142857142857 3.21428571428571 3.14285714285714 2.85714285714286 3 3.67857142857143 3.5 3.42857142857143 3.57142857142857 3.57142857142857 3.57142857142857 3.5 3.35714285714286 3.28571428571429 3.35714285714286 3.21428571428571 3.21428571428571 3.14285714285714 2.92857142857143 3.28571428571429
2.28571428571429 2.57142857142857 2.57142857142857 2.85714285714286 3 3.71428571428571 3.64285714285714 3.57142857142857 3.35714285714286 3.35714285714286 3.78571428571429 3.5 3.42857142857143 2.71428571428571 2.21428571428571 2.21428571428571 2.14285714285714 1.92857142857143 2 2.14285714285714 1.92857142857143 1.75 2 2.28571428571429 2.42857142857143 2.85714285714286 3.07142857142857 3.28571428571429 3.28571428571429 3.35714285714286 3.14285714285714 2.85714285714286 3.14285714285714 2.85714285714286 3.5 3.57142857142857 3.71428571428571 3.57142857142857 3.5 3.35714285714286 3.71428571428571 3.71428571428571 3.5 3.35714285714286 3.35714285714286 3.42857142857143 3.28571428571429 3.21428571428571 3.5
2.92857142857143 2.71428571428571 2.85714285714286 2.57142857142857 2.92857142857143 3.28571428571429 2.42857142857143 2.64285714285714 2.64285714285714 2.5 3.35714285714286 3.35714285714286 3.35714285714286 2.71428571428571 2.35714285714286 2.35714285714286 2.28571428571429 2.07142857142857 2 2.14285714285714 1.85714285714286 1.78571428571429 2.07142857142857 1.92857142857143 2.35714285714286 2.64285714285714 2.85714285714286 3.21428571428571 3.14285714285714 3.07142857142857 3.42857142857143 3.5 3.28571428571429 3.21428571428571 3.21428571428571 3.46428571428571 3.35714285714286 3.21428571428571 3.14285714285714 3.07142857142857 3.35714285714286 3.21428571428571 3.21428571428571 3 3 3.42857142857143 3.78571428571429 3.35714285714286 3.71428571428571
2.92857142857143 2.92857142857143 3.07142857142857 2.92857142857143 2.57142857142857 3.78571428571429 3.28571428571429 3 2.92857142857143 2.17857142857143 2.14285714285714 2.21428571428571 2.35714285714286 2.57142857142857 2.14285714285714 2.07142857142857 2.14285714285714 1.78571428571429 1.92857142857143 2 2.14285714285714 2 1.96428571428571 1.78571428571429 2 2.42857142857143 2.71428571428571 2.71428571428571 3 3 3.35714285714286 3.14285714285714 3.5 3.5 3.14285714285714 3 3.28571428571429 3.28571428571429 2.92857142857143 2.92857142857143 2.85714285714286 3.28571428571429 3.14285714285714 2.85714285714286 2.71428571428571 2.92857142857143 3.21428571428571 3.42857142857143 3.53571428571429
3.07142857142857 2.92857142857143 3.07142857142857 2.92857142857143 2.92857142857143 3.28571428571429 3.28571428571429 4.28571428571429 3.71428571428571 2.71428571428571 2.07142857142857 2.07142857142857 2.07142857142857 2.14285714285714 2 2.07142857142857 2 1.85714285714286 1.92857142857143 1.64285714285714 2 1.78571428571429 1.92857142857143 1.82142857142857 2.14285714285714 2 2.35714285714286 2.5 2.42857142857143 2.85714285714286 3 3 2.78571428571429 3.07142857142857 2.92857142857143 2.78571428571429 2.92857142857143 3.14285714285714 3.07142857142857 3.21428571428571 3.14285714285714 2.92857142857143 3.42857142857143 3.07142857142857 2.85714285714286 3 3.28571428571429 3.14285714285714 2.85714285714286
2.85714285714286 3.14285714285714 3.07142857142857 3.07142857142857 2.92857142857143 2.57142857142857 3 3.57142857142857 3.57142857142857 3.64285714285714 2.32142857142857 2.07142857142857 2 2.14285714285714 2 2.14285714285714 2 1.71428571428571 1.85714285714286 1.85714285714286 1.85714285714286 1.64285714285714 1.78571428571429 1.82142857142857 1.64285714285714 1.78571428571429 1.85714285714286 2.28571428571429 2.42857142857143 2.78571428571429 2.5 3 2.5 2.64285714285714 2.78571428571429 2.78571428571429 2.82142857142857 2.85714285714286 2.92857142857143 2.78571428571429 3 2.64285714285714 2.92857142857143 2.92857142857143 2.92857142857143 2.64285714285714 2.71428571428571 2.85714285714286 2.42857142857143
2.78571428571429 2.92857142857143 3 3.21428571428571 2.92857142857143 2.71428571428571 2.92857142857143 3.85714285714286 4.07142857142857 3.07142857142857 2.78571428571429 2.57142857142857 2.28571428571429 2.28571428571429 1.92857142857143 2.07142857142857 2.14285714285714 2 1.85714285714286 1.92857142857143 2 1.85714285714286 2.07142857142857 1.78571428571429 1.64285714285714 1.92857142857143 1.64285714285714 1.78571428571429 1.85714285714286 1.85714285714286 2.28571428571429 2.64285714285714 2.35714285714286 2.21428571428571 2.5 2.5 2.28571428571429 2.35714285714286 2.21428571428571 2.5 2.64285714285714 2.42857142857143 2.5 2.5 2 2.21428571428571 2.35714285714286 2.42857142857143 2.5
2.64285714285714 2.85714285714286 3.14285714285714 3.5 3.14285714285714 2.64285714285714 2.85714285714286 3.21428571428571 3.42857142857143 3.64285714285714 3.14285714285714 2.89285714285714 2.21428571428571 2.21428571428571 1.92857142857143 2.21428571428571 2.21428571428571 1.85714285714286 1.92857142857143 2.21428571428571 2.07142857142857 2.14285714285714 2.14285714285714 2.07142857142857 1.82142857142857 2 1.92857142857143 1.71428571428571 1.85714285714286 1.78571428571429 2 2.35714285714286 2 2.07142857142857 2.07142857142857 1.85714285714286 1.92857142857143 1.96428571428571 2.07142857142857 2.28571428571429 2.5 2.21428571428571 2.28571428571429 2.42857142857143 2.35714285714286 2 2.57142857142857 2.57142857142857 2.85714285714286
2.5 2.92857142857143 3 3.5 3.14285714285714 3.28571428571429 3.28571428571429 3.64285714285714 3.57142857142857 3.57142857142857 3.64285714285714 3.17857142857143 2.78571428571429 2.35714285714286 2.14285714285714 2.28571428571429 2 2.14285714285714 2.14285714285714 2.21428571428571 2.28571428571429 2.14285714285714 2.35714285714286 2.14285714285714 1.89285714285714 1.92857142857143 1.71428571428571 1.85714285714286 1.64285714285714 1.71428571428571 1.78571428571429 1.85714285714286 1.92857142857143 2.14285714285714 2.14285714285714 2.07142857142857 2.57142857142857 2.17857142857143 2.64285714285714 3 2.64285714285714 2.64285714285714 2.57142857142857 2.28571428571429 2.35714285714286 2.64285714285714 2.85714285714286 2.64285714285714 3.07142857142857
2 2.35714285714286 2.78571428571429 2.5 2.71428571428571 2.96428571428571 3.53571428571429 3.67857142857143 3.71428571428571 3.60714285714286 3.71428571428571 3.25 2.69642857142857 2.28571428571429 2.35714285714286 2.14285714285714 2.21428571428571 2.28571428571429 2.46428571428571 2.53571428571429 2.57142857142857 2.35714285714286 2.39285714285714 2.5 2.32142857142857 2.04761904761905 2.14285714285714 2.14285714285714 2.14285714285714 1.71428571428571 1.85714285714286 2.14285714285714 2.14285714285714 2.57142857142857 2.64285714285714 2.85714285714286 2.92857142857143 2.71428571428571 2.57142857142857 2.71428571428571 2.92857142857143 3.07142857142857 3.14285714285714 2.78571428571429 2.57142857142857 3 2.92857142857143 2.92857142857143 2.92857142857143
1.96428571428571 2 2.21428571428571 2.07142857142857 2.14285714285714 2.71428571428571 3 3.07142857142857 3 2.57142857142857 3 2.35714285714286 2.28571428571429 2.03571428571429 1.92857142857143 1.71428571428571 2.21428571428571 2.92857142857143 3 3 2.92857142857143 2.64285714285714 2.92857142857143 3 2.85714285714286 2.28571428571429 2 2.03571428571429 1.85714285714286 1.71428571428571 1.96428571428571 2.32142857142857 2.39285714285714 2.57142857142857 2.71428571428571 2.82142857142857 2.92857142857143 2.75 2.96428571428571 3.21428571428571 3.25 3.35714285714286 3.07142857142857 2.82142857142857 2.82142857142857 2.85714285714286 3 2.67857142857143 2.71428571428571
1.75 1.78571428571429 1.92857142857143 1.78571428571429 2.21428571428571 2.85714285714286 2.5 2.28571428571429 2.28571428571429 2.42857142857143 2.21428571428571 2.14285714285714 2.07142857142857 2.10714285714286 2.14285714285714 2.07142857142857 2.5 2.78571428571429 3.35714285714286 3.42857142857143 3.35714285714286 3.28571428571429 3.21428571428571 3 2.78571428571429 2.78571428571429 2.39285714285714 2.14285714285714 2.07142857142857 2.14285714285714 2.42857142857143 2.5 2.64285714285714 2.71428571428571 2.71428571428571 2.71428571428571 2.85714285714286 2.92857142857143 3 3.03571428571429 2.92857142857143 3.21428571428571 3.28571428571429 3.42857142857143 2.85714285714286 2.71428571428571 2.85714285714286 2.57142857142857 2.5
1.89285714285714 1.78571428571429 1.85714285714286 1.85714285714286 2.35714285714286 2.42857142857143 2 2.21428571428571 1.92857142857143 2.07142857142857 1.85714285714286 2.14285714285714 2.07142857142857 1.96428571428571 1.71428571428571 2.07142857142857 2.57142857142857 3.14285714285714 3.57142857142857 3.71428571428571 3.57142857142857 3.57142857142857 3.07142857142857 3.5 3.07142857142857 3 2.57142857142857 2.14285714285714 2.21428571428571 2.35714285714286 2.35714285714286 2.35714285714286 2.78571428571429 3.14285714285714 2.78571428571429 3.14285714285714 2.85714285714286 2.78571428571429 2.85714285714286 3.07142857142857 3.14285714285714 2.85714285714286 3.35714285714286 3 3 2.71428571428571 2.71428571428571 2.71428571428571 2.57142857142857
1.92857142857143 1.75 1.85714285714286 1.78571428571429 1.92857142857143 2 2.07142857142857 1.64285714285714 1.85714285714286 2.07142857142857 1.92857142857143 2 2.14285714285714 2.14285714285714 1.89285714285714 2.14285714285714 2.21428571428571 2.14285714285714 2.57142857142857 3.07142857142857 3.64285714285714 4.14285714285714 3.5 3.42857142857143 3.07142857142857 3.14285714285714 2.5 2.39285714285714 2.35714285714286 2.35714285714286 2.35714285714286 2.78571428571429 3 3.14285714285714 2.71428571428571 2.92857142857143 2.78571428571429 2.71428571428571 2.78571428571429 2.71428571428571 2.92857142857143 3.07142857142857 3.21428571428571 3 3.07142857142857 2.64285714285714 2.71428571428571 2.71428571428571 2.71428571428571
1.71428571428571 1.75 1.92857142857143 1.64285714285714 1.92857142857143 2.14285714285714 2.14285714285714 2.14285714285714 2 2.14285714285714 2 2.14285714285714 2.14285714285714 2.14285714285714 1.92857142857143 1.92857142857143 1.85714285714286 1.85714285714286 2.28571428571429 2.64285714285714 3.42857142857143 3.42857142857143 3.35714285714286 3.35714285714286 2.92857142857143 2.85714285714286 2.78571428571429 2.82142857142857 2.78571428571429 2.71428571428571 2.92857142857143 3.07142857142857 2.92857142857143 2.85714285714286 2.85714285714286 2.78571428571429 2.71428571428571 2.64285714285714 2.64285714285714 2.64285714285714 2.82142857142857 3.07142857142857 3.21428571428571 3.14285714285714 3 2.71428571428571 2.85714285714286 2.85714285714286 2.85714285714286
1.71428571428571 2.07142857142857 2.10714285714286 1.92857142857143 1.64285714285714 2 1.78571428571429 2.14285714285714 2.14285714285714 2.21428571428571 2.28571428571429 2.14285714285714 2 2.21428571428571 2.21428571428571 1.89285714285714 2.28571428571429 2.35714285714286 2.92857142857143 3.07142857142857 3.35714285714286 3.28571428571429 3.28571428571429 3.28571428571429 3.14285714285714 2.78571428571429 2.78571428571429 2.92857142857143 2.85714285714286 2.92857142857143 3 3.07142857142857 2.64285714285714 2.92857142857143 3 2.64285714285714 2.71428571428571 2.92857142857143 2.92857142857143 2.78571428571429 2.82142857142857 3 3.14285714285714 3.21428571428571 3 2.85714285714286 2.92857142857143 3 2.64285714285714
2.21428571428571 2 2.35714285714286 2.07142857142857 1.92857142857143 2 1.85714285714286 2.07142857142857 2.07142857142857 2.07142857142857 2 1.92857142857143 1.92857142857143 2.21428571428571 2.28571428571429 2.5 2.92857142857143 3.42857142857143 3.28571428571429 3.5 3.35714285714286 3.57142857142857 3.28571428571429 3.21428571428571 3.14285714285714 2.92857142857143 2.85714285714286 3.21428571428571 3.25 3.28571428571429 3.14285714285714 2.64285714285714 2.57142857142857 2.5 2.78571428571429 2.85714285714286 2.71428571428571 3.07142857142857 2.85714285714286 3.07142857142857 2.85714285714286 2.75 2.92857142857143 2.92857142857143 2.64285714285714 2.92857142857143 2.92857142857143 2.78571428571429 2.64285714285714
