data/derived/r_mean_scod.asc
NCOLS 186 
NROWS 74 
XLLCORNER 443300.206538099 
YLLCORNER 4085841.77455235 
CELLSIZE 500 
NODATA_value -9999 
[rows 22 to 43 of 74, columns 98 to 146 of 186]
77.8571428571429 -9999 -9999 -9999 -9999 -9999 77.2857142857143 70.8571428571429 68.6428571428571 74.4285714285714 60.2142857142857 67.6428571428571 68.0714285714286 73.3571428571429 71.6428571428571 67.6428571428571 63.6428571428571 64.2142857142857 56.2142857142857 57.9285714285714 -9999 -9999 97.4285714285714 93.2142857142857 100.642857142857 97.6428571428571 94.9285714285714 -9999 98.5714285714286 98.5714285714286 77.0714285714286 76.7142857142857 55.2142857142857 57.0714285714286 61.25 83.1428571428571 92.8571428571429 90.0714285714286 74.5714285714286 76.6428571428571 81.2142857142857 89 114.642857142857 86.1428571428571 86.1428571428571 86.1428571428571 86.1428571428571 60.0714285714286 60.0714285714286
63.3571428571429 82.7142857142857 -9999 81.4285714285714 78.5714285714286 75.5714285714286 76.9285714285714 79.7857142857143 72.9285714285714 69.2142857142857 61.3571428571429 67.4285714285714 69.3571428571429 77.3571428571429 68.2142857142857 55.6428571428571 47.6428571428571 49.9285714285714 48.9285714285714 59.0714285714286 72.7857142857143 -9999 80.9285714285714 85.8571428571429 75.5714285714286 73.3571428571429 72.2142857142857 70.3571428571429 79.6428571428571 92.5 82.7857142857143 75.3571428571429 69.8571428571429 78.4285714285714 70.4285714285714 73.25 82.3571428571429 74.2142857142857 70.0714285714286 73.4285714285714 74.2142857142857 76.8571428571429 87.5 111.357142857143 96.7857142857143 86.1428571428571 86.1428571428571 60.0714285714286 61.2857142857143
54.0714285714286 58.7857142857143 66.9285714285714 67.7142857142857 56.9285714285714 59.2142857142857 58.5 74.5 76 59.8214285714286 59.0714285714286 66.2857142857143 69.1428571428571 75.0714285714286 75.0714285714286 63.6428571428571 51.0714285714286 47.6428571428571 56.2142857142857 74.0714285714286 79.7857142857143 78.6428571428571 76.6785714285714 74.2857142857143 66.2857142857143 59.6428571428571 61.3571428571429 59.6428571428571 65.9285714285714 70.2857142857143 77.5 79.5714285714286 66.0714285714286 74.0714285714286 74.1428571428571 65.0714285714286 73.5 63.5714285714286 76.5 69.6428571428571 68.2857142857143 75.1428571428571 84.2857142857143 74.4285714285714 73.7142857142857 73.7142857142857 65.6428571428571 46.1428571428571 52.4761904761905
54.7857142857143 53.0714285714286 47.2142857142857 49.6785714285714 53.3928571428571 49.6785714285714 53.7142857142857 54.5714285714286 51.1428571428571 48.2857142857143 47.5 54.9642857142857 60.8571428571429 67.25 55.0357142857143 50.8571428571429 49.0714285714286 52.3928571428571 61.4285714285714 76.1785714285714 80.0714285714286 74.1785714285714 76.3214285714286 69.0535714285714 61.6071428571429 64.1071428571429 59.8571428571429 68.1428571428571 71 72 74.0714285714286 75.9642857142857 67.2857142857143 61.8928571428571 66.4285714285714 61.6428571428571 71.75 72.8571428571429 74.6071428571429 80.5714285714286 80.2857142857143 81.6785714285714 97.2857142857143 80.4285714285714 105.535714285714 90.0357142857143 103.571428571429 69.1428571428571 64.7142857142857
48.7857142857143 49.3571428571429 47.7857142857143 45.5 46.6428571428571 57.5 52.3571428571429 47.2142857142857 48.9285714285714 45.5 53.0714285714286 53.3571428571429 52.7857142857143 53.9285714285714 54.6428571428571 55.5714285714286 47 40.9285714285714 55 62.4285714285714 60.9285714285714 63.7857142857143 60.2142857142857 54.3571428571429 52.9285714285714 60.7857142857143 71.2857142857143 73.4285714285714 74.6428571428571 63.4285714285714 66.1428571428571 71.2142857142857 62.6428571428571 60.9285714285714 52.9285714285714 59.6428571428571 62 62.8571428571429 74.5714285714286 82.4285714285714 83.8571428571429 76.8571428571429 87.8571428571429 85.5714285714286 91.1428571428571 108.857142857143 104.5 71.5714285714286 64.2857142857143
56.2142857142857 58.5 57.3571428571429 49.3571428571429 46.5 45.9285714285714 45.5 46.6428571428571 54.6428571428571 50.0714285714286 51.6428571428571 52.5 53.9285714285714 47.0714285714286 43.2142857142857 46.0714285714286 53.7142857142857 61.8571428571429 56.9285714285714 62.0714285714286 58.0714285714286 54.0714285714286 56.3571428571429 52.3571428571429 49.5 56.3571428571429 66.4285714285714 77.2857142857143 80 87.3571428571429 88.9285714285714 78.8571428571429 61.9285714285714 69.9285714285714 71.0714285714286 67.6428571428571 62.5 59.4285714285714 59.6428571428571 72.1428571428571 81.2142857142857 77.2142857142857 86.1428571428571 76.6428571428571 81.0714285714286 81.0714285714286 75 68.9285714285714 71.5714285714286
51.0714285714286 55.6428571428571 49.3571428571429 49.3571428571429 47.7857142857143 49.5 49.5 59.7857142857143 55.2142857142857 56.9285714285714 48.3571428571429 45.7857142857143 44.3571428571429 46.0714285714286 48.3571428571429 47.7857142857143 48.3571428571429 50.0714285714286 51.2142857142857 59.2142857142857 56.3571428571429 58.6428571428571 56.9285714285714 58.5 58.2142857142857 60.9285714285714 65.8571428571429 71.2142857142857 72.9285714285714 85.0714285714286 67.6428571428571 75.5 85.0714285714286 80 71.3571428571429 67.3571428571429 68.3571428571429 62.0714285714286 59.2142857142857 55.7857142857143 63.7857142857143 61.5 71.6428571428571 93.8571428571429 73.8571428571429 77.8571428571429 65.5 60.9285714285714 60.9285714285714
46.5 47.0714285714286 48.2142857142857 54.3571428571429 55.6428571428571 48.3571428571429 48.3571428571429 52.9285714285714 46.6428571428571 54.0714285714286 52.9285714285714 49.5 48.0714285714286 46.6428571428571 50.0714285714286 43.2142857142857 47.7857142857143 50.0714285714286 50.0714285714286 51.2142857142857 51.7857142857143 50.6428571428571 50.0714285714286 56.2142857142857 67.4285714285714 64.4285714285714 72.1428571428571 73.1428571428571 79.7857142857143 69.8571428571429 55.0714285714286 58.0714285714286 62.6428571428571 68.7142857142857 73.2857142857143 69.8571428571429 69.6428571428571 65.2857142857143 60.3571428571429 52.9285714285714 55.7857142857143 54.0714285714286 53.9285714285714 64.4285714285714 76.2142857142857 72.9285714285714 54.2857142857143 71.5714285714286 52.5714285714286
39.6428571428571 45.3571428571429 52.2142857142857 49.9285714285714 53.9285714285714 55.2142857142857 54.6428571428571 53.5 54.0714285714286 55.2142857142857 55.2142857142857 56.3571428571429 51.5 54.6428571428571 49.5 50.0714285714286 46.0714285714286 44.9285714285714 50.6428571428571 47.2142857142857 43.7857142857143 44.3571428571429 46.6428571428571 42.0714285714286 51.2142857142857 60 71.4285714285714 76.2142857142857 70.5 72.2142857142857 63.2142857142857 60.9285714285714 50.6428571428571 64.1428571428571 64.7142857142857 59.7857142857143 63.2142857142857 63.2142857142857 60.5357142857143 52.9285714285714 59.2142857142857 60.9285714285714 62.2857142857143 65.7142857142857 65.5 75.2142857142857 75.6428571428571 64.5714285714286 95.3571428571429
42.0714285714286 45.5 41.5 47.0714285714286 42.6428571428571 42.5 51.2142857142857 57.5 56.9285714285714 55.7857142857143 55.7857142857143 60.2142857142857 51.2142857142857 50.0714285714286 54.6428571428571 50.6428571428571 54.0714285714286 52.9285714285714 51.2142857142857 50.0714285714286 50.0714285714286 47.2142857142857 46.0714285714286 47.7857142857143 39.7857142857143 41.5 64.1071428571429 76.2142857142857 68.2142857142857 64.7857142857143 51.7857142857143 56.3571428571429 48.9285714285714 49.5 55.0714285714286 59.6428571428571 62.5 59.0714285714286 58.5 57.9285714285714 70.2857142857143 63.6428571428571 68.7857142857143 62.5 61.3571428571429 61.9285714285714 84.9285714285714 83.9285714285714 80.2857142857143
56.7857142857143 54.6428571428571 50.0714285714286 53.3571428571429 48.3571428571429 45.5 52.3571428571429 54.6428571428571 51.7857142857143 51.7857142857143 54.0714285714286 55.7857142857143 61.3571428571429 57.2142857142857 54.6428571428571 52.3571428571429 54.0714285714286 52.3571428571429 52.3571428571429 54.0714285714286 51.7857142857143 51.2142857142857 48.3571428571429 44.3571428571429 50.6428571428571 52.7857142857143 62.6785714285714 72 69.3571428571429 66.5 57.9285714285714 50.0714285714286 50.6428571428571 50.0714285714286 55.7857142857143 52.2142857142857 59.0714285714286 59.0714285714286 59.6428571428571 53.9285714285714 61.3571428571429 61.3571428571429 55.0714285714286 48.9285714285714 62.5 64.2142857142857 63.6428571428571 70.5 74.0714285714286
54.0714285714286 54.6428571428571 51.7857142857143 51.7857142857143 48.3571428571429 50.6428571428571 48.9285714285714 49.5 48.9285714285714 51.7857142857143 59.0714285714286 59.7857142857143 64.7857142857143 59.4285714285714 52.9285714285714 48.9285714285714 50.0714285714286 51.7857142857143 52.3571428571429 53.5 59.0714285714286 57.9285714285714 57.9285714285714 55.6428571428571 56.2142857142857 60.7857142857143 64.5 70.8571428571429 67.6428571428571 61.9285714285714 58.5 47.7857142857143 39.7857142857143 44.9285714285714 50.6428571428571 53.3571428571429 53.3571428571429 50.5 53.3571428571429 57.6428571428571 59.0714285714286 50.0714285714286 43.2142857142857 43.7857142857143 49.9285714285714 53.3571428571429 49.5 57.9285714285714 65.7857142857143
52.9285714285714 54.0714285714286 52.3571428571429 50.6428571428571 48.3571428571429 48.3571428571429 46.6428571428571 50.0714285714286 48.9285714285714 55.7857142857143 64.7857142857143 64.2142857142857 61.9285714285714 59.2142857142857 51.7857142857143 50.0714285714286 48.3571428571429 48.3571428571429 48.9285714285714 52.3571428571429 57.3571428571429 57.3571428571429 54.0714285714286 54.0714285714286 49.5 58.5 61.9285714285714 65.8214285714286 68.5714285714286 66.2857142857143 59.0714285714286 44.9285714285714 42.6428571428571 43.2142857142857 49.9285714285714 49.3571428571429 54.5 53.3571428571429 48.7857142857143 56.2142857142857 56.7857142857143 46.6428571428571 49.3571428571429 49.9285714285714 49.3571428571429 48.7857142857143 52.7857142857143 55.6428571428571 55.2142857142857
57.5 52.3571428571429 52.3571428571429 53.5 48.9285714285714 50.0714285714286 43.7857142857143 48.3571428571429 51.2142857142857 58.6428571428571 64.7857142857143 65.9285714285714 60.7857142857143 58.0714285714286 55.5 51.2142857142857 50.0714285714286 48.3571428571429 50.0714285714286 57.9285714285714 53.9285714285714 55.6428571428571 59.6428571428571 61.3571428571429 51.7857142857143 59.7857142857143 58.0714285714286 56.0714285714286 54.6428571428571 60.2142857142857 62.5 58.0714285714286 52.3571428571429 54.6428571428571 55.6428571428571 57.9285714285714 51.2142857142857 55.0714285714286 56.7857142857143 60.7857142857143 61.0714285714286 57.9285714285714 57.3571428571429 55.0714285714286 53.9285714285714 52.7857142857143 52.2142857142857 49.9285714285714 53.9285714285714
57.5 55.7857142857143 50.9285714285714 54.0714285714286 55.2142857142857 56.9285714285714 51.7857142857143 51.7857142857143 52.9285714285714 53.5 59.6428571428571 61.3571428571429 66.2857142857143 62.5 61.3571428571429 60.2142857142857 52.3571428571429 51.7857142857143 55.7857142857143 63.6428571428571 59.6428571428571 60.7857142857143 62.5 64.2142857142857 63.6428571428571 65.3571428571429 67.0714285714286 60.9285714285714 54.0714285714286 54.0714285714286 52.9285714285714 52.3571428571429 52.9285714285714 49.5 49.5 49.5 50.6428571428571 50.6428571428571 60.7857142857143 60.7857142857143 63.6428571428571 68.3928571428571 62.5 60.7857142857143 59.6428571428571 61.7142857142857 57.9285714285714 56.7857142857143 60.2142857142857
60.8571428571429 58.5714285714286 56 53.7857142857143 56 60.2142857142857 60.2142857142857 59.9285714285714 58.2142857142857 56.7857142857143 53.6428571428571 60.2142857142857 69.7142857142857 63.9285714285714 61.6428571428571 59.8214285714286 60.2857142857143 62.5714285714286 58.6428571428571 60.5714285714286 60.8571428571429 63.7142857142857 67.6428571428571 72.7857142857143 79.8928571428571 81.0357142857143 77.8214285714286 68.9285714285714 65.0892857142857 57.7857142857143 62.5 63.3214285714286 60 59.1428571428571 57.5 61.6428571428571 63.6071428571429 63.3214285714286 62.75 58 54.9285714285714 57.3928571428571 59.0714285714286 58.2142857142857 59.3571428571429 62.6785714285714 60.7857142857143 56.5 57.9285714285714
70.2857142857143 60.7857142857143 56.7857142857143 56.7857142857143 57.9285714285714 61.3571428571429 60.7857142857143 62.5 61.9285714285714 57.3571428571429 57.9285714285714 64 72.9285714285714 66.8571428571429 63.0714285714286 60.2142857142857 57.4285714285714 64.1428571428571 64.7142857142857 62.0714285714286 60.3571428571429 73.6428571428571 88.9285714285714 69.3571428571429 94.7142857142857 85.7142857142857 86.6428571428571 74.2857142857143 68.7857142857143 73.7142857142857 77.5 71.4285714285714 71.4285714285714 70.8571428571429 65.3571428571429 72.5714285714286 72 74.8571428571429 73.1428571428571 72 65.9285714285714 63.6428571428571 59.9285714285714 61.3571428571429 62.5 60.2142857142857 60.2142857142857 57.9285714285714 59.0714285714286
73.1428571428571 61.3571428571429 56.7857142857143 58.5 62.5 65.3571428571429 60.2142857142857 63.0714285714286 61.3571428571429 59.0714285714286 61.3571428571429 63.0714285714286 74.0714285714286 -9999 77.5 65.7142857142857 58.2857142857143 69.8571428571429 66.4285714285714 59.2142857142857 56.9285714285714 63.7857142857143 73.7142857142857 77.0714285714286 71.7142857142857 96.3571428571429 90.7857142857143 79.2142857142857 70.5 73.4285714285714 80.9285714285714 78.0714285714286 75.7857142857143 66.5 73.1428571428571 74.8571428571429 76.5714285714286 84.7142857142857 82.8571428571429 84.9285714285714 74.8571428571429 72.5714285714286 62.5 60.2142857142857 62.5 64.2142857142857 67.0714285714286 63.6428571428571 69.3571428571429
73.3571428571429 71.0714285714286 63.0714285714286 61.9285714285714 63.9285714285714 64.2142857142857 61.9285714285714 64.7857142857143 65.9285714285714 63.6428571428571 59.0714285714286 65.1428571428571 72 -9999 89.2857142857143 76.7142857142857 72.3571428571429 75.0357142857143 72.5714285714286 70.2857142857143 65.8571428571429 58.0714285714286 60.9285714285714 75 78.7142857142857 79.2857142857143 92.5 77.1428571428571 65.9285714285714 65.9285714285714 73.7142857142857 86.4285714285714 79.2142857142857 71.4285714285714 82.0714285714286 77.7142857142857 66.2857142857143 72 77.4285714285714 84.9285714285714 80 74.8571428571429 72.5714285714286 65.0714285714286 72.5714285714286 69.7142857142857 68.7857142857143 68.7857142857143 76
75.6428571428571 78.0714285714286 71.6428571428571 66.5 64.7857142857143 64.7857142857143 64.7857142857143 66.5 64.2142857142857 66.5 61.3571428571429 61.3571428571429 71.7857142857143 -9999 75.5714285714286 64.9285714285714 71.7857142857143 69.0714285714286 61.9285714285714 67.4285714285714 68 79.2142857142857 73.1428571428571 71.2857142857143 69.3571428571429 69.3571428571429 85.5714285714286 84.3571428571429 75.4285714285714 66.5 73.25 81.8571428571429 73.7142857142857 83.7857142857143 72.2142857142857 80.9285714285714 92.7857142857143 86.7142857142857 87.2857142857143 93.0714285714286 80 74.2857142857143 78.8571428571429 66.5 64.2142857142857 72.5714285714286 69.3571428571429 76 87.7857142857143
75.4285714285714 76.3571428571429 68.9285714285714 71.6428571428571 75.4285714285714 65.9285714285714 70.5 67.6428571428571 70.8571428571429 65.3571428571429 66.2857142857143 71.4285714285714 75.3571428571429 -9999 -9999 73.5 -9999 60.7857142857143 63.6428571428571 72.5714285714286 71.4285714285714 79.7857142857143 94.0714285714286 71.4285714285714 71.4285714285714 81.5714285714286 75.5 86.7142857142857 86.0714285714286 77.1428571428571 76 81.5 67.0714285714286 71.0714285714286 73.3571428571429 79.2142857142857 76 79.8571428571429 95.2142857142857 93.0714285714286 78.8571428571429 80.9285714285714 79.2142857142857 72.8571428571429 68 73.7142857142857 78.8571428571429 87.7857142857143 87.5714285714286
75.6428571428571 80.7857142857143 83.4285714285714 68.5714285714286 64.7857142857143 63.6428571428571 63.6428571428571 76.5714285714286 76.3571428571429 70.8571428571429 63.6428571428571 68.7857142857143 78.8571428571429 -9999 -9999 -9999 -9999 75.2142857142857 76.8571428571429 65.3571428571429 63.6428571428571 75.4285714285714 83.5714285714286 85.8571428571429 80.5714285714286 83.6428571428571 68.6428571428571 86.7142857142857 84.9285714285714 78.2857142857143 77.7142857142857 83.7857142857143 71.6428571428571 80.0714285714286 73.1428571428571 68.0714285714286 69.2142857142857 64.2142857142857 97.9285714285714 78.6428571428571 68.7857142857143 73.9285714285714 69.7142857142857 64.7857142857143 68.3928571428571 68 87.5714285714286 89.2857142857143 90.4285714285714
