data/derived/r_mean_scmd_1250.asc
NCOLS 186 
NROWS 74 
XLLCORNER 443300.206538099 
YLLCORNER 4085841.77455235 
CELLSIZE 500 
NODATA_value -9999 
[rows 46 to 68 of 74, columns 52 to 103 of 186]
232.714285714286 233.571428571429 233 225 223.857142857143 237.571428571429 241 245.571428571429 241.571428571429 234.142857142857 234.714285714286 222.142857142857 214.142857142857 205.285714285714 191.142857142857 191.142857142857 177 175.142857142857 167.714285714286 175.857142857143 185 189 182.714285714286 184.428571428571 181 181 169.857142857143 166 161 158.357142857143 161.571428571429 171.857142857143 171.285714285714 171.285714285714 173.571428571429 162.142857142857 155.857142857143 156.642857142857 163.5 156.642857142857 161.571428571429 157 153 142.571428571429 149.214285714286 142 140.642857142857 139 124.357142857143 117.071428571429 123.928571428571 138
215.285714285714 220.714285714286 225 218.142857142857 218.142857142857 222.142857142857 223.285714285714 218.142857142857 221.571428571429 230.142857142857 233 217 214.142857142857 203.857142857143 195 186.714285714286 179.142857142857 179.142857142857 163.928571428571 167.285714285714 181.571428571429 184.428571428571 185.571428571429 186.142857142857 181 178 170.142857142857 163 145.214285714286 150 160.071428571429 166.714285714286 169 161.428571428571 157.428571428571 158.785714285714 146.928571428571 136.857142857143 150.928571428571 160.642857142857 158.821428571429 154.928571428571 151.5 134.071428571429 145.214285714286 146.357142857143 139.142857142857 117.142857142857 99.6428571428571 127.785714285714 147.357142857143 160.428571428571
206.142857142857 213.142857142857 210.142857142857 202.428571428571 203.285714285714 210.428571428571 212.428571428571 209.857142857143 215.571428571429 218.714285714286 211.857142857143 206.714285714286 201.285714285714 202.428571428571 191.714285714286 186 178.571428571429 178.571428571429 164.642857142857 174.142857142857 181.571428571429 178.142857142857 179.285714285714 179.285714285714 182.571428571429 167.714285714286 158.571428571429 162.071428571429 160.428571428571 159.5 157.071428571429 163.285714285714 166.142857142857 150.785714285714 151.928571428571 151.928571428571 149.642857142857 143.928571428571 146.357142857143 150.142857142857 156.25 157.571428571429 142.428571428571 131.214285714286 144.714285714286 143.714285714286 129.5 95.2142857142857 86.2857142857143 100.142857142857 115.071428571429 139.571428571429
198.714285714286 206.714285714286 208.142857142857 190.714285714286 195.857142857143 200.428571428571 203.285714285714 206.714285714286 206.142857142857 207.857142857143 203.857142857143 198.142857142857 193 190.142857142857 179.857142857143 172.904761904762 157.142857142857 143.25 164.428571428571 173.285714285714 173.857142857143 181.571428571429 181.571428571429 180.142857142857 179.428571428571 172.857142857143 162.678571428571 155.071428571429 147.428571428571 155.5 159.071428571429 162.285714285714 165.214285714286 160.642857142857 155.892857142857 144.071428571429 119.821428571429 137.428571428571 138.428571428571 143.928571428571 147.142857142857 141.119047619048 143.714285714286 132.214285714286 117.607142857143 111.964285714286 96.6071428571429 76.3928571428571 -1 54.1071428571429 91.5357142857143 106.464285714286
195.285714285714 201 202.428571428571 188.428571428571 192.428571428571 199.857142857143 205.571428571429 205 203.857142857143 203.285714285714 199.285714285714 192.428571428571 183.857142857143 178.714285714286 177.571428571429 164.071428571429 134.785714285714 147.5 161.571428571429 169 176.428571428571 180.428571428571 178.714285714286 173.571428571429 174.714285714286 165 145.214285714286 142.785714285714 144.821428571429 149.214285714286 154.357142857143 156.428571428571 157.214285714286 154.928571428571 146.928571428571 119.714285714286 107.928571428571 135 136.714285714286 134.642857142857 151.142857142857 141.714285714286 111.571428571429 88.0714285714286 80.0714285714286 65.2142857142857 72.4285714285714 80.7857142857143 -1 -1 86.8571428571429 94.8571428571429
191.857142857143 198.714285714286 192.428571428571 192.428571428571 193 195.857142857143 198.714285714286 193 198.714285714286 197 194.142857142857 186.714285714286 177.571428571429 177 161.785714285714 149.785714285714 137.071428571429 152.071428571429 163.857142857143 172.428571428571 183.857142857143 185.571428571429 191.285714285714 172.428571428571 164.428571428571 159.857142857143 149.785714285714 149.785714285714 149.571428571429 149.285714285714 157.571428571429 156.071428571429 149.857142857143 145.285714285714 138.428571428571 125.857142857143 128.714285714286 142.428571428571 137.285714285714 135.214285714286 142.571428571429 121.142857142857 108 78.9285714285714 65.2142857142857 81.3571428571429 82.5 84.2142857142857 -1 -1 -1 96.5714285714286
180.428571428571 175.285714285714 173 193.571428571429 191.857142857143 195.285714285714 195.285714285714 191.857142857143 196.428571428571 198.142857142857 185 177.571428571429 168.071428571429 162.928571428571 144.857142857143 130.785714285714 125.642857142857 148.642857142857 157.214285714286 175.285714285714 182.714285714286 195.285714285714 193.571428571429 174.142857142857 159.285714285714 158.714285714286 150.714285714286 145.571428571429 147.285714285714 153.571428571429 163.857142857143 161 158.928571428571 151.5 123.785714285714 124.142857142857 129.428571428571 131.785714285714 141.428571428571 139.714285714286 103.642857142857 89.7142857142857 78.3571428571429 68.8571428571429 -1 -1 63.5 75.8571428571429 -1 -1 -1 -1
171.285714285714 171.857142857143 173 192.714285714286 206.714285714286 196.428571428571 195.285714285714 195.857142857143 198.142857142857 193.571428571429 183.285714285714 168.428571428571 140.857142857143 134 109.357142857143 116.571428571429 120.392857142857 149.785714285714 159.857142857143 176.428571428571 178.142857142857 185 185 185.571428571429 174.142857142857 158.142857142857 136.642857142857 133.214285714286 148.428571428571 159 163.857142857143 158.142857142857 140.857142857143 136.642857142857 101.285714285714 108.5 126.428571428571 117.642857142857 139.142857142857 107.071428571429 82.1428571428571 81.7142857142857 77.3571428571429 68.4285714285714 -1 -1 -1 -1 -1 -1 -1 -1
166.142857142857 166.142857142857 168.428571428571 188.428571428571 204.428571428571 193.571428571429 193.571428571429 193.571428571429 194.142857142857 185.571428571429 177.571428571429 153.785714285714 142.571428571429 126.071428571429 104 105.928571428571 119.785714285714 143.214285714286 164.428571428571 171.857142857143 183.857142857143 189.571428571429 182.714285714286 171.285714285714 172.428571428571 152.642857142857 136.071428571429 136.071428571429 138.142857142857 157.571428571429 161.107142857143 155.5 136.642857142857 126 108.5 107.357142857143 110.071428571429 103.428571428571 111.428571428571 110.857142857143 72.6428571428571 71.0714285714286 55.5 55.5 -1 -1 -1 -1 -1 -1 -1 -1
161 157 173.571428571429 175.285714285714 183.571428571429 187.857142857143 194.142857142857 183.857142857143 182.142857142857 175.857142857143 174.714285714286 149.785714285714 133.642857142857 116 111.428571428571 107.642857142857 138.642857142857 151.5 166.142857142857 179.285714285714 179.857142857143 182.714285714286 175.285714285714 170.142857142857 154.357142857143 134 126.571428571429 139.5 147.142857142857 155.285714285714 157.964285714286 130.571428571429 119.142857142857 113.071428571429 88.9285714285714 69 93 91.6428571428571 102.5 87.0714285714286 65.5714285714286 -1 -1 -1 -1 -1 -9999 -9999 -1 -1 -9999 -1
151.714285714286 163.285714285714 177.571428571429 179.285714285714 189.571428571429 190.428571428571 192.428571428571 181 173 156.857142857143 153.214285714286 149.785714285714 140.285714285714 122.642857142857 112 114.785714285714 138.928571428571 151.285714285714 161.607142857143 172.428571428571 176.428571428571 181 178.142857142857 162.714285714286 157.571428571429 141.785714285714 135.714285714286 135.142857142857 128.571428571429 138.071428571429 144.285714285714 131 96.7857142857143 83.2857142857143 71.7142857142857 54 59.7142857142857 78.7142857142857 64.6428571428571 68.0714285714286 -1 -1 -1 -9999 -1 -9999 -9999 -9999 -1 -9999 -9999 -9999
143.5 163.857142857143 174.142857142857 177.571428571429 189.571428571429 191.571428571429 190.714285714286 180.428571428571 165.785714285714 150.571428571429 139.714285714286 129.071428571429 119.428571428571 127.785714285714 119.214285714286 126 136.857142857143 144.642857142857 157.392857142857 173.571428571429 177 173 175.857142857143 165.571428571429 158.714285714286 137.428571428571 120.928571428571 106.642857142857 70.2142857142857 80.4285714285714 91.5 97.6428571428571 83.2857142857143 82.2857142857143 -1 47.2857142857143 52.2857142857143 68.0714285714286 73.1428571428571 -1 -1 -9999 -9999 -9999 -9999 -9999 -9999 -9999 -9999 -9999 -9999 -9999
145 169.571428571429 168.428571428571 178.714285714286 190.142857142857 193.571428571429 191.285714285714 174 160.857142857143 140.071428571429 131.928571428571 130.785714285714 109.142857142857 115.214285714286 112.357142857143 119.714285714286 139.714285714286 152.071428571429 170.142857142857 174.428571428571 166.357142857143 172.428571428571 163.5 160.071428571429 141.857142857143 135 130.214285714286 124.5 86.1428571428571 69.2142857142857 84.6428571428571 79.3928571428571 68.0714285714286 -9999 -9999 -1 42.1428571428571 42.1428571428571 39.2857142857143 -1 -1 -9999 -9999 -9999 -9999 -9999 -9999 -9999 -9999 -9999 -9999 -9999
150.142857142857 165.571428571429 171.857142857143 184.428571428571 191.857142857143 188.428571428571 186.714285714286 179.285714285714 169.428571428571 145.285714285714 119.357142857143 112.5 122.785714285714 119.357142857143 120.857142857143 131.714285714286 144.714285714286 161.214285714286 178.142857142857 173.571428571429 175.285714285714 160.642857142857 150.571428571429 136.928571428571 129.5 126.642857142857 117.285714285714 122.785714285714 96.7857142857143 73 73 70.1428571428571 61.7857142857143 -9999 -9999 -9999 -1 -1 -1 -1 -9999 -9999 -9999 -9999 -9999 -9999 -9999 -9999 -9999 -9999 -9999 -9999
159.857142857143 167.857142857143 175 186.142857142857 190.714285714286 191 191.285714285714 184.238095238095 167.214285714286 133.642857142857 127.357142857143 116.5 119.357142857143 112.714285714286 136.857142857143 147.285714285714 158.142857142857 166.714285714286 175.285714285714 169 148.642857142857 138.571428571429 137.5 134.071428571429 125.5 118.857142857143 97.3571428571429 92.4285714285714 -1 62.3571428571429 83.0714285714286 79.6428571428571 66.5357142857143 -9999 -9999 -9999 -9999 -1 -9999 -9999 -9999 -9999 -9999 -9999 -9999 -9999 -9999 -9999 -9999 -9999 -9999 -9999
169 172.428571428571 175.285714285714 179.714285714286 186 182 187.857142857143 172.928571428571 157.785714285714 133.642857142857 122.035714285714 112.428571428571 116.5 112.035714285714 118.5 145.678571428571 158.821428571429 153.5 153.321428571429 151.607142857143 133.589285714286 126.964285714286 120.821428571429 113.964285714286 104.678571428571 93.75 86.3928571428571 92.8571428571429 -1 -1 85.5357142857143 83.8214285714286 68.7142857142857 49.3214285714286 -9999 -9999 -9999 -9999 -9999 -9999 -9999 -9999 -9999 -9999 -9999 -9999 -9999 -9999 -9999 -9999 -9999 -9999
157.571428571429 159.857142857143 169.571428571429 173.428571428571 182.571428571429 180.285714285714 195.142857142857 193.571428571429 159.035714285714 140.285714285714 119.357142857143 106.428571428571 113.071428571429 113.071428571429 121.642857142857 148.642857142857 153.214285714286 140.857142857143 137.428571428571 140.285714285714 130.571428571429 112.142857142857 97.5 105.857142857143 104.714285714286 96.2142857142857 95.7857142857143 -9999 -9999 -1 -1 -1 -9999 -9999 -9999 -9999 -9999 -9999 -9999 -9999 -9999 -9999 -9999 -9999 -9999 -9999 -9999 -9999 -9999 -9999 -9999 -9999
152.642857142857 157 166.714285714286 169.571428571429 172.428571428571 179.285714285714 193 186.714285714286 158.571428571429 130.428571428571 123.071428571429 98.0714285714286 86.2857142857143 97.5 117.071428571429 136.857142857143 148.642857142857 140.285714285714 132.285714285714 129.857142857143 130 106.142857142857 92.9285714285714 96.2142857142857 87.4285714285714 -9999 -9999 -9999 -9999 -9999 -9999 -9999 -9999 -9999 -9999 -9999 -9999 -9999 -9999 -9999 -9999 -9999 -9999 -9999 -9999 -9999 -9999 -9999 -9999 -9999 -9999 -9999
141.214285714286 143.5 161.785714285714 147.714285714286 154.928571428571 167.142857142857 174.357142857143 178.928571428571 139.357142857143 113.357142857143 110.5 90.0714285714286 92.9285714285714 -1 97.5 129.071428571429 136.285714285714 124.928571428571 121.5 117.357142857143 102.428571428571 101.857142857143 92.3571428571429 93.1428571428571 -9999 -9999 -9999 -9999 -9999 -9999 -9999 -9999 -9999 -9999 -9999 -9999 -9999 -9999 -9999 -9999 -9999 -9999 -9999 -9999 -9999 -9999 -9999 -9999 -9999 -9999 -9999 -9999
139.5 127.714285714286 144.285714285714 144.857142857143 148.714285714286 164.857142857143 136.5 132.714285714286 -9999 115.5 96 95.2142857142857 100.714285714286 -1 101.5 105.857142857143 115.357142857143 87.2857142857143 100.357142857143 95.2142857142857 81.7142857142857 89.5 -9999 -9999 -9999 -9999 -9999 -9999 -9999 -9999 -9999 -9999 -9999 -9999 -9999 -9999 -9999 -9999 -9999 -9999 -9999 -9999 -9999 -9999 -9999 -9999 -9999 -9999 -9999 -9999 -9999 -9999
140.642857142857 132.285714285714 127.714285714286 132.142857142857 -9999 127.428571428571 -9999 -9999 -9999 109.5 96.5714285714286 -1 -1 86.8571428571429 95.7857142857143 94.6428571428571 95.2142857142857 96.3571428571429 88.3571428571429 103.571428571429 80 67.7857142857143 -9999 -9999 -9999 -9999 -9999 -9999 -9999 -9999 -9999 -9999 -9999 -9999 -9999 -9999 -9999 -9999 -9999 -9999 -9999 -9999 -9999 -9999 -9999 -9999 -9999 -9999 -9999 -9999 -9999 -9999
136.857142857143 120.5 112.357142857143 -9999 -9999 -9999 -9999 -9999 -9999 77.9285714285714 101.321428571429 -1 82.6428571428571 -9999 -9999 -9999 -9999 -9999 -9999 -9999 -9999 -9999 -9999 -9999 -9999 -9999 -9999 -9999 -9999 -9999 -9999 -9999 -9999 -9999 -9999 -9999 -9999 -9999 -9999 -9999 -9999 -9999 -9999 -9999 -9999 -9999 -9999 -9999 -9999 -9999 -9999 -9999
113.642857142857 -9999 -9999 -9999 -9999 -9999 -9999 -9999 90.6428571428571 -1 -1 -1 81.7142857142857 -9999 -9999 -9999 -9999 -9999 -9999 -9999 -9999 -9999 -9999 -9999 -9999 -9999 -9999 -9999 -9999 -9999 -9999 -9999 -9999 -9999 -9999 -9999 -9999 -9999 -9999 -9999 -9999 -9999 -9999 -9999 -9999 -9999 -9999 -9999 -9999 -9999 -9999 -9999
