data/derived/r_mean_scd.asc
NCOLS 186 
NROWS 74 
XLLCORNER 443300.206538099 
YLLCORNER 4085841.77455235 
CELLSIZE 500 
NODATA_value -9999 
[rows 44 to 65 of 74, columns 0 to 48 of 186]
3.23809523809524 4.28571428571429 4 5.71428571428571 8.57142857142857 29.7142857142857 46.2857142857143 49.1428571428571 52.5714285714286 40 32 23.4285714285714 24.8571428571429 36 32.5714285714286 25.7142857142857 20 17.7142857142857 17.1428571428571 24 26.2857142857143 32 33.7142857142857 34.2857142857143 38.8571428571429 41.7142857142857 45.1428571428571 51.4285714285714 59.4285714285714 70.2857142857143 89.1428571428571 95.4285714285714 101.142857142857 106.857142857143 109.142857142857 117.142857142857 128 133.714285714286 155.142857142857 168.571428571429 173.714285714286 178.857142857143 182.857142857143 187.428571428571 189.714285714286 198.857142857143 198.285714285714 201.714285714286 201.714285714286
-9999 2.28571428571429 3.14285714285714 5.42857142857143 7.14285714285714 14.2857142857143 24.2857142857143 27.4285714285714 29.1428571428571 30.2857142857143 31.1428571428571 32.5714285714286 33.1428571428571 37.7142857142857 48.5714285714286 37.1428571428571 28 22.2857142857143 17.1428571428571 19.4285714285714 25.1428571428571 29.7142857142857 28.5714285714286 27.4285714285714 30.2857142857143 32 40.2857142857143 56.5714285714286 62.2857142857143 70.2857142857143 76 76.5714285714286 78.2857142857143 85.1428571428571 104 126.857142857143 141.142857142857 145.714285714286 154.285714285714 170 181.714285714286 185.142857142857 186.857142857143 191.428571428571 198.285714285714 202.857142857143 200 197.714285714286 197.714285714286
-9999 -9999 2.28571428571429 5.14285714285714 6.28571428571429 6.28571428571429 7.42857142857143 10.8571428571429 12.5714285714286 11.4285714285714 11.4285714285714 14.8571428571429 25.1428571428571 28 30.8571428571429 26.8571428571429 20.5714285714286 20.8571428571429 17.4285714285714 14.2857142857143 16.2857142857143 16.8571428571429 17.7142857142857 20.8571428571429 21.7142857142857 23.4285714285714 33.3333333333333 38.2857142857143 51.4285714285714 53.7142857142857 56 62.2857142857143 70.8571428571429 86.8571428571429 112 136 145.714285714286 155.428571428571 164.571428571429 175.142857142857 185.714285714286 193.142857142857 196.571428571429 197.714285714286 199.428571428571 198.285714285714 196 192 194.285714285714
-9999 -9999 -9999 2.28571428571429 3.42857142857143 5.71428571428571 5.71428571428571 4.57142857142857 4.57142857142857 4.57142857142857 5.14285714285714 8 8.57142857142857 14.2857142857143 20 18.2857142857143 16.5714285714286 14.8571428571429 13.1428571428571 8 8 10.8571428571429 13.7142857142857 16 17.7142857142857 18.8571428571429 26.2857142857143 33.7142857142857 46 51.1428571428571 62.5714285714286 79.7142857142857 101.714285714286 118.571428571429 129.714285714286 146.857142857143 157.428571428571 167.428571428571 176 183.142857142857 190.571428571429 196.285714285714 196.285714285714 193.142857142857 187.714285714286 190.857142857143 188 183.428571428571 184
-9999 -9999 -9999 -9999 -9999 2.85714285714286 4.57142857142857 4.57142857142857 3.42857142857143 4 4 3.42857142857143 4 6.85714285714286 14.2857142857143 18.2857142857143 17.1428571428571 13.7142857142857 12 9.71428571428571 8.57142857142857 16 18.2857142857143 20.5714285714286 22.8571428571429 32.5714285714286 42.8571428571429 55.7142857142857 74.2857142857143 84.5714285714286 96 110.285714285714 125.714285714286 140.571428571429 149.714285714286 162.857142857143 167.428571428571 178.857142857143 186.857142857143 191.428571428571 192 189.142857142857 188 185.714285714286 170.857142857143 170.857142857143 161.428571428571 156 152.285714285714
-9999 -9999 -9999 -9999 -9999 -9999 2.85714285714286 2.85714285714286 2.85714285714286 2.85714285714286 -9999 2.85714285714286 3.42857142857143 4 6.85714285714286 11.7142857142857 13.7142857142857 12.5714285714286 12.5714285714286 12 16 20.5714285714286 21.7142857142857 26.2857142857143 26.8571428571429 37.1428571428571 46.2857142857143 58.8571428571429 82.2857142857143 106.285714285714 118.285714285714 130.857142857143 140.571428571429 150.285714285714 162.285714285714 168 174.285714285714 185.142857142857 190.285714285714 190.857142857143 189.714285714286 189.142857142857 185.142857142857 180.571428571429 159.428571428571 144.571428571429 125.142857142857 115.428571428571 116
-9999 -9999 -9999 -9999 -9999 2.28571428571429 -9999 -9999 -9999 -9999 -9999 -9999 -9999 2.28571428571429 4 7.71428571428571 9.71428571428571 10.8571428571429 11.4285714285714 14.8571428571429 18.2857142857143 25.7142857142857 28.5714285714286 29.1428571428571 31.4285714285714 42.2857142857143 53.1428571428571 64 94.2857142857143 121.714285714286 129.142857142857 142.285714285714 150.857142857143 157.142857142857 165.142857142857 173.142857142857 184.571428571429 186.285714285714 183.428571428571 185.142857142857 186.285714285714 185.714285714286 184 174.857142857143 158.857142857143 141.714285714286 114.857142857143 101.714285714286 97.7142857142857
-9999 -9999 -9999 -9999 -9999 1.71428571428571 2.28571428571429 -9999 -9999 -9999 -9999 -9999 -9999 -9999 2.85714285714286 2.85714285714286 4.57142857142857 6.85714285714286 8.57142857142857 13.1428571428571 16.5714285714286 22.8571428571429 29.7142857142857 35.4285714285714 44 50.2857142857143 57.1428571428571 69.7142857142857 84.5714285714286 112.857142857143 131.428571428571 146.285714285714 156 163.428571428571 172 180.571428571429 188 186.285714285714 182.857142857143 184 184.571428571429 184.571428571429 181.428571428571 172.571428571429 157.714285714286 137.142857142857 106.857142857143 87.4285714285714 82.2857142857143
-9999 -9999 -9999 1.71428571428571 2.28571428571429 2.85714285714286 -9999 -9999 -9999 -9999 -9999 -9999 -9999 -9999 2.28571428571429 2.28571428571429 2.57142857142857 2.28571428571429 4 6.28571428571429 13.7142857142857 24.5714285714286 32 38.8571428571429 48 54.8571428571429 64 69.7142857142857 73.7142857142857 92.2857142857143 112 129.142857142857 148 162.285714285714 170.857142857143 180.571428571429 182.857142857143 180.571428571429 179.428571428571 181.714285714286 182.857142857143 180 178.285714285714 167.428571428571 151.428571428571 130.857142857143 104 79.4285714285714 69.7142857142857
-9999 -9999 -9999 -9999 2.28571428571429 1.71428571428571 -9999 -9999 -9999 -9999 -9999 -9999 -9999 -9999 -9999 -9999 2.85714285714286 4 12 33.7142857142857 37.7142857142857 37.7142857142857 38.8571428571429 45.1428571428571 48 53.7142857142857 58.2857142857143 64.5714285714286 62.8571428571429 69.7142857142857 89.1428571428571 117.714285714286 134.857142857143 152 164 170.285714285714 174.285714285714 175.428571428571 177.142857142857 180 181.142857142857 175.428571428571 173.142857142857 168 151.428571428571 132.571428571429 101.142857142857 76.5714285714286 60.5714285714286
-9999 -9999 -9999 -9999 1.71428571428571 2.28571428571429 -9999 -9999 -9999 -9999 -9999 -9999 -9999 -9999 -9999 -9999 3.42857142857143 10 32.5714285714286 57.7142857142857 53.1428571428571 46.8571428571429 42.8571428571429 46.8571428571429 44.5714285714286 40.5714285714286 40 45.7142857142857 51.4285714285714 61.7142857142857 80 113.142857142857 130.857142857143 144 151.428571428571 152.571428571429 158.285714285714 164 169.714285714286 174.285714285714 177.142857142857 170.857142857143 166.857142857143 162.571428571429 154.285714285714 137.714285714286 117.142857142857 91.4285714285714 63.4285714285714
-9999 -9999 -9999 -9999 -9999 2.85714285714286 -9999 -9999 -9999 -9999 -9999 -9999 -9999 -9999 -9999 -9999 2.85714285714286 6.57142857142857 24 33.7142857142857 34.8571428571429 33.1428571428571 31.4285714285714 29.1428571428571 27.4285714285714 27.4285714285714 30.8571428571429 42.2857142857143 64 74.2857142857143 102.571428571429 126.285714285714 134.285714285714 144 140.571428571429 137.714285714286 142.285714285714 154.857142857143 161.142857142857 165.142857142857 166.285714285714 158.285714285714 152.571428571429 150.571428571429 149.714285714286 138.857142857143 125.142857142857 105.714285714286 72
-9999 -9999 -9999 -9999 -9999 -9999 -9999 -9999 -9999 -9999 -9999 -9999 -9999 -9999 -9999 -9999 1.71428571428571 1.14285714285714 10 21.1428571428571 20 21.7142857142857 17.1428571428571 19.4285714285714 20 22.8571428571429 34.2857142857143 50.8571428571429 74.8571428571429 92 106.857142857143 128.571428571429 134.285714285714 129.142857142857 124 125.142857142857 133.142857142857 145.714285714286 154.857142857143 159.428571428571 154.857142857143 149.142857142857 145.142857142857 136.571428571429 137.714285714286 134.857142857143 130.285714285714 112.571428571429 81.7142857142857
-9999 -9999 -9999 -9999 -9999 -9999 -9999 -9999 -9999 -9999 -9999 -9999 -9999 -9999 -9999 -9999 -9999 0.571428571428571 3.71428571428571 9.14285714285714 10.2857142857143 9.71428571428571 9.71428571428571 13.7142857142857 18.8571428571429 28.5714285714286 39.4285714285714 59.4285714285714 79.4285714285714 99.4285714285714 109.142857142857 122.857142857143 122.285714285714 109.714285714286 104 110.285714285714 124.571428571429 135.428571428571 144.571428571429 146.857142857143 141.142857142857 132.571428571429 132.571428571429 129.714285714286 128.857142857143 127.428571428571 129.142857142857 111.428571428571 86.2857142857143
-9999 -9999 -9999 -9999 -9999 -9999 -9999 -9999 -9999 -9999 -9999 -9999 -9999 -9999 -9999 -9999 -9999 -9999 2.28571428571429 2.66666666666667 5.14285714285714 6.57142857142857 8.28571428571429 15.4285714285714 24.8571428571429 29.1428571428571 45.7142857142857 68 81.7142857142857 97.1428571428571 106.857142857143 114.285714285714 104.571428571429 92 86.8571428571429 94.8571428571429 110.285714285714 120 122.857142857143 128.571428571429 126.285714285714 123.428571428571 123.428571428571 119.428571428571 118.857142857143 116.857142857143 111.428571428571 89.1428571428571 69.7142857142857
-9999 -9999 -9999 -9999 -9999 -9999 -9999 -9999 -9999 -9999 -9999 -9999 -9999 -9999 -9999 -9999 -9999 -9999 -9999 3.42857142857143 8 12 13.1428571428571 18.8571428571429 26.2857142857143 37.4285714285714 54.5714285714286 76.5714285714286 91.7142857142857 99.7142857142857 102.857142857143 99.1428571428571 84.4285714285714 69.1428571428571 74.8571428571429 84.5714285714286 96.5714285714286 102 104.857142857143 103.428571428571 100.285714285714 107.428571428571 108 109.714285714286 109.142857142857 104.857142857143 85.7142857142857 61.7142857142857 44.5714285714286
-9999 -9999 -9999 -9999 -9999 -9999 -9999 -9999 -9999 -9999 -9999 -9999 -9999 -9999 -9999 -9999 -9999 -9999 -9999 3.42857142857143 6 9.14285714285714 12.5714285714286 18.8571428571429 26.2857142857143 37.1428571428571 47.4285714285714 67.4285714285714 82.2857142857143 88.5714285714286 91.4285714285714 81.7142857142857 69.7142857142857 55.4285714285714 67.4285714285714 81.1428571428571 87.4285714285714 89.7142857142857 91.4285714285714 90.8571428571429 80.5714285714286 84 89.4285714285714 97.1428571428571 99.4285714285714 91.0476190476191 60.7619047619048 35.7142857142857 26
-9999 -9999 -9999 -9999 -9999 -9999 -9999 -9999 -9999 -9999 -9999 -9999 -9999 -9999 -9999 -9999 -9999 -9999 -9999 2.85714285714286 7.14285714285714 11.4285714285714 12 19.4285714285714 24.5714285714286 34.8571428571429 47.4285714285714 55.4285714285714 72.5714285714286 76.5714285714286 74.2857142857143 68.5714285714286 56 48.8571428571429 64 74.8571428571429 79.4285714285714 83.4285714285714 80 79.4285714285714 66.2857142857143 65.1428571428571 72.5714285714286 80 80.5714285714286 66.8571428571429 41.1428571428571 20.5714285714286 14.8571428571429
-9999 -9999 -9999 -9999 -9999 -9999 -9999 -9999 -9999 -9999 -9999 -9999 -9999 -9999 -9999 -9999 -9999 -9999 -9999 2.85714285714286 4 8.28571428571428 12 19.4285714285714 22.8571428571429 29.1428571428571 38.2857142857143 46.2857142857143 60.5714285714286 67.4285714285714 60.5714285714286 54.2857142857143 44.5714285714286 40.5714285714286 50.8571428571429 64.5714285714286 66.8571428571429 67.4285714285714 64 60.5714285714286 49.7142857142857 48 56.5714285714286 68.5714285714286 66.8571428571429 50.2857142857143 35.4285714285714 22.5714285714286 14.2857142857143
-9999 -9999 -9999 -9999 -9999 -9999 -9999 -9999 -9999 -9999 -9999 -9999 -9999 -9999 -9999 -9999 -9999 -9999 -9999 2.85714285714286 5.14285714285714 6.85714285714286 10.8571428571429 13.1428571428571 14.2857142857143 19.4285714285714 30.2857142857143 37.7142857142857 49.7142857142857 54.2857142857143 48.5714285714286 36 28.5714285714286 28.5714285714286 42.5714285714286 52 52.5714285714286 50.2857142857143 45.7142857142857 39.4285714285714 30.2857142857143 33.1428571428571 38.2857142857143 43.4285714285714 40.5714285714286 34.8571428571429 26.2857142857143 17.1428571428571 11.4285714285714
-9999 -9999 -9999 -9999 -9999 -9999 -9999 -9999 -9999 -9999 -9999 -9999 -9999 -9999 -9999 -9999 -9999 -9999 2.28571428571429 2.28571428571429 2.85714285714286 6 9.14285714285714 9.71428571428571 10.2857142857143 14.2857142857143 23.4285714285714 32 37.1428571428571 35.4285714285714 28 24 20 24.5714285714286 34 40.5714285714286 39.4285714285714 37.7142857142857 29.7142857142857 24 22.8571428571429 26.2857142857143 28.5714285714286 34.8571428571429 32.5714285714286 26.8571428571429 21.7142857142857 13.4285714285714 9.71428571428571
-9999 -9999 -9999 -9999 -9999 -9999 -9999 -9999 -9999 -9999 -9999 -9999 -9999 -9999 -9999 -9999 -9999 -9999 2.85714285714286 2.85714285714286 2.85714285714286 5.14285714285714 6.28571428571429 7.42857142857143 8.57142857142857 13.1428571428571 16 19.4285714285714 25.7142857142857 20.5714285714286 -9999 -9999 17.1428571428571 22.8571428571429 24.5714285714286 28.8571428571429 28 25.7142857142857 21.7142857142857 17.1428571428571 20 21.1428571428571 23.4285714285714 28.5714285714286 28 24 19.4285714285714 15.4285714285714 8
