data/derived/r_mean_pre.asc
NCOLS 191 
NROWS 93 
XLLCORNER 442474.332677425 
YLLCORNER 4080120.41147431 
CELLSIZE 500 
NODATA_value -9999 
[rows 23 to 45 of 93, columns 51 to 101 of 191]
-9999 -9999 -9999 -9999 -9999 -9999 -9999 -9999 -9999 -9999 -9999 -9999 -9999 767.684666666667 754.234666666667 718.244666666667 662.194666666667 608.855333333333 598.591333333333 540.894 564.828 546.731333333333 588.396 561.25 521.773 456.858 449.185333333333 438.156 406.86 430.482 436.776 409.71 390.139333333333 400.816 -9999 -9999 -9999 -9999 -9999 -9999 -9999 -9999 -9999 -9999 -9999 -9999 -9999 -9999 -9999 -9999 -9999
-9999 -9999 -9999 -9999 -9999 -9999 -9999 -9999 -9999 -9999 -9999 -9999 -9999 780.687333333333 737.288 694.876666666667 662.932666666667 651.695333333333 583.541333333333 565.666666666667 584.781333333333 584.589333333333 603.316 599.52 512.153666666667 492.201333333333 476.713333333333 472.858 454.694666666667 470.14 450.317333333333 422.268666666667 415.261333333333 -9999 -9999 -9999 377.685333333333 377.328333333333 -9999 -9999 -9999 -9999 -9999 -9999 -9999 -9999 -9999 -9999 -9999 -9999 -9999
-9999 -9999 -9999 -9999 -9999 -9999 -9999 -9999 -9999 -9999 -9999 -9999 757.612333333333 770.24 751.206666666667 702.597333333333 698.753333333333 636.876 599.602 582.774 608.136666666667 617.430666666667 622.699333333333 561.679333333333 515.237333333333 517.925333333333 522.552 493.51 491.314666666667 481.877333333333 459.217333333333 439.698 410.609333333333 -9999 372.539333333333 381.351333333333 389.224 400.444 382.972 -9999 -9999 -9999 -9999 -9999 -9999 -9999 -9999 -9999 366.341333333333 366.008666666667 -9999
-9999 -9999 -9999 -9999 -9999 -9999 -9999 687.427333333333 708.674666666667 -9999 -9999 770.398333333333 715.241166666667 722.396 719.268333333333 729.127666666667 683.308333333333 645.142333333333 626.039666666667 621.748666666667 638.031333333333 649.155333333333 633.224333333333 577.549 560.28 559.023333333333 536.721 510.897 490.466 466.025333333333 458.681333333333 439.618 409.338 399.424 397.095333333333 407.938 413.180666666667 410.05 401.35 -9999 -9999 -9999 -9999 394.362 415.763333333333 -9999 -9999 -9999 382.720666666667 -9999 -9999
-9999 -9999 -9999 -9999 -9999 -9999 -9999 720.192 757.192 742.67 721.153333333333 710.949333333333 649.93 648.759333333333 665.892666666667 703.222 711.167333333333 693.228 686.424 665.214 679.966 688.784 644.398 625.986666666667 601.843333333333 577.148666666667 534.477 489.598666666667 475.009666666667 459.702 438.112666666667 428.788333333333 409.484666666667 399.272 426.161333333333 441.546333333333 431.702333333333 405.491 406.114 401.309777777778 397.266666666667 400.265333333333 411.095333333333 411.407333333333 420.293333333333 452.388666666667 -9999 409.872666666667 392.287 -9999 380.384666666667
-9999 -9999 -9999 -9999 -9999 -9999 -9999 -9999 781.372 790.913333333333 765.240666666667 767.06 685.454666666667 661.564 662.409333333333 672.798666666667 683.391333333333 702.666 717.965333333333 707.541333333333 712.939333333333 720.094 676.3 642.398 608.304 564.823333333333 535.550333333333 506.294 484.834 445.045333333333 437.988666666667 446.003333333333 408.102666666667 430.087333333333 460.522 444.998 428.112 414.221333333333 433.134 425.575666666667 416.871333333333 419.446666666667 427.235333333333 455.725333333333 464.869333333333 455.237333333333 423.682666666667 408.347333333333 -9999 -9999 408.958
-9999 -9999 -9999 -9999 -9999 -9999 -9999 -9999 801.408666666667 825.065333333333 800.498 731.330666666667 721.19 698.662666666667 699.243333333333 663.434666666667 709.497333333333 728.428 743.404666666667 746.384 746.212 727.981333333333 681.530666666667 645.541333333333 605.356666666667 574.844666666667 539.359333333333 493.703 452.100666666667 459.958666666667 469.798666666667 431.736 440.768666666667 457.948666666667 495.031333333333 465.981333333333 428.051333333333 424.582 446.115333333333 456.134 425.455666666667 459.401333333333 440.36 445.432666666667 484.700666666667 457.723333333333 432.295333333333 402.47 -9999 408.322666666667 -9999
-9999 -9999 -9999 -9999 -9999 -9999 -9999 -9999 -9999 799.204666666667 756.669333333333 724.791333333333 746.501333333333 761.087333333333 719.532666666667 663.57 665.780666666667 715.37 743.992666666667 768.318 770.21 737.714666666667 689.853333333333 663.776 628.302 586.703333333333 566.74 507.136333333333 499.366 492.939333333333 470.218 431.1 474.042 502.275333333333 491.832666666667 464.933333333333 444.747333333333 452.790666666667 473.509333333333 481.856666666667 445.941 475.338 474.824 485.270666666667 486.71 450.920666666667 419.13 -9999 423.932666666667 424.934666666667 413.403333333333
-9999 -9999 -9999 -9999 -9999 -9999 -9999 -9999 -9999 790.5 762.706 743.294 768.531333333333 786.36 718.386 689.276 703.184666666667 722.73 760.666 787.438 775.523333333333 738.405333333333 700.228 649.529333333333 631.226 598.485333333333 557.576 520.841333333333 530.521333333333 511.128666666667 476.19 443.149333333333 495.400666666667 516.220666666667 520.9 495.843333333333 452.948666666667 463.312 486.622 502.941333333333 454.766666666667 484.771333333333 514.856666666667 517.968666666667 502.863333333333 465.371333333333 423.132 436.931333333333 449.206 438.886 437.892666666667
-9999 -9999 -9999 741.390666666667 792.289333333333 826.536666666667 837.016 -9999 -9999 805.028 793.18 788.150666666667 795.799333333333 812.544 743.495333333333 724.846666666667 727.674 759.522666666667 781.393333333333 806.066 785.708666666667 740.91 701.854 640.328 613.065333333333 588.507333333333 547.317333333333 531.673333333333 541.208 513.818 467.362666666667 454.294 494.765333333333 535.747333333333 544.246 512.962666666667 467.164 478.338666666667 498.344666666667 513.908 470.203333333333 490.861333333333 541.027333333333 535.073333333333 493.359333333333 449.632 445.318666666667 468.317333333333 473.977333333333 454.925333333333 445.807333333333
-9999 -9999 640.658666666667 691.468666666667 740.059333333333 779.294666666667 806.973333333333 770.442666666667 774.233333333333 763.552 800.956 809.956 815.979333333333 774.066 777.132 745.817666666667 768.662666666667 804.842 826.823333333333 837.510666666667 788.012666666667 732.330666666667 689.858 651.958 597.564666666667 571.074666666667 580.906666666667 576.961333333333 544.162333333333 486.748 505.200666666667 476.158 504.487333333333 559.499333333333 563.479333333333 525.819333333333 463.248666666667 493.682 519.152 530.869333333333 482.521333333333 504.806 558.080666666667 534.74 499.146666666667 465.474666666667 469.198 474.612 493.490666666667 487.531333333333 454.393333333333
570.56 613.96 578.5 649.614 693.716 722.108666666667 746.221333333333 699.594 705.436 722.493333333333 756.521333333333 771.196 807.58 798.757333333333 803.609333333333 781.296 772.550333333333 825.596 867.414666666667 869.296 826.557333333333 769.182666666667 714.750666666667 679.553333333333 616.393333333333 608.105333333333 621.666 600.331333333333 571.026 523.281 486.056666666667 489.209333333333 518.951333333333 569.731333333333 586.416 531.416666666667 490.916666666667 518.559333333333 540.145333333333 528.579333333333 483.63 519.54 563.626666666667 533.440666666667 500.795333333333 529.446 487.686666666667 500.356666666667 517.372 507.875333333333 476.36
622.017333333333 665.824 649.986 695.822666666667 709.049333333333 729.679333333333 700.862 713.726 728.726 740.782 758.321333333333 805.214 842.708666666667 908.072 837.86 813.786 811.562333333333 855.834 893.732666666667 913.807333333333 869.231333333333 823.393333333333 774.118 693.086666666667 679.196666666667 658.448 640.848 601.360666666667 560.549333333333 535.762 526.422666666667 527.072 552.304 601.140666666667 582.700666666667 525.134 530.632 551.531333333333 558.165333333333 527.623333333333 488.674666666667 525.122 580.234666666667 551.834 505.724666666667 545.566666666667 520.993333333333 538.131333333333 533.115333333333 504.339333333333 465.858666666667
739.596666666667 743.921333333333 697.809333333333 636.309333333333 737.232666666667 712.320666666667 735.441333333333 758.320666666667 767.607333333333 788.344666666667 791.968666666667 798.973333333333 857.873333333333 909.99 946.082 839.118666666667 828.398 858.269333333333 925.192 895.156 842.138666666667 801.856 762.675333333333 751.004666666667 731.877333333333 713.804 655.544666666667 609.534666666667 586.415333333333 551.240333333333 537.194 575.349333333333 588.218666666667 623.158666666667 578.445333333333 521.977333333333 558.04 579.347333333333 583.987333333333 534.1 538.218666666667 532.073333333333 584.657666666667 577.794666666667 543.506 567.060666666667 564.972666666667 548.659333333333 511.932666666667 491.756666666667 465.521333333333
795.556666666667 772.208 721.098 649.724666666667 702.011666666667 752.563333333333 777.764 793.420666666667 811.294 820.660666666667 828.966 803.172 828.544666666667 885.301333333333 939.262666666667 960.315333333333 901.13 905.580666666667 924.317333333333 888.484 875.175333333333 849.743333333333 830.984 801.175333333333 767.462666666667 731.031333333333 670.731333333333 642.55 594.317333333333 580.739333333333 583.595 579.884666666667 622.624666666667 629.87 586.469333333333 568.303333333333 595.491333333333 610.112 596.527333333333 563.221333333333 564.286 543.160666666667 577.096 589.118666666667 576.608666666667 598.430666666667 575.638 526.912666666667 500.524666666667 490.397333333333 507.862
853.701 800.102333333333 752.095 665.705666666667 648.327111111111 696.263555555556 779.015 826.04 855.115333333333 881.14 898.950333333333 887.954333333333 900.200333333333 886.431 934.079666666667 1001.861 988.804 913.661333333333 909.780666666667 914.495666666667 889.992 883.345333333333 853.411333333333 817.218666666667 784.301333333333 751.287333333333 716.346 650.841333333333 620.755333333333 632.216666666667 614.711 631.935333333333 658.206 665.452666666667 618.800666666667 609.249333333333 623.848 635.204 608.498 591.473333333333 593.184 561.55 600.028666666667 630.506 606.015333333333 578.926 561.870666666667 546.606666666667 545.512666666667 535.565333333333 550.396
876.968 815.86 755.592 641.386 691.914666666667 669.742 720.493333333333 783.562 848.592666666667 908.769333333333 954.642 975.34 1006.32866666667 976.102 953.030666666667 1011.62133333333 970.169333333333 939.054666666667 930.577666666667 943.168666666667 898.049 865.345666666667 852.599333333333 841.6 825.249333333333 787.413666666667 749.366333333333 711.135333333333 680.963333333333 678.581333333333 661.180333333333 692.516666666667 706.633 695.027 667.070333333333 674.252 683.513 687.839 656.989333333333 653.064666666667 642.763666666667 623.160333333333 612.074666666667 659.657333333333 657.789833333333 635.269666666667 623.296333333333 608.059333333333 597.900333333333 596.946 603.875333333333
903.99 827.892666666667 756.044 683.545333333333 748.704 680.33 713.545 805.797333333333 857.19 895.628 954.154 972.274 984.778666666667 1011.12133333333 989.533333333333 966.870666666667 945.524 910.189333333333 932.927333333333 956.738333333333 891.753333333333 875.956666666667 828.246666666667 834.170666666667 868.36 830.86 803.932666666667 784.946666666667 764.339333333333 735.553333333333 730.445333333333 734.968 754.73 724.658666666667 721.568666666667 736.025333333333 743.758666666667 736.086666666667 715.639333333333 706.156 709.738 706.383333333333 692.161333333333 707.584 733.888666666667 709.649666666667 673.888666666667 688.043333333333 693.144 666.996666666667 647.579333333333
886.627333333333 825.628666666667 735.156 743.346 791.521333333333 724.662666666667 671.271666666667 776.899333333333 812.586666666667 879.026 902.832666666667 931.931333333333 964.653333333333 1009.614 966.314 930.327333333333 895.430666666667 879.260666666667 934.73 972.184333333333 883.261333333333 842.898666666667 830.689333333333 827.650666666667 863.884 855.738666666667 858.314 848.615333333333 831.129333333333 804.534 806.078 811.847333333333 803.040333333333 782.356 772.303333333333 774.572 791.338666666667 777.358 762.402666666667 748.213333333333 739.735333333333 748.343333333333 759.206 753.676666666667 787.428666666667 728.726333333333 664.545333333333 671.124666666667 697.910666666667 717.721333333333 708.036666666667
883.854 798.116 786.462666666667 800.219333333333 812.8 752.312 685.812666666667 755.121333333333 834.768 839.083333333333 870.175333333333 910.068 943.439333333333 993.706666666667 960.94 925.205333333333 887.100666666667 873.881333333333 923.615333333333 954.884333333333 910.124 880.584666666667 835.19 833.042666666667 871.213333333333 842.921333333333 847.968 849.282 869.368666666667 892.887333333333 891.105333333333 857.663333333333 823.581 782.269333333333 769.686 795.635333333333 780.775333333333 772.318 752.106 728.85 715.414666666667 725.962 751.626 786.621333333333 757.233333333333 719.773666666667 659.367333333333 648.280666666667 683.429333333333 710.377333333333 751.347333333333
912.381333333333 786.669333333333 843.517333333333 856.24 846.744666666667 786.058 698.036 728.971333333333 753.618 815.896 851.765333333333 893.055333333333 936.672 960.512 933.35 911.75 866.287333333333 865.078 895.964 921.514666666667 905.631 875.192666666667 823.215333333333 839.895333333333 876.894 857.013333333333 860.014666666667 885.368666666667 895.765333333333 885.319333333333 882.727333333333 877.396666666667 843.329333333333 773.564666666667 751.334666666667 780.588 768.098 750.715333333333 738.825333333333 712.661333333333 683.342 702.164666666667 730.212666666667 767.072 734.532 719.781333333333 665.638333333333 613.629333333333 671.44 701.796666666667 733.448666666667
898.44 814.296666666667 869.676666666667 901.244666666667 852.926 796.651333333333 705.781333333333 767.263333333333 776.260666666667 794.186666666667 844.882666666667 896.456 966.099333333333 972.728 918.986666666667 889.093333333333 843.93 839.525333333333 874.927333333333 882.922666666667 860.563666666667 835.482666666667 809.231333333333 801.944666666667 856.791333333333 842.32 868.42 893.776 891.767333333333 872.288666666667 874.922666666667 861.270666666667 822.378 793.460666666667 791.452 777.106 761.358666666667 716.610666666667 708.339333333333 695.859333333333 661.638 689.491333333333 727.83 766.282666666667 738.85 684.552666666667 645.669333333333 599.993333333333 652.078666666667 676.792666666667 699.480666666667
888.871333333333 858.833333333333 918.079333333333 915.699333333333 836.076666666667 751.078 770.895333333333 774.678666666667 811.429666666667 837.1 869.792 921.487333333333 1001.90466666667 979.527333333333 967.716666666667 946.230666666667 859.555333333333 795.126666666667 820.146 840.525333333333 808.288666666667 785.002 755.258 807.170666666667 834.702666666667 849.326 880.432 884.266 862.502666666667 878.45 860.621333333333 828.200666666667 819.498666666667 808.676666666667 783.606 829.632 802.096 765.476 751.190666666667 728.263333333333 700.134666666667 682.974666666667 725.977333333333 745.317333333333 732.972666666667 678.852 650.644666666667 605.459666666667 622.9 622.658 669.106666666667
