data/derived/r_mean_scmd_1250.asc
NCOLS 186 
NROWS 74 
XLLCORNER 443300.206538099 
YLLCORNER 4085841.77455235 
CELLSIZE 500 
NODATA_value -9999 
[rows 23 to 45 of 74, columns 52 to 103 of 186]
-9999 -9999 -9999 -9999 -9999 -9999 186.714285714286 186.142857142857 183.285714285714 194.714285714286 197.571428571429 190.714285714286 188.428571428571 186.714285714286 201 206.714285714286 214.714285714286 212.428571428571 228.428571428571 227.285714285714 225.571428571429 219.285714285714 213.571428571429 215.857142857143 203.285714285714 214.142857142857 185 207.285714285714 183.857142857143 165.571428571429 167.285714285714 169 175.285714285714 163.857142857143 161.571428571429 166.142857142857 164.428571428571 162.142857142857 165.571428571429 162.142857142857 158.142857142857 161.571428571429 149.678571428571 143.5 -9999 138.357142857143 133.428571428571 141.428571428571 -9999 124.857142857143 125.428571428571 123.714285714286
-9999 160.642857142857 196.428571428571 197.428571428571 192.285714285714 -9999 200.714285714286 202.142857142857 196.142857142857 191 193.571428571429 205 198.714285714286 202.142857142857 213.285714285714 218.142857142857 218.904761904762 217.761904761905 220.142857142857 217.571428571429 216.142857142857 204.714285714286 194.142857142857 196.428571428571 205.785714285714 201.285714285714 209.857142857143 191.571428571429 194.142857142857 181.761904761905 171.428571428571 169.571428571429 171.857142857143 163.857142857143 159.285714285714 165.571428571429 168.428571428571 173.571428571429 172.428571428571 167.285714285714 166.142857142857 174.714285714286 155.678571428571 149.214285714286 153.571428571429 148.428571428571 140.642857142857 148.071428571429 149.071428571429 138.928571428571 138.928571428571 141.785714285714
119.928571428571 146.214285714286 185.642857142857 194.571428571429 193.428571428571 199.857142857143 203.285714285714 214.714285714286 207.285714285714 198.142857142857 211.857142857143 217.571428571429 217.571428571429 218.714285714286 217 214.714285714286 219.857142857143 218.428571428571 215.285714285714 210.714285714286 202.714285714286 201.571428571429 186.142857142857 199.857142857143 210.142857142857 198.142857142857 201.571428571429 195.285714285714 197.571428571429 166.714285714286 178.928571428571 174.357142857143 177.5 183.785714285714 186.428571428571 180.714285714286 178.714285714286 173.285714285714 170.714285714286 175.285714285714 177 177.857142857143 174.142857142857 164.285714285714 160.142857142857 166.428571428571 163.857142857143 165.857142857143 158.428571428571 158.714285714286 159.857142857143 161
146.357142857143 149.428571428571 175.928571428571 186 186.571428571429 191.785714285714 205 213 210.142857142857 211.285714285714 214.142857142857 217 221.571428571429 223.857142857143 225.571428571429 222.142857142857 221 221.571428571429 218.142857142857 210.714285714286 202.714285714286 192.428571428571 187.857142857143 213 212.428571428571 210.142857142857 205 201.571428571429 188.428571428571 171.142857142857 169.428571428571 177.285714285714 173.428571428571 179.857142857143 191.285714285714 195.857142857143 180.428571428571 174.714285714286 169 184.428571428571 181 174.142857142857 186.142857142857 179.285714285714 173.571428571429 171.857142857143 170.142857142857 178.142857142857 163.857142857143 163.285714285714 181.571428571429 181.571428571429
153.785714285714 174.142857142857 165 179.142857142857 173.642857142857 186.428571428571 203.857142857143 198.714285714286 213 215.285714285714 215.285714285714 219.285714285714 222.714285714286 224.428571428571 229 227.285714285714 226.714285714286 224.428571428571 223 216.428571428571 209 194.142857142857 189.571428571429 188.428571428571 197.571428571429 208.428571428571 203.285714285714 211.857142857143 186.142857142857 190.142857142857 175.857142857143 179.571428571429 176.428571428571 172.285714285714 196.857142857143 200.285714285714 181 189.428571428571 176.857142857143 176.857142857143 179.714285714286 170.571428571429 178.714285714286 190.714285714286 184.714285714286 173 171.857142857143 179.857142857143 158.714285714286 168.428571428571 183.285714285714 206.142857142857
169.571428571429 173.571428571429 174.714285714286 191.285714285714 203.142857142857 203.571428571429 200.428571428571 207.285714285714 210.714285714286 217 219.285714285714 222.142857142857 226.714285714286 227.285714285714 231.285714285714 234.142857142857 230.142857142857 226.714285714286 214.142857142857 204.428571428571 197 195.285714285714 191.857142857143 188.428571428571 186.142857142857 186.142857142857 189.571428571429 182.714285714286 194.142857142857 208.428571428571 192.428571428571 183.857142857143 177 183.714285714286 189.428571428571 185.428571428571 181.428571428571 180.285714285714 189.428571428571 178.571428571429 176.428571428571 196.857142857143 181 184.428571428571 200.428571428571 187.285714285714 174.142857142857 164.428571428571 176.428571428571 170.714285714286 187.857142857143 205
150.714285714286 157.571428571429 182.714285714286 186.571428571429 213 205.571428571429 215.571428571429 211.285714285714 210.142857142857 217.571428571429 215.857142857143 218.714285714286 226.714285714286 229.571428571429 227.285714285714 234.142857142857 233.571428571429 226.714285714286 217.571428571429 213 209.571428571429 205 202.714285714286 198.142857142857 187.857142857143 187.285714285714 185 188.428571428571 186.714285714286 187.285714285714 185 187.857142857143 187.214285714286 201 198.714285714286 189 188.857142857143 179.714285714286 179.142857142857 190.714285714286 191.857142857143 192.428571428571 196.428571428571 196.428571428571 199.285714285714 192.714285714286 175.857142857143 163.857142857143 165 185 186.714285714286 205.571428571429
158.142857142857 148.428571428571 173.571428571429 181.571428571429 217 210.714285714286 213.857142857143 211.285714285714 215.857142857143 219.857142857143 218.142857142857 223.285714285714 226.142857142857 229 230.714285714286 228.428571428571 225.571428571429 227.285714285714 223.857142857143 215.571428571429 210.714285714286 209.571428571429 206.714285714286 199.857142857143 190.142857142857 185.571428571429 186.714285714286 187.285714285714 186.714285714286 188.428571428571 193.571428571429 191.285714285714 191.571428571429 203.285714285714 203.857142857143 189 187.714285714286 199.285714285714 183.285714285714 186.142857142857 197.571428571429 195.857142857143 199.857142857143 211.285714285714 198.714285714286 203.285714285714 189 193.571428571429 175.285714285714 179.857142857143 195.857142857143 194.714285714286
156.428571428571 155.857142857143 170 175.714285714286 210.714285714286 207.857142857143 206.714285714286 214.714285714286 222.714285714286 224.428571428571 232.428571428571 227.857142857143 230.142857142857 233 230.142857142857 231.857142857143 226.142857142857 227.857142857143 227.285714285714 220.428571428571 215.857142857143 211.857142857143 206.142857142857 197.571428571429 198.142857142857 188.428571428571 189.571428571429 189 189.571428571429 191.285714285714 193.571428571429 189.571428571429 186.714285714286 189.857142857143 199.857142857143 192.428571428571 193.571428571429 189.571428571429 187.285714285714 199.285714285714 198.714285714286 200.428571428571 201 206.142857142857 207.285714285714 199.285714285714 200.142857142857 195.285714285714 179.285714285714 203.857142857143 183.285714285714 181.571428571429
168.428571428571 158.714285714286 157 156.428571428571 166.142857142857 186.571428571429 206.142857142857 216.428571428571 225 230.714285714286 238.714285714286 231.857142857143 234.142857142857 238.142857142857 230.714285714286 229.571428571429 227.857142857143 228.428571428571 228.428571428571 219.285714285714 216.714285714286 207.857142857143 205 198.714285714286 198.714285714286 192.428571428571 189 182.142857142857 195.285714285714 195.857142857143 197 193 194.714285714286 193.285714285714 195.285714285714 195.857142857143 187.285714285714 188.428571428571 189.571428571429 203.857142857143 202.142857142857 202.142857142857 195.857142857143 197 186.714285714286 189 184.142857142857 186.142857142857 183.285714285714 189 190.142857142857 193
165.571428571429 165 158.142857142857 163.285714285714 174.142857142857 189 203.857142857143 217.857142857143 230.714285714286 232.428571428571 237.571428571429 233.571428571429 234.142857142857 227.285714285714 227.857142857143 223.857142857143 226.142857142857 222.714285714286 223.857142857143 223.285714285714 212.142857142857 209 210.142857142857 203.857142857143 201 195.857142857143 193 194.142857142857 193 193 193.571428571429 203.857142857143 203.857142857143 194.714285714286 195.857142857143 193 194.142857142857 194.142857142857 191.857142857143 190.714285714286 191.857142857143 194.142857142857 193.571428571429 191.285714285714 192.428571428571 195.285714285714 192.714285714286 194.714285714286 194.142857142857 195.285714285714 196.428571428571 198.142857142857
171.857142857143 163.857142857143 157.571428571429 169 166.714285714286 183.857142857143 202.142857142857 212.428571428571 225.285714285714 227.285714285714 226.142857142857 223.285714285714 228.428571428571 227.857142857143 222.142857142857 221.571428571429 225 222.714285714286 226.142857142857 227.285714285714 219.857142857143 207.285714285714 209 210.714285714286 205.571428571429 205 202.142857142857 201 201.571428571429 198.142857142857 209 212.428571428571 209 197.571428571429 197.285714285714 197 197 197.571428571429 196.428571428571 195.857142857143 197.571428571429 195.285714285714 194.142857142857 193.571428571429 194.714285714286 199.857142857143 199.857142857143 194.428571428571 198.142857142857 198.714285714286 198.142857142857 191.285714285714
180.857142857143 184.428571428571 170.142857142857 170.142857142857 188.857142857143 202.142857142857 203.857142857143 223.285714285714 221.857142857143 228.428571428571 218.142857142857 219.857142857143 220.428571428571 222.142857142857 217 221 220.428571428571 223.285714285714 219.285714285714 222.142857142857 216.428571428571 207.285714285714 207.285714285714 202.714285714286 203.857142857143 201.571428571429 202.714285714286 203.857142857143 203.285714285714 202.142857142857 205 205.571428571429 203.857142857143 202.142857142857 199.285714285714 198.714285714286 197 194.714285714286 195.857142857143 197.571428571429 198.714285714286 197 194.714285714286 194.714285714286 196.428571428571 195.285714285714 199.857142857143 197.285714285714 194.714285714286 195.285714285714 201.571428571429 196.428571428571
200.428571428571 201.571428571429 195.571428571429 214 206 214 211.857142857143 219 213.571428571429 211.428571428571 217.285714285714 222.142857142857 219.285714285714 218.714285714286 211 209.857142857143 214.428571428571 216.428571428571 214.142857142857 216.714285714286 213.571428571429 205.571428571429 205 215.285714285714 213.571428571429 215.285714285714 202.714285714286 202.714285714286 201 201.571428571429 202.142857142857 202.714285714286 202.142857142857 199.857142857143 198.714285714286 195.285714285714 196.428571428571 192.428571428571 191.857142857143 194.142857142857 191.857142857143 193 193 190.714285714286 193.571428571429 192.428571428571 190.142857142857 192.428571428571 194.428571428571 197 195.857142857143 193
204.428571428571 198.714285714286 208.428571428571 213.571428571429 211.285714285714 213.571428571429 218.142857142857 219.857142857143 208.428571428571 217.571428571429 220.714285714286 222.142857142857 220.428571428571 222.714285714286 213.571428571429 200.428571428571 202.714285714286 205.571428571429 205 201 202.714285714286 201 205 213.285714285714 211.857142857143 212.714285714286 204.714285714286 201.285714285714 200.142857142857 199.857142857143 199.285714285714 197.571428571429 195.857142857143 197 193.571428571429 191.571428571429 190.714285714286 189.285714285714 191.285714285714 191.571428571429 190.428571428571 189.857142857143 189.571428571429 185.285714285714 175.857142857143 177.571428571429 175.285714285714 179.857142857143 186 193 188.142857142857 183.571428571429
217.571428571429 216.428571428571 210.714285714286 206.714285714286 207.857142857143 209 219.285714285714 216.428571428571 219.857142857143 225 230.142857142857 228.428571428571 223.285714285714 215.857142857143 201.571428571429 196.428571428571 198.142857142857 198.714285714286 197 196.428571428571 197 198.714285714286 200.428571428571 206.428571428571 211.857142857143 212.428571428571 202.714285714286 200.428571428571 198.714285714286 199.285714285714 198.142857142857 196.428571428571 193 193.571428571429 193 191.285714285714 186.428571428571 182.142857142857 197.571428571429 200.428571428571 189.571428571429 187.142857142857 184.857142857143 183.285714285714 170.571428571429 165.428571428571 165 167.857142857143 171.285714285714 177.285714285714 181.571428571429 177.571428571429
225 218.142857142857 216.428571428571 219.285714285714 216.428571428571 214.714285714286 214.142857142857 219.857142857143 222.142857142857 227.857142857143 233.857142857143 229.571428571429 221 213 202.142857142857 196.428571428571 197 188.428571428571 195.857142857143 193 196.428571428571 197 201 213.285714285714 215.285714285714 202.714285714286 199.857142857143 197 196.428571428571 193.571428571429 193.571428571429 191.285714285714 193 191.285714285714 191.857142857143 190.714285714286 187.857142857143 189 196.428571428571 198.142857142857 185.571428571429 191.857142857143 189 175.285714285714 173.428571428571 169 168.285714285714 176.428571428571 175.857142857143 175.857142857143 173 181
233 229.571428571429 229 230.714285714286 226.142857142857 213 219.285714285714 221 233 241.571428571429 237.571428571429 232.428571428571 221.571428571429 217 206.714285714286 202.142857142857 199.857142857143 194.142857142857 190.714285714286 185 195.285714285714 197.571428571429 200.428571428571 198.714285714286 203.571428571429 199.857142857143 199.857142857143 195.857142857143 193.571428571429 193.571428571429 192.428571428571 187.857142857143 189 188.428571428571 190.142857142857 190.714285714286 189.571428571429 191.285714285714 199.857142857143 183.857142857143 181.571428571429 192.428571428571 171.285714285714 175.285714285714 169 169.571428571429 162.928571428571 165.642857142857 180.428571428571 196.428571428571 174.428571428571 174.142857142857
242.714285714286 241 239.285714285714 235.857142857143 234.714285714286 229 233.571428571429 233.571428571429 243.857142857143 239.285714285714 238.142857142857 232.714285714286 222.142857142857 219.285714285714 211.857142857143 205 205 194.142857142857 191.857142857143 185.571428571429 193 199.857142857143 196.428571428571 199.285714285714 202.142857142857 199.857142857143 197 194.714285714286 191.857142857143 189.571428571429 186.714285714286 189 186.142857142857 187.857142857143 188.428571428571 186.714285714286 187.285714285714 181.857142857143 180.428571428571 183.857142857143 175.857142857143 183.285714285714 185.571428571429 170.714285714286 173.571428571429 166.714285714286 165 160.642857142857 182.714285714286 189.571428571429 175.857142857143 173.571428571429
253.571428571429 242.714285714286 247.857142857143 246.142857142857 250.714285714286 249.571428571429 239.285714285714 241 239.857142857143 239.285714285714 237.571428571429 237 227 219.857142857143 211.857142857143 205 204.428571428571 188.428571428571 183.857142857143 183.857142857143 191.285714285714 194.142857142857 193.571428571429 199.857142857143 201.571428571429 197 191.285714285714 189.571428571429 187.285714285714 182.142857142857 186.142857142857 185.571428571429 183.857142857143 185 187.285714285714 184.428571428571 183.285714285714 176.142857142857 170.142857142857 182.714285714286 182.142857142857 171.857142857143 164.428571428571 167.857142857143 162.928571428571 157.214285714286 157.214285714286 151.5 147.714285714286 155.714285714286 171.857142857143 181.571428571429
253.571428571429 250.142857142857 247.857142857143 247.285714285714 243.857142857143 244.428571428571 252.428571428571 246.714285714286 246.142857142857 239.857142857143 235.285714285714 237.571428571429 221.571428571429 214.142857142857 212.428571428571 209 203.285714285714 190.714285714286 187.285714285714 182.142857142857 190.142857142857 192.428571428571 193.571428571429 197 194.142857142857 191.857142857143 190.714285714286 185 176.428571428571 179.857142857143 183.285714285714 179.857142857143 180.428571428571 183.285714285714 187.857142857143 184.428571428571 178.142857142857 177 165 169.571428571429 171.857142857143 162.142857142857 161.785714285714 156.428571428571 159.857142857143 154.571428571429 150 134.571428571429 135.142857142857 134.785714285714 142 169.571428571429
253 250.142857142857 247.857142857143 247.285714285714 241 248.428571428571 258.142857142857 243.285714285714 243.857142857143 242.714285714286 231.857142857143 232.428571428571 213.285714285714 206.142857142857 206.142857142857 202.142857142857 194.142857142857 187.857142857143 185.571428571429 184.428571428571 183.857142857143 187.285714285714 194.714285714286 195.857142857143 191.857142857143 189.571428571429 187.285714285714 180.428571428571 171.285714285714 171.285714285714 170.714285714286 177.571428571429 178.142857142857 177 182.142857142857 183.857142857143 181.571428571429 180.428571428571 157.214285714286 167.285714285714 157.214285714286 154.357142857143 153.214285714286 153.785714285714 153.785714285714 153.785714285714 151.857142857143 140.857142857143 126.785714285714 117.142857142857 135.714285714286 153.25
242.428571428571 238.142857142857 242.714285714286 236.428571428571 235.285714285714 245.571428571429 248.428571428571 251.857142857143 242.142857142857 233.571428571429 230.714285714286 223.857142857143 206.714285714286 200.714285714286 189.571428571429 192.428571428571 186.142857142857 177 174.714285714286 179.857142857143 181.571428571429 186.714285714286 186.142857142857 188.428571428571 186.142857142857 187.285714285714 184.428571428571 170.571428571429 177 158.142857142857 170.142857142857 168.428571428571 173 175.285714285714 175.857142857143 181 180.428571428571 178.714285714286 165.214285714286 161.392857142857 166.142857142857 161 158.142857142857 147.714285714286 148.285714285714 147.714285714286 143.5 137.357142857143 121.071428571429 117.714285714286 121.714285714286 142
