data/derived/r_mean_scd.asc
NCOLS 186 
NROWS 74 
XLLCORNER 443300.206538099 
YLLCORNER 4085841.77455235 
CELLSIZE 500 
NODATA_value -9999 
[rows 44 to 65 of 74, columns 49 to 97 of 186]
198.857142857143 197.142857142857 200.857142857143 200.571428571429 196.571428571429 192.571428571429 193.142857142857 193.142857142857 193.142857142857 200.571428571429 201.142857142857 196.571428571429 192 181.142857142857 175.428571428571 150.285714285714 133.142857142857 123.428571428571 113.142857142857 102.285714285714 82.8571428571429 74.2857142857143 70.8571428571429 78.8571428571429 101.142857142857 112 114.285714285714 114.285714285714 110.571428571429 101.714285714286 86.8571428571429 72 71.4285714285714 79.4285714285714 86.2857142857143 86.8571428571429 85.7142857142857 88 91.4285714285714 84.5714285714286 78.8571428571429 59.7142857142857 57.7142857142857 50.8571428571429 46.2857142857143 43.4285714285714 38.2857142857143 41.1428571428571 37.7142857142857
193.714285714286 189.714285714286 187.428571428571 186.857142857143 184.571428571429 184 182.285714285714 184.571428571429 189.714285714286 194.857142857143 198.285714285714 194.857142857143 186.285714285714 172 161.714285714286 146.285714285714 124.285714285714 95.4285714285714 97.1428571428571 84.5714285714286 71.4285714285714 65.1428571428571 66.2857142857143 74.8571428571429 97.7142857142857 106.285714285714 108.571428571429 108.571428571429 101.142857142857 89.1428571428571 66.8571428571429 55.4285714285714 53.7142857142857 68 75.4285714285714 79.4285714285714 77.1428571428571 77.7142857142857 76 71.4285714285714 67.4285714285714 60.5714285714286 52.8571428571429 50.8571428571429 41.7142857142857 37.1428571428571 30.8571428571429 35.4285714285714 34.2857142857143
189.714285714286 181.142857142857 178.285714285714 176 172.571428571429 169.142857142857 167.428571428571 170.857142857143 178.285714285714 180.571428571429 186.857142857143 181.714285714286 180.571428571429 168.571428571429 155.428571428571 140.571428571429 112.571428571429 78.2857142857143 70.8571428571429 64.5714285714286 59.4285714285714 55.4285714285714 64 81.7142857142857 93.7142857142857 99.4285714285714 105.142857142857 102.857142857143 89.1428571428571 72 55.4285714285714 44.5714285714286 39.4285714285714 51.4285714285714 67.4285714285714 74.2857142857143 69.7142857142857 66.8571428571429 61.7142857142857 54.2857142857143 46.2857142857143 46.2857142857143 44 40 36.5714285714286 30.8571428571429 27.4285714285714 32 33.1428571428571
179.428571428571 175.428571428571 164 158.285714285714 154 154.857142857143 152.571428571429 157.142857142857 161.142857142857 166.857142857143 168.571428571429 169.714285714286 170.285714285714 165.142857142857 150.857142857143 144 124 92 57.7142857142857 50.8571428571429 48 50.2857142857143 65.1428571428571 84.5714285714286 95.4285714285714 103.428571428571 108 97.1428571428571 80 68.5714285714286 58 39.4285714285714 37.1428571428571 41.1428571428571 51.4285714285714 56 52 45.7142857142857 40 34.2857142857143 32 34.8571428571429 42.2857142857143 41.7142857142857 33.7142857142857 29.7142857142857 25.7142857142857 26.8571428571429 29.1428571428571
155.428571428571 156.285714285714 152.571428571429 143.142857142857 133.428571428571 129.142857142857 129.714285714286 137.428571428571 146 152.285714285714 154.857142857143 158 160 157.142857142857 150.571428571429 141.142857142857 129.142857142857 100.142857142857 68.5714285714286 44.5714285714286 40.5714285714286 48 67.4285714285714 89.1428571428571 94.8571428571429 103.428571428571 105.142857142857 94.2857142857143 72.5714285714286 61.1428571428571 51.4285714285714 38.2857142857143 35.4285714285714 37.1428571428571 49.1428571428571 52.5714285714286 42.8571428571429 36.5714285714286 30.2857142857143 29.1428571428571 27.4285714285714 34.2857142857143 40.5714285714286 37.4285714285714 33.7142857142857 27.4285714285714 23.4285714285714 25.1428571428571 24
124 129.714285714286 129.714285714286 120.571428571429 109.142857142857 109.142857142857 109.714285714286 118.857142857143 128.571428571429 143.428571428571 149.142857142857 150.285714285714 149.714285714286 140.571428571429 129.714285714286 119.428571428571 101.714285714286 89.7142857142857 64.5714285714286 46.2857142857143 38.8571428571429 51.7142857142857 71.1428571428571 90.5714285714286 99.1428571428571 99.1428571428571 96.8571428571429 89.1428571428571 69.7142857142857 56.5714285714286 42.2857142857143 30.4761904761905 30.5714285714286 36.5714285714286 48 44.8571428571429 36.2857142857143 29.1428571428571 23.7142857142857 20.5714285714286 22 27.7142857142857 33.1428571428571 31.4285714285714 26.0952380952381 24 21.1428571428571 18.8571428571429 18.2857142857143
107.428571428571 108 109.142857142857 99.4285714285714 89.7142857142857 90.8571428571429 96.5714285714286 106.857142857143 118.857142857143 133.714285714286 140 141.714285714286 139.428571428571 129.714285714286 118.857142857143 100.571428571429 89.1428571428571 74.2857142857143 49.7142857142857 40 42.2857142857143 53.1428571428571 81.1428571428571 98.8571428571429 102.857142857143 96 88 73.1428571428571 57.7142857142857 46.2857142857143 37.1428571428571 28.2857142857143 28.5714285714286 34.8571428571429 42.2857142857143 37.1428571428571 28 25.1428571428571 19.4285714285714 18.2857142857143 21.7142857142857 25.1428571428571 25.7142857142857 24.5714285714286 22.5714285714286 19.4285714285714 14.2857142857143 10.2857142857143 9.71428571428571
87.4285714285714 96.5714285714286 97.7142857142857 89.1428571428571 74.8571428571429 69.7142857142857 81.4285714285714 100 114.857142857143 125.142857142857 126.857142857143 132.571428571429 127.428571428571 114.857142857143 97.1428571428571 84 68.5714285714286 56 44 35.7142857142857 49.1428571428571 68.5714285714286 79.4285714285714 101.142857142857 110.285714285714 100.571428571429 78.8571428571429 65.1428571428571 53.7142857142857 44 38.2857142857143 34.2857142857143 32 41.1428571428571 41.7142857142857 36.5714285714286 26.2857142857143 22.2857142857143 18.8571428571429 23.4285714285714 29.1428571428571 27.4285714285714 25.7142857142857 21.7142857142857 20.5714285714286 18.5714285714286 12.5714285714286 8.57142857142857 9.14285714285714
74.2857142857143 78.8571428571429 81.1428571428571 77.7142857142857 70.8571428571429 67.4285714285714 78 98.2857142857143 113.142857142857 121.142857142857 122.857142857143 125.142857142857 120 96.5714285714286 78.2857142857143 66.8571428571429 52.5714285714286 42.8571428571429 34.8571428571429 27.4285714285714 40 65.7142857142857 87.4285714285714 104.571428571429 113.714285714286 102.857142857143 82.2857142857143 61.7142857142857 50.8571428571429 42.2857142857143 38.2857142857143 42.2857142857143 50 52 41.7142857142857 34.2857142857143 25.1428571428571 20 19.4285714285714 25.1428571428571 28 29.7142857142857 26.8571428571429 20.5714285714286 15.4285714285714 12 10.2857142857143 6.85714285714286 7.42857142857143
60 61.7142857142857 64.5714285714286 61.7142857142857 56.5714285714286 58.2857142857143 80.8571428571429 104.571428571429 112.571428571429 122.285714285714 125.714285714286 125.714285714286 115.428571428571 91.4285714285714 61.1428571428571 43.4285714285714 33.1428571428571 26.8571428571429 25.1428571428571 23.4285714285714 36.5714285714286 62.8571428571429 89.7142857142857 100.571428571429 109.142857142857 98.2857142857143 82.2857142857143 62.2857142857143 46.2857142857143 37.1428571428571 40 51.4285714285714 71.1428571428571 60 50.2857142857143 34.2857142857143 24.5714285714286 18.2857142857143 16.5714285714286 18.8571428571429 23.4285714285714 26.2857142857143 20 15.4285714285714 13.1428571428571 9.14285714285714 8.57142857142857 6.28571428571429 4.57142857142857
48 50.2857142857143 50.2857142857143 46.2857142857143 42.8571428571429 50.2857142857143 68.5714285714286 98.2857142857143 112.571428571429 116.571428571429 117.714285714286 112 101.714285714286 85.1428571428571 58.8571428571429 38.8571428571429 25.1428571428571 24.5714285714286 23.4285714285714 23.4285714285714 39.1428571428571 66.2857142857143 86.8571428571429 101.714285714286 109.714285714286 96 75.4285714285714 58.8571428571429 42.2857142857143 34.2857142857143 37.7142857142857 46.2857142857143 68 62 45.1428571428571 34.2857142857143 25.7142857142857 17.1428571428571 14.8571428571429 17.1428571428571 21.1428571428571 19.4285714285714 16 11.4285714285714 8.57142857142857 6.28571428571429 6 4.57142857142857 2.85714285714286
44.5714285714286 37.7142857142857 40 37.1428571428571 42.8571428571429 53.1428571428571 72.5714285714286 98.8571428571429 113.714285714286 115.428571428571 110.285714285714 96 86.8571428571429 77.1428571428571 58.8571428571429 43.4285714285714 26.2857142857143 24.5714285714286 26.2857142857143 40.5714285714286 52.2857142857143 63.4285714285714 79.4285714285714 92.5714285714286 96 82.2857142857143 66.8571428571429 49.7142857142857 37.1428571428571 27.4285714285714 26.8571428571429 34.2857142857143 42.8571428571429 38.5714285714286 32 24 20 15.4285714285714 10.8571428571429 14.2857142857143 14.8571428571429 14.8571428571429 9.71428571428571 6.85714285714286 4 3.42857142857143 2.57142857142857 2.28571428571429 0.571428571428571
61.1428571428571 36.5714285714286 33.1428571428571 34.2857142857143 46.8571428571429 69.1428571428571 86.2857142857143 104.571428571429 115.714285714286 113.714285714286 99.4285714285714 81.1428571428571 65.1428571428571 54.2857142857143 50.8571428571429 42.2857142857143 30.2857142857143 25.1428571428571 25.1428571428571 40.5714285714286 52 58.2857142857143 72.5714285714286 80.5714285714286 80 69.1428571428571 50.2857142857143 42.2857142857143 34.8571428571429 24.5714285714286 19.4285714285714 18.2857142857143 22.8571428571429 29.7142857142857 27.1428571428571 20 14.2857142857143 10.2857142857143 8 8.57142857142857 10.2857142857143 8.57142857142857 7.42857142857143 5.14285714285714 3.42857142857143 1.71428571428571 -9999 1.71428571428571 -9999
64 43.4285714285714 32.5714285714286 34.2857142857143 50.2857142857143 74.8571428571429 94.8571428571429 115.428571428571 120 114.857142857143 97.1428571428571 73.7142857142857 52 37.1428571428571 31.4285714285714 29.7142857142857 27.4285714285714 23.4285714285714 26.2857142857143 34.8571428571429 45.1428571428571 56.8571428571429 76.5714285714286 74.8571428571429 63.4285714285714 58.8571428571429 52 37.7142857142857 29.1428571428571 19.4285714285714 16 11.4285714285714 12.5714285714286 14.2857142857143 15.4285714285714 12.5714285714286 12 6.28571428571429 5.71428571428571 8.57142857142857 8 6.28571428571429 5.71428571428571 4 -9999 -9999 -9999 -9999 -9999
49.1428571428571 38.2857142857143 33.1428571428571 36.5714285714286 56 73.1428571428571 97.7142857142857 115.428571428571 118.857142857143 111.428571428571 92.5714285714286 74.8571428571429 48.5714285714286 35.4285714285714 27.4285714285714 21.7142857142857 18.8571428571429 20 25.7142857142857 39.4285714285714 50.2857142857143 56.5714285714286 63.4285714285714 60 51.4285714285714 46.2857142857143 38.2857142857143 28.5714285714286 25.7142857142857 20 16 10.8571428571429 10.2857142857143 9.71428571428571 10.5714285714286 8 -9999 -9999 4.57142857142857 5.71428571428571 5.71428571428571 4 4 3.42857142857143 -9999 -9999 -9999 -9999 -9999
28.5714285714286 26.8571428571429 27.4285714285714 39.4285714285714 59.4285714285714 80 103.428571428571 113.142857142857 113.142857142857 105.142857142857 92 72 49.1428571428571 33.1428571428571 25.1428571428571 20.5714285714286 20 24 31.4285714285714 50.8571428571429 64 64 56.2857142857143 48.5714285714286 46.8571428571429 40 29.7142857142857 24 21.7142857142857 17.1428571428571 16 11.4285714285714 9.71428571428571 10.2857142857143 11.4285714285714 9.14285714285714 -9999 -9999 -9999 4 4.57142857142857 3.42857142857143 2.28571428571429 -9999 -9999 -9999 -9999 -9999 -9999
23.1428571428571 30.2857142857143 42 59.1428571428571 65.7142857142857 80 95.7142857142857 98.5714285714286 96.8571428571429 95.8095238095238 84.1904761904762 64.5714285714286 49.1428571428571 37.1428571428571 29.7142857142857 22.2857142857143 22.2857142857143 30.2857142857143 50.8571428571429 64.5714285714286 64 60.5714285714286 51.7142857142857 36 35.4285714285714 30.2857142857143 26.8571428571429 22.8571428571429 20 16 13.7142857142857 9.71428571428571 9.14285714285714 10.8571428571429 10.2857142857143 8.28571428571428 -9999 -9999 -9999 -9999 4 -9999 -9999 -9999 -9999 -9999 -9999 -9999 -9999
18.8571428571429 27.4285714285714 41.1428571428571 54.8571428571429 61.7142857142857 72 77.1428571428571 80.5714285714286 82.8571428571429 81.1428571428571 71.7142857142857 53.1428571428571 42 34 28.2857142857143 21.1428571428571 19.1428571428571 24.2857142857143 36.5714285714286 46.5714285714286 48.5714285714286 42 35.1428571428571 27.2857142857143 23.1428571428571 22.8571428571429 20 17.4285714285714 14.8571428571429 12.8571428571429 11.7142857142857 9.14285714285714 9.14285714285714 10.8571428571429 11.4285714285714 8.28571428571428 5.71428571428571 -9999 -9999 -9999 -9999 -9999 -9999 -9999 -9999 -9999 -9999 -9999 -9999
14.2857142857143 24.5714285714286 36 44.5714285714286 50.8571428571429 61.1428571428571 69.1428571428571 70.2857142857143 65.1428571428571 66.8571428571429 64 48.8571428571429 29.1428571428571 27.4285714285714 21.1428571428571 17.1428571428571 17.7142857142857 20.5714285714286 26.2857142857143 37.1428571428571 35.4285714285714 29.1428571428571 25.1428571428571 20.5714285714286 15.7142857142857 14.8571428571429 14.8571428571429 12.5714285714286 12.5714285714286 12.5714285714286 -9999 -9999 8 7.42857142857143 8.57142857142857 -9999 -9999 -9999 -9999 -9999 -9999 -9999 -9999 -9999 -9999 -9999 -9999 -9999 -9999
13.1428571428571 19.4285714285714 29.1428571428571 35.4285714285714 39.4285714285714 47.4285714285714 54.8571428571429 54.2857142857143 52.5714285714286 50.8571428571429 46.8571428571429 37.4285714285714 23.4285714285714 19.4285714285714 16.5714285714286 13.1428571428571 15.4285714285714 19.4285714285714 21.1428571428571 25.7142857142857 26.8571428571429 24.5714285714286 21.1428571428571 17.7142857142857 13.7142857142857 12.5714285714286 13.1428571428571 10.2857142857143 -9999 -9999 -9999 -9999 -9999 -9999 -9999 -9999 -9999 -9999 -9999 -9999 -9999 -9999 -9999 -9999 -9999 -9999 -9999 -9999 -9999
10.2857142857143 16.5714285714286 22.2857142857143 29.7142857142857 34.2857142857143 41.7142857142857 40.5714285714286 38.2857142857143 33.1428571428571 32 32 28.2857142857143 18.8571428571429 16.5714285714286 13.7142857142857 12.5714285714286 13.7142857142857 16.5714285714286 20.5714285714286 20.5714285714286 19.4285714285714 18.8571428571429 17.1428571428571 13.7142857142857 12.8571428571429 10.2857142857143 10.8571428571429 -9999 -9999 -9999 -9999 -9999 -9999 -9999 -9999 -9999 -9999 -9999 -9999 -9999 -9999 -9999 -9999 -9999 -9999 -9999 -9999 -9999 -9999
9.71428571428571 15.4285714285714 21.1428571428571 29.1428571428571 32 30.8571428571429 30.8571428571429 26.8571428571429 24 18.8571428571429 18.8571428571429 -9999 17.4285714285714 12.5714285714286 10.2857142857143 12 13.7142857142857 16.5714285714286 17.1428571428571 16 12 13.7142857142857 10.2857142857143 9.71428571428571 10.2857142857143 -9999 -9999 -9999 -9999 -9999 -9999 -9999 -9999 -9999 -9999 -9999 -9999 -9999 -9999 -9999 -9999 -9999 -9999 -9999 -9999 -9999 -9999 -9999 -9999
