data/derived/r_mean_pre_snow_per.asc
NCOLS 191 
NROWS 93 
XLLCORNER 442474.332677425 
YLLCORNER 4080120.41147431 
CELLSIZE 500 
NODATA_value -9999 
[rows 23 to 45 of 93, columns 52 to 103 of 191]
-9999 -9999 -9999 -9999 -9999 -9999 -9999 -9999 -9999 -9999 -9999 -9999 43.7846666666667 42.3453333333333 36.472 26.7766666666667 19.5953333333333 19.034 14.3113333333333 18.44 16.6393333333333 24.0566666666667 22.3406666666667 19.736 11.102 10.3993333333333 9.26933333333333 6.74733333333333 9.2 10.0753333333333 7.148 5.53866666666667 6.65733333333333 -9999 -9999 -9999 -9999 -9999 -9999 -9999 -9999 -9999 -9999 -9999 -9999 -9999 -9999 -9999 -9999 -9999 -9999 -9999
-9999 -9999 -9999 -9999 -9999 -9999 -9999 -9999 -9999 -9999 -9999 -9999 46.952 40.642 33.346 28.1806666666667 27.3893333333333 21.8473333333333 19.334 23.1393333333333 23.5966666666667 27.3373333333333 27.3166666666667 18.594 15.9026666666667 14.0946666666667 13.6366666666667 11.5446666666667 13.6786666666667 11.314 8.42533333333333 8.02533333333333 -9999 -9999 -9999 5.00133333333333 5.007 -9999 -9999 -9999 -9999 -9999 -9999 -9999 -9999 -9999 -9999 -9999 -9999 -9999 -9999 -9999
-9999 -9999 -9999 -9999 -9999 -9999 -9999 -9999 -9999 -9999 -9999 42.3043333333333 46.652 44.7866666666667 36.5906666666667 37.418 30.81 25.3253333333333 23.44 27.8546666666667 30.5666666666667 32.4166666666667 26.4413333333333 19.5713333333333 20.0646666666667 20.9593333333333 16.2986666666667 16.1213333333333 15.1593333333333 12.3346666666667 10.1773333333333 7.20733333333333 -9999 4.318 4.962 5.688 6.84933333333333 5.31266666666667 -9999 -9999 -9999 -9999 -9999 -9999 -9999 -9999 -9999 4.982 4.91666666666667 -9999 -9999 4.86533333333333
-9999 -9999 -9999 -9999 -9999 -9999 15.5766666666667 19.2406666666667 -9999 -9999 27.7263333333333 35.2203333333333 38.9046666666667 43.0923333333333 46.298 41.717 34.7536666666667 32.1843333333333 32.388 36.2466666666667 38.9106666666667 39.136 30.7563333333333 27.162 26.7781666666667 22.9866666666667 19.224 15.8826666666667 13.1973333333333 12.2453333333333 10.136 6.97933333333333 6.21466666666667 5.98666666666667 7.82133333333333 8.362 8.06666666666667 7.05533333333333 -9999 -9999 -9999 -9999 6.82866666666667 8.79533333333333 -9999 -9999 -9999 6.18866666666667 -9999 -9999 -9999 6.16866666666667
-9999 -9999 -9999 -9999 -9999 -9999 20.9253333333333 26.392 24.4053333333333 21.3213333333333 19.6133333333333 24.2693333333333 27.6676666666667 35.6926666666667 45.3433333333333 48.0346666666667 46.1626666666667 45.998 42.386 45.6286666666667 47.4233333333333 44.7766666666667 41.1393333333333 35.5146666666667 30.5626666666667 22.5463333333333 15.8926666666667 14.0646666666667 12.276 9.70633333333333 8.853 7.01866666666667 6.14966666666667 8.906 11.0836666666667 10.1873333333333 7.53233333333333 7.73666666666667 7.19444444444444 7.072 7.09333333333333 8.39833333333333 8.399 9.28866666666667 12.42 -9999 8.54833333333333 6.96333333333333 -9999 6.15533333333333 -9999 7.71133333333333
-9999 -9999 -9999 -9999 -9999 -9999 -9999 30.15 32.058 27.7026666666667 27.4306666666667 29.53 33.2393333333333 35.6153333333333 39.0973333333333 42.9226666666667 47.822 50.37 49.742 50.672 51.7266666666667 49.8813333333333 44.2353333333333 36.8066666666667 27.5373333333333 22.8443333333333 18.01 15.2833333333333 10.1546666666667 9.53666666666667 10.5613333333333 6.666 9.27066666666667 12.7806666666667 11.3873333333333 9.632 8.32866666666667 10.312 9.55933333333333 8.682 8.84266666666667 9.768 12.9406666666667 13.876 12.672 9.56866666666667 8.21333333333333 -9999 -9999 8.65733333333333 -9999 8.85266666666667
-9999 -9999 -9999 -9999 -9999 -9999 -9999 34.0273333333333 39.1393333333333 34.0313333333333 34.2673333333333 37.2173333333333 41.3826666666667 43.52 37.2273333333333 47.832 51.2313333333333 54.4333333333333 55.476 55.748 57.9193333333333 50.266 44.582 36.1366666666667 29 22.9753333333333 16.4096666666667 10.93 12.0626666666667 13.5206666666667 8.97866666666667 9.99066666666667 12.1206666666667 18.3933333333333 13.686 9.53066666666667 9.25466666666667 11.4306666666667 12.7126666666667 9.369 13.274 11.0893333333333 11.846 16.2066666666667 12.9473333333333 10.4486666666667 7.79466666666667 -9999 8.472 -9999 -9999 -9999
-9999 -9999 -9999 -9999 -9999 -9999 -9999 -9999 47.1486666666667 45.4826666666667 38.5086666666667 44.5433333333333 47.5433333333333 47.2406666666667 43.6873333333333 44.62 52.1973333333333 57.2713333333333 61.348 61.5493333333333 56.6933333333333 51.0926666666667 47.108 40.4113333333333 31.6593333333333 27.3186666666667 18.1283333333333 16.6593333333333 16.1706666666667 13.2666666666667 8.828 14.1026666666667 18.042 17.742 13.1893333333333 11.1806666666667 12.1133333333333 15.024 16.2293333333333 11.4313333333333 15.196 15.0293333333333 16.368 16.636 12.1666666666667 9.034 -9999 9.556 9.758 8.79333333333333 -9999 9.75533333333333
-9999 -9999 -9999 -9999 -9999 -9999 -9999 -9999 51.5486666666667 47.2873333333333 43.9413333333333 48.5333333333333 52.15 51.297 47.5433333333333 49.9793333333333 53.044 59.3806666666667 63.03 61.694 56.2913333333333 50.2686666666667 44.5406666666667 40.532 33.7673333333333 25.54 19.9383333333333 21.8573333333333 18.5786666666667 13.8806666666667 9.84533333333333 16.4713333333333 19.898 21.688 18.0886666666667 12.0506666666667 13.0626666666667 16.7346666666667 19.144 12.4683333333333 16.406 20.9873333333333 21.5566666666667 19.3053333333333 13.7993333333333 9.468 11.0173333333333 12.2906666666667 11.0986666666667 10.998 7.25333333333333 10.0086666666667
-9999 -9999 28.0446666666667 38.456 46.1953333333333 48.2673333333333 -9999 -9999 54.8926666666667 52.8646666666667 52.3193333333333 54.0366666666667 57.042 54.9033333333333 52.13 53.3033333333333 58.3246666666667 61.75 65.2173333333333 62.658 56.3706666666667 49.9206666666667 42.0806666666667 36.2006666666667 31.1793333333333 23.5546666666667 21.6706666666667 22.976 18.7193333333333 12.556 11.164 16.1173333333333 23.9206666666667 25.7993333333333 20.4853333333333 13.3366666666667 15.33 18.374 20.8066666666667 14.2553333333333 17.5223333333333 25.1786666666667 24.416 17.5906666666667 12.204 11.7446666666667 13.9726666666667 14.8293333333333 12.66 11.8706666666667 9.162 10.104
-9999 13.7353333333333 21.414 29.1353333333333 37.116 43.7493333333333 49.294 49.8973333333333 48.326 54.9293333333333 56.396 57.5893333333333 58.8513333333333 59.646 54.9776666666667 58.936 64.4086666666667 67.7613333333333 69.0913333333333 62.6173333333333 54.5333333333333 47.8386666666667 41.2366666666667 32.9466666666667 26.8246666666667 28.684 28.1213333333333 23.0443333333333 14.9846666666667 17.0993333333333 13.6606666666667 17.4933333333333 28.2533333333333 28.8193333333333 22.2046666666667 12.9193333333333 17.328 21.4066666666667 23.1453333333333 15.8826666666667 19.2806666666667 28.0133333333333 24.4886666666667 18.5933333333333 13.648 14.2053333333333 14.928 18.3133333333333 17.3893333333333 12.7226666666667 9.31266666666667 12.6673333333333
11.0586666666667 8.20266666666667 15.8223333333333 23.0133333333333 27.5226666666667 31.5866666666667 35.0873333333333 36.5026666666667 40.688 48.0913333333333 50.7433333333333 56.8913333333333 62.4646666666667 63.2446666666667 60.0553333333333 59.078 67.1246666666667 71.9086666666667 72.1126666666667 67.7066666666667 59.398 51.2146666666667 45.8293333333333 36.792 35.0713333333333 37.8833333333333 32.7206666666667 26.728 19.722 14.662 15.7353333333333 20.7906666666667 29.5553333333333 32.4913333333333 22.8486666666667 16.6393333333333 21.1633333333333 24.8086666666667 22.844 15.782 21.502 29.4593333333333 24.222 18.842 23.5 17.4486666666667 19.5226666666667 22.098 20.9653333333333 15.15 10.2666666666667 14.0386666666667
17.8813333333333 10.5146666666667 16.4443333333333 18.894 22.514 27.444 29.5066666666667 32.6153333333333 35.166 39.91 49.428 56.1553333333333 66.0933333333333 68.2433333333333 64.5633333333333 64.5586666666667 70.9013333333333 74.9133333333333 78.4093333333333 71.9373333333333 67.2286666666667 59.7106666666667 47.482 45.4186666666667 44.4813333333333 41.0386666666667 33.106 25.51 22.718 21.3966666666667 21.6353333333333 26.496 35.3273333333333 31.16 21.6773333333333 22.4386666666667 26.258 27.504 22.6833333333333 16.4826666666667 22.232 32.5116666666667 27.1133333333333 19.4466666666667 26.238 22.18 25.3933333333333 24.7573333333333 20.0093333333333 13.6913333333333 12.44 17.0973333333333
23.0633333333333 16.7893333333333 9.73066666666667 23.4726666666667 29.032 33.096 38.6246666666667 41.2893333333333 46.1186666666667 47.344 48.8873333333333 58.7433333333333 66.8293333333333 71.6666666666667 67.996 66.804 70.7473333333333 79.3226666666667 74.988 68.668 63.2846666666667 58.0793333333333 56.7046666666667 53.5073333333333 50.476 43.47 34.3753333333333 29.918 25.2383333333333 22.7853333333333 29.8046666666667 32.7033333333333 39.4753333333333 31.1693333333333 21.106 27.2046666666667 30.718 32.09 23.3246666666667 23.7353333333333 23.11 32.863 32.0073333333333 25.4813333333333 30.6073333333333 30.1373333333333 27.4126666666667 20.992 18.226 13.6586666666667 14.4473333333333 18.3166666666667
28.6426666666667 20.4106666666667 11.192 22.5376666666667 37.3186666666667 43.2673333333333 47.2413333333333 51.212 52.1873333333333 54.1433333333333 49.866 54.5153333333333 63.306 70.6306666666667 73.9146666666667 76.1346666666667 76.7173333333333 79.0813333333333 75.1153333333333 73.3786666666667 69.5353333333333 67.412 62.8666666666667 58.526 52.7853333333333 45.7646666666667 40.6733333333333 30.9546666666667 29.8033333333333 30.6583333333333 29.938 39.0046666666667 40.1366666666667 32.364 28.5593333333333 33.6313333333333 36.594 34.142 27.9186666666667 28.4086666666667 24.5113333333333 31.5026666666667 33.549 31.636 35.4386666666667 31.6453333333333 23.2553333333333 19.4246666666667 17.828 20.5093333333333 19.684 14.8666666666667
35.1173333333333 26.1286666666667 16.722 18.2546666666667 26.5191111111111 43.5806666666667 53.5046666666667 58.7073333333333 63.1993333333333 66.367 64.851 66.523 65.119 72.0593333333333 79.4003333333333 78.18 74.9762222222222 77.0286666666667 77.9003333333333 75.3833333333333 74.6453333333333 70.004 65.4686666666667 60.5146666666667 56.21 50.716 42.074 35.784 39.4693333333333 36.3473333333333 39.9913333333333 44.6933333333333 45.9986666666667 38.186 35.6713333333333 38.462 40.594 36.216 33.302 33.7033333333333 27.78 35.4106666666667 40.39 36.648 32.052 26.68 24.5153333333333 26.5986666666667 24.962 27.9886666666667 25.14 18.6406666666667
40.7013333333333 29.214 16.5446666666667 24.3846666666667 21.5516666666667 30.8006666666667 44.7913333333333 57.8306666666667 68.3146666666667 74.5693333333333 77.3473333333333 81.0146666666667 78.5866666666667 76.3926666666667 82.0753333333333 77.93 74.8906666666667 75.9536666666667 81.1953333333333 76.0893333333333 71.8556666666667 70.4236666666667 68.8253333333333 66.0823333333333 61.045 55.2953333333333 50.2606666666667 46.636 46.9306666666667 43.8896666666667 49.6363333333333 52.5326666666667 50.644 45.9406666666667 45.9993333333333 47.5 48.707 43.5366666666667 43.0103333333333 41.436 38.5076666666667 37.0276666666667 44.1633333333333 44.3361666666667 40.6956666666667 36.818 34.8076666666667 32.715 34.2063333333333 36.0073333333333 30.0873333333333 27.34
43.3506666666667 28.2326666666667 22.5373333333333 35.2513333333333 22.474 30.0563333333333 49.4146666666667 59.3913333333333 66.1833333333333 74.4626666666667 77.1846666666667 78.8186666666667 81.5753333333333 79.584 77.6966666666667 75.5053333333333 70.8726666666667 74.78 80.9923333333333 75.5926666666667 73.658 67.1346666666667 68.0953333333333 73.1626666666667 67.0946666666667 63.7553333333333 60.9253333333333 57.7093333333333 55.95 55.3733333333333 56.4553333333333 59.5 55.3893333333333 54.9426666666667 56.03 57.196 56.456 53.3966666666667 51.7846666666667 52.706 52.266 49.5526666666667 52.338 56.2453333333333 51.0136666666667 44.0613333333333 46.4673333333333 47.138 44.722 41.8726666666667 40.376 42.9066666666667
43.2413333333333 24.126 32.326 43.2206666666667 30.4613333333333 22.0113333333333 43.3846666666667 51.27 63.4686666666667 68.1373333333333 72.0806666666667 76.7133333333333 81.696 77.2686666666667 72.772 68.5626666666667 66.6066666666667 75.2833333333333 80.244 75.9026666666667 70.3466666666667 67.492 67.2586666666667 72.446 71.4853333333333 71.1286666666667 69.5373333333333 67.282 65.8113333333333 66.188 67.0413333333333 66.141 63.4586666666667 62.5526666666667 60.98 63.652 61.728 59.7453333333333 57.5193333333333 56.7626666666667 57.7653333333333 59.3773333333333 58.5006666666667 61.1953333333333 53.1746666666667 43.1986666666667 43.3013333333333 47.482 52.7193333333333 51.1513333333333 50.8066666666667 49.344
37.9066666666667 35.6833333333333 44.644 47.6806666666667 35.0313333333333 23.3236666666667 39.048 55.5373333333333 56.6193333333333 62.1806666666667 69.2113333333333 74.1873333333333 79.8613333333333 76.718 72.374 67.3146666666667 65.91 74.1146666666667 78.6713333333333 74.112 71.3833333333333 64.5973333333333 68.9666666666667 74.5513333333333 69.566 70.4913333333333 69.936 73.156 74.2113333333333 73.5613333333333 73.3846666666667 68.9496666666667 63.3473333333333 61.3226666666667 64.35 61.962 60.8893333333333 57.946 55.3773333333333 53.172 52.498 56.3533333333333 61.2953333333333 57.176 51.3246666666667 41.882 39.898 46.5253333333333 50.9846666666667 56.888 57.8426666666667 52.7806666666667
35.706 48.5526666666667 56.6413333333333 54.944 42.6606666666667 24.5013333333333 30.414 38.938 52.6293333333333 59.6593333333333 67.1146666666667 74.1493333333333 77.0813333333333 73.112 70.6953333333333 64.178 64.54 70.5973333333333 75.0326666666667 74.2203333333333 71.1313333333333 63.0946666666667 66.2646666666667 71.952 69.1606666666667 69.5013333333333 73.282 74.0293333333333 72.7586666666667 72.4586666666667 71.6453333333333 66.4866666666667 61.5576666666667 58.0653333333333 61.4826666666667 60.028 57.8813333333333 54.026 49.5613333333333 44.9306666666667 47.8393333333333 52.94 58.4113333333333 53.654 51.0593333333333 41.9956666666667 32.9913333333333 43.3366666666667 49.604 54.6513333333333 56.0866666666667 49.336
42.6246666666667 54.8486666666667 64.798 56.22 44.948 26.0673333333333 39.0936666666667 41.818 48.224 58.244 67.5466666666667 77.5486666666667 78.48 72.5026666666667 67.4546666666667 61.0066666666667 61.0753333333333 67.6066666666667 69.8973333333333 68.049 65.3253333333333 60.9293333333333 60.1186666666667 69.4906666666667 67.344 71.216 74.6186666666667 74.1673333333333 71.3286666666667 71.6653333333333 69.1593333333333 63.4273333333333 58.4223333333333 57.676 60.328 57.4466666666667 50.046 48.68 46.7113333333333 40.5626666666667 45.75 52.076 57.8806666666667 54.03 44.5726666666667 38.1616666666667 29.6046666666667 38.9786666666667 44.4706666666667 48.9593333333333 53.974 50.336
52.93 64.1446666666667 66.9973333333333 53.1846666666667 35.1253333333333 39.95 41.11 48.6956666666667 56.2533333333333 62.4386666666667 71.4513333333333 81.6973333333333 79.6946666666667 78.5513333333333 76.5893333333333 63.26 53.966 59.0766666666667 63.2766666666667 58.78 56.991 52.9113333333333 61.4333333333333 66.6626666666667 69.0866666666667 73.566 73.9386666666667 70.5126666666667 72.9666666666667 69.7293333333333 64.3666666666667 62.8446666666667 60.3293333333333 54.8196666666667 60.9813333333333 56.0066666666667 49.3726666666667 46.2033333333333 41.9706666666667 36.3753333333333 44.0546666666667 51.3613333333333 54.338 52.366 43.2086666666667 38.2766666666667 29.5693333333333 33.176 34.268 42.8346666666667 49.1306666666667 49.2313333333333
