data/derived/r_mean_pre.asc
NCOLS 191 
NROWS 93 
XLLCORNER 442474.332677425 
YLLCORNER 4080120.41147431 
CELLSIZE 500 
NODATA_value -9999 
[rows 46 to 68 of 93, columns 51 to 101 of 191]
902.245333333333 927.873333333333 987.476666666667 882.044666666667 854.766 775.626 830.176666666667 800.66 841.971333333333 910.760666666667 934.749333333333 980.102 973.948666666667 940.410666666667 933.571333333333 913.295333333333 864.446666666667 789.575333333333 756.656666666667 787.458 758.804 746.239 760.075333333333 787.446666666667 825.238666666667 872.814666666667 885.718666666667 854.168 854.011333333333 853.416 836.209333333333 819.028 796.162666666667 801.428 781.684666666667 835.880666666667 801.292666666667 766.446666666667 724.659333333333 706.119333333333 715.699333333333 741.458666666667 771.828666666667 774.662666666667 779.953333333333 737.176666666667 687.444 588.693333333333 564.724 606.860666666667 638.694666666667
948.651333333333 981.478666666667 1006.436 907.087333333333 816.272 829.952666666667 887.894666666667 861.334 853.253333333333 957.595333333333 1044.63933333333 988.666666666667 964.757333333333 948.806 905.450666666667 858.112 825.510666666667 818.056666666667 776.852 714.579333333333 703.687333333333 697.153333333333 753.200666666667 805.417333333333 851.905333333333 887.990666666667 871.366 833.376666666667 851.967333333333 816.974 802.237333333333 807.812 778.659333333333 772.474666666667 776.617333333333 833.42 806.601333333333 765.601333333333 728.669333333333 676.985333333333 694.902 726.264666666667 757.863333333333 756.725333333333 759.707333333333 726.392 677.126 650.26 602.488666666667 637.994666666667 695.058666666667
981.325333333333 1031.842 975.301333333333 883.349333333333 873.346666666667 891.044666666667 897.14 959.474 896.551333333333 947.157666666667 1063.56 1044.54266666667 969.480666666667 925.39 889.119333333333 888.613333333333 876.506 861.899333333333 800.295333333333 760.319333333333 706.061333333333 654.707333333333 733.375 808.16 847.044666666667 881.916 855.99 812.505333333333 845.032666666667 817.438666666667 790.866 767.357333333333 762.651333333333 748.603333333333 780.374 821.534666666667 809.334 780.412666666667 739.942666666667 700.2 671.181333333333 713.294666666667 749.088 753.516666666667 739.922666666667 707.813333333333 678.167333333333 674.919333333333 613.951333333333 629.397333333333 671.343333333333
1039.79066666667 1036.33866666667 964.499333333333 957.054 936.161333333333 945.406666666667 971.150666666667 989.738666666667 969.493333333333 992.481333333333 1064.676 1037.13066666667 1008.49466666667 942.296 935.900666666667 934.896666666667 901.410666666667 866.518 832.389333333333 769.254666666667 706.554666666667 653.220666666667 738.573333333333 797.186 837.842 873.91 839.429333333333 797.236 818.628 794.962 782.605333333333 753.394 736.565333333333 770.185333333333 810.199333333333 837.991333333333 797.933333333333 771.398 746.963333333333 710.062666666667 666.738666666667 698.458 732.784666666667 748.482 709.418 692.608 669.946666666667 664.348666666667 608.419333333333 622.910666666667 652.013333333333
1100.64733333333 1043.23533333333 1020.29666666667 1010.12966666667 998.202333333333 1023.19366666667 1015.85366666667 1006.25566666667 1012.858 1057.69766666667 1011.09583333333 984.205 981.584 946.410333333333 927.870666666667 900.676 872.818666666667 850.888 817.741333333333 749.605333333333 703.990666666667 651.462666666667 697.036 773.721666666667 813.844 838.843333333333 816.886 792.364666666667 784.176666666667 753.642 743.546 724.33 710.892666666667 761.133333333333 798.668666666667 822.858 822.685333333333 804.688666666667 720.308 707.082 673.485333333333 679.344666666667 724.188 737.712666666667 714.866 677.086 655.427333333333 645.509333333333 614.022 576.947666666667 621.982666666667
1029.55533333333 1029.168 1041.226 981.628 983.622666666667 1020.61933333333 973.97 973.508666666667 1043.46866666667 1085.43133333333 1035.87266666667 963.554333333333 940.550666666667 919.399333333333 885.648333333333 855.366333333333 830.366333333333 810.622666666667 771.454 726.272 691.660666666667 631.727666666667 657.342 738.358166666667 806.584666666667 797.713333333333 771.405666666667 753.969 733.11 718.007333333333 691.621 679.936 678.560666666667 732.214666666667 767.735 793.860333333333 799.566833333333 790.09 769.791 749.691666666667 688.527333333333 688.735666666667 734.389 718.689666666667 685.555666666667 654.799333333333 638.258 646.975333333333 611.379 562.410166666667 568.55
1008.316 1022.602 989.76 959.084666666667 978.727333333333 972.202666666667 939.527333333333 955.11 1031.88466666667 1061.87533333333 1039.57133333333 993.426 905.833333333333 898.600666666667 852.960666666667 812.603333333333 771.500666666667 737.916666666667 734.816 714.600666666667 644.522 595.262 660.101333333333 710.132 773.259333333333 769.61 745.004666666667 702.404 687.164 703.584666666667 657.506 626.785333333333 676.228 707.182 746.991333333333 777.764666666667 755.794666666667 760.367666666667 735.357333333333 717.867333333333 693.145333333333 695.843333333333 754.28 756.182666666667 726.088666666667 640.941333333333 638.225333333333 657.835333333333 620.962 581.067333333333 551.774666666667
968.792666666667 957.048666666667 951.501333333333 933.452 959.042666666667 929.142 897.874666666667 927.689333333333 985.766666666667 1031.11666666667 1017.90866666667 989.121333333333 907.534 875.414666666667 829.495333333333 787.739333333333 736.902 692.552666666667 648.523333333333 654.186666666667 640.38 609.378666666667 660.125333333333 716.169333333333 775.757666666667 724.384 713.026666666667 685.87 669.966 691.592666666667 656.820666666667 606.106666666667 666.310666666667 694.011333333333 749.140666666667 752.297333333333 730.589333333333 736.080666666667 718.974 688.59 661.808666666667 703.665333333333 752.492666666667 753.184666666667 723.45 689.122 687.032666666667 648.852666666667 631.719333333333 599.33 545.022
1014.98533333333 940.496 945.494666666667 896.387333333333 903.958666666667 890.28 849.707333333333 900.696 943.858 967.924666666667 991.909333333333 995.946666666667 942.894 885.524 850.008666666667 815.562666666667 762.642666666667 720.46 659.076666666667 608.704666666667 589.374 617.97 669.924666666667 719.023333333333 762.825333333333 765.000666666667 688.811333333333 661.32 683.792666666667 683.516666666667 647.247333333333 604.050666666667 651.976 699.516 729.782666666667 738.109333333333 712.961333333333 688.651333333333 705.864333333333 666.012 678.058666666667 727.094 768.227333333333 761.994666666667 729.712 684.802666666667 661.58 699.036 698.079333333333 670.261333333333 552.617333333333
1033.60466666667 952.788666666667 927.992 903.17 847.671333333333 830.952666666667 812.630666666667 859.072666666667 913.090666666667 933.906666666667 960.158 981.148666666667 945.091 902.407333333333 865.3 823.542666666667 791.245333333333 750.707333333333 692.194 633.902666666667 582.464666666667 629.197333333333 675.640666666667 722.094 763.390666666667 767.599333333333 704.136666666667 663.836 684.980666666667 667.952666666667 641.856 606.036666666667 647.759333333333 705.596 748.173333333333 731.799333333333 713.724 673.338 682.246 646.988666666667 687.441333333333 749.471333333333 757.605333333333 748.038666666667 743.57 724.44 656.62 679.865333333333 700.766666666667 664.988 624.328
1020.97 995.285333333333 899.441333333333 908.731333333333 824.134 780.514666666667 798.845333333333 817.231333333333 861.595333333333 909.992 941.385333333333 940.624 920.894666666667 898.519666666667 842.127333333333 822.139333333333 766.622666666667 714.266 650.520666666667 598.776 589.708666666667 660.734666666667 697.55 734.890666666667 785.508 774.623333333333 718.729666666667 674.714 685.000666666667 666.634 642.312 612.984666666667 640.595333333333 701.571333333333 740.743333333333 726.653333333333 704.316 685.797333333333 660.908 635.494 715.379333333333 764.256666666667 754.248666666667 735.16 726.512666666667 705.556 664.742666666667 664.735333333333 679.407333333333 654.406 611.626666666667
1015.67333333333 976.098 935.846 896.453333333333 819.474666666667 741.504 774.904 810.922 851.49 893.326666666667 921.641333333333 928.818666666667 895.141333333333 863.176666666667 810.489333333333 783.125333333333 739.68 682.014666666667 638.155333333333 570.806666666667 615.732 647.558666666667 697.154666666667 744.320666666667 795.587333333333 769.982666666667 714.779333333333 675.236666666667 652.917333333333 669.642666666667 651.44 620.974666666667 662.714 730.080666666667 739.946666666667 718.69 696.474 673.166666666667 641.76 649.438666666667 737.518666666667 747.653333333333 738.414666666667 723.286666666667 709.358666666667 679.23 647.492 630.838 651.782 638.709333333333 604.444
1013.93266666667 1002.356 910.524666666667 841.690666666667 798.41 754.211333333333 768.464 814.458666666667 842.19 880.488 913.995333333333 915.751333333333 877.436 838.569333333333 791.966666666667 763.159333333333 717.918666666667 657.482666666667 622.005333333333 572.160666666667 636.616 667.984666666667 715.656666666667 788.416666666667 794.087333333333 774.109333333333 715.601 670.222666666667 675.256666666667 684.361333333333 649.88 624.333333333333 689.779333333333 734.062666666667 736.498666666667 716.993333333333 691.380666666667 667.747333333333 625.95 671.821333333333 737.172 733.892666666667 720.453333333333 709.801333333333 697.274666666667 671.708666666667 630.399333333333 595.452 622.712666666667 636.083333333333 596.041333333333
998.605333333333 1016.50966666667 951.652 860.321333333333 790.593333333333 755.332666666667 784.766 819.235333333333 846.812666666667 883.368 910.868666666667 905.056666666667 854.11 810.072 782.074 735.636 692.146 636.527333333333 606.792 594.754 654.583333333333 711.999333333333 765.396666666667 840.083333333333 797.821333333333 781.344666666667 748.949333333333 693.925666666667 666.51 697.167333333333 669.543333333333 639.585333333333 704.977333333333 760.526666666667 742.1 715.919333333333 692.351333333333 659.664666666667 613.746 683.007333333333 720.309 716.637333333333 709.442 693.023333333333 691.134666666667 674.544 625.914666666667 581.719333333333 602.294 634.196 596.824
974.676 997.241333333333 943.632666666667 870.524 793.657333333333 809.942 813.788 839.196666666667 870.512 903.720666666667 922.551333333333 885.690666666667 837.653333333333 777.662666666667 726.157 696.686 651.113333333333 619.696 583.712 610.753333333333 679 767.596666666667 816.147333333333 847.296666666667 828.646666666667 792.849333333333 765.482 718.057 666.446666666667 671.915333333333 655.625333333333 700.945333333333 764.521333333333 767.703333333333 742.451333333333 716.151333333333 684.04 658.907333333333 611.236 679.987333333333 712.979666666667 694.148666666667 689.892 677.454666666667 670.720666666667 654.115333333333 631.782 581.813333333333 575.455333333333 613.198 596.804666666667
934.612 967.721333333333 928.954333333333 847.095333333333 842.809333333333 857.422 859.494666666667 867.888666666667 896.058 917.792 919.503333333333 893.051333333333 846.056666666667 791.284 709.006 654.032 614.943333333333 595.4 577.46 635.862666666667 688.454666666667 778.862 866.008 869.618666666667 839.288 811.255333333333 773.646 747.01 694.592 670.010666666667 677.407333333333 760.3 812.746 781.158666666667 748.102666666667 713.837333333333 683.360666666667 653.812 616.033333333333 675.936 714.768666666667 688.077 666.140666666667 656.583333333333 640.896666666667 629.678666666667 606.870666666667 581.51 551.615333333333 587.047333333333 571.566666666667
880.793333333333 894.588666666667 872.711166666667 856.755666666667 862.685 879.998 893.362333333333 906.296 915.184 928.864 897.084666666667 860.549333333333 839.582666666667 783.946 728.68 648.664333333333 591.426666666667 567.888666666667 631.325333333333 665.916 712.146 822.859333333333 881.276666666667 868.464 847.208666666667 819.534 790.311333333333 756.599333333333 702.847666666667 668.759333333333 725.795333333333 780.877333333333 799.824666666667 787.910666666667 756.273333333333 708.870666666667 682.646666666667 642.243333333333 610.785333333333 693.222666666667 711.262 669.390333333333 637.444666666667 624.854 611.15 603.108666666667 592.109333333333 560.063333333333 572.686 599.782666666667 593.384
904.531333333333 844.876666666667 841.098 857.651666666667 907.078 919.1 926.800666666667 940.528 947.312 911.957 863.144 799.697666666667 767.497333333333 748.117666666667 742.922 693.392444444444 608.662 588.872 651.312666666667 719.270666666667 764.099333333333 826.696666666667 866.472333333333 859.871666666667 848.804 824.024 797.363666666667 772.861 725.205333333333 667.510888888889 728.638666666667 755.401 772.656666666667 770.352 742.038333333333 710.707 669.718 627.976 627.921333333333 693.552666666667 697.054333333333 651.871 616.508 633.842666666667 618.288 606.274 597.790666666667 583.580666666667 555.431333333333 -9999 -9999
890.224 843.136666666667 779.851333333333 857.644 908.978666666667 933.584666666667 942.614666666667 962.164 953.116 902.754 845.953333333333 785.932666666667 731.651333333333 724.864666666667 730.955333333333 718.534666666667 622.796333333333 627.185333333333 669.419333333333 706.997333333333 808.216666666667 851.548 853.745333333333 837.569333333333 825.687333333333 821.355333333333 801.767333333333 779.118 756.926666666667 685.873333333333 675.021333333333 723.016666666667 737.107333333333 759.995333333333 738.314 706.381333333333 674.02 639.598 648.996 690.810666666667 672.61 666.233333333333 634.041166666667 614.054 593.492 -9999 572.720666666667 -9999 -9999 -9999 -9999
826.59 798.244 792.038 849.840666666667 903.859666666667 934.478666666667 977.935333333333 976.68 954.342 927.089333333333 883.616666666667 808.206 751.862 702.565333333333 688.544 692.018 666.272666666667 633.199666666667 684.006 784.672 837.953333333333 832.049333333333 825.156666666667 832.449333333333 821.234666666667 797.003333333333 799.277333333333 782.022 760.578666666667 729.712666666667 682.188 697.24 730.500666666667 753.390666666667 714.9 687.108666666667 -9999 -9999 644.003333333333 649.984 660.142 641.417333333333 628.348666666667 606.085333333333 -9999 -9999 -9999 -9999 -9999 -9999 -9999
780.819333333333 747.399333333333 791.28 845.897333333333 914.085666666667 955.096666666667 968.612666666667 951.344666666667 937.67 903.998666666667 863.889333333333 813.327333333333 776.16 725.392 684.383333333333 648.787333333333 637.616 686.327 746.937333333333 794.58 830.032666666667 815.913333333333 807.000666666667 804.019333333333 807.274666666667 812.722666666667 799.152 786.390666666667 764.38 739.984666666667 686.805666666667 688.183333333333 726.929333333333 728.921333333333 700.942 673.948 -9999 -9999 -9999 634.965333333333 638.890666666667 619.703333333333 613.456 -9999 -9999 -9999 -9999 -9999 -9999 -9999 -9999
739.996666666667 776.053333333333 833.155333333333 869.493333333333 927.348666666667 950.524 939.097333333333 928.013333333333 917.030666666667 879.892 861.632666666667 833.169333333333 786.390666666667 736.03 702.666 654.733333333333 650.674666666667 692.800666666667 773.569333333333 809.438 844.02 826.914666666667 811.24 785.905333333333 803.667333333333 797.530666666667 785.539333333333 770.973333333333 754.536 738.670666666667 688.201 680.289333333333 721.847333333333 710.672 684.150666666667 658.767333333333 -9999 -9999 -9999 -9999 614.772666666667 -9999 -9999 -9999 -9999 -9999 -9999 -9999 -9999 -9999 -9999
715.201333333333 773.605333333333 823.660666666667 873.950666666667 898.234 926.016666666667 911.503333333333 894.450666666667 881.617333333333 871.636 838.495333333333 800.034 766.808666666667 729.296 689.662 657.618666666667 649.294 663.697333333333 758.846333333333 835.520666666667 823.678 802.882 789.226666666667 773.298666666667 774.609333333333 776.566 772.986 757.6 736.598 727.059333333333 696.360666666667 665.548666666667 696.492 706.272666666667 681.131333333333 648.008666666667 -9999 -9999 -9999 -9999 -9999 -9999 -9999 -9999 -9999 -9999 -9999 -9999 -9999 -9999 -9999
