data/derived/r_sen_pre.asc
NCOLS 186 
NROWS 74 
XLLCORNER 443300.206538099 
YLLCORNER 4085841.77455235 
CELLSIZE 500 
NODATA_value -9999 
[rows 33 to 65 of 74, columns 74 to 147 of 186]
-2.364 -2.566 -2.692 -2.658 -2.967 -2.773 -2.671 -2.537 -2.4 -2.081 -1.873 -1.6855 -1.411 -1.187 -1.021 -0.913 -0.801 -0.666 -0.642 -0.621 -1.363 -1.41 -0.503 -0.845 -0.8935 -1.416 -1.443 -1.349 -0.029 0.043 0.09 -0.224 -1.02 -1.463 -2.087 -0.745 -0.59 -1.8315 1.944 1.999 2.016 1.144 -3.234 -3.563 -3.887 -4.589 -4.57 -4.476 -4.713 -0.58 -0.925 -1.456 -1.241 -1.661 -1.904 -1.259 -1.327 -1.376 -1.623 -1.144 -1.34 -0.98 -0.47 -0.4805 -1.464 -3.153 -2.793 -2.827 -2.629 -2.533 -1.77 -2.68 -2.734 -1.737
-2.482 -2.508 -2.584 -2.693 -3.311 -3.191 -3.04 -2.933 -2.829 -2.626 -2.394 -2.189 -1.9065 -1.564 -1.349 -1.208 -1.088 -0.988 -0.896 -0.874 -0.748 -1.482 -0.549 -0.546 -1.34 -1.203 -1.19 -0.595 0.314 0.417 0.442 0.023 -0.335 0.146 -0.975 -1.89 -2.045 -1.929 0.695 3.267 2.746 2.14 1.573 0.88 -0.384 -2.114 -4.907 -4.95 -0.506 -0.53 -0.603 -0.5405 -0.533 -0.859 -1.04 -0.889 -0.613 -0.676 -0.856 0.07 -0.58 -0.28 -1.009 0.14 0.307 -2.779 -2.449 -2.736 -2.53 -2.397 -2.051 -1.09 -0.78 -0.757
-2.79 -2.807 -2.823 -2.697 -1.434 -1.309 -3.013 -3.003 -2.986 -2.951 -2.679 -2.568 -2.1675 -1.806 -1.536 -1.333 -1.234 -1.154 -1.149 -0.992 -0.88 -1.671 -1.07 -0.823 -1.507 -1.207 -1.027 -1.204 0.372 0.383 0.572 -0.159 -1.82 0.158 -0.517 -1.153 -4.03 -2.357 0.86 1.943 0.409 0.507 1.05 0.201 -1.889 -3.4 -3.429 -3.567 -1.05 -1.273 -1.161 -0.717 -0.724 -1.05 -0.395 -0.4 -0.42 -0.025 0.229 0.485 0.994 1.033 0.356 -0.78 0.465 1.244 -2.196 -2.264 -2.269 -2.014 -1.299 -1.789 -0.837 -0.727
-1.761 -1.779 -1.6 -1.848 -1.802 -1.629 -1.464 -1.476 -3.407 -3.229 -2.926 -2.828 -2.537 -2.124 -1.74 -1.458 -1.351 -1.312 -1.272 -1.086 -0.957 -1.75 -1.165 -1.384 -1.663 -1.462 -1.2165 -1.36 -0.673 -0.56 -1.116 -0.226 -1.619 -3.04 -3.215 -4.703 -4.493 -2.507 -1.311 0.403 -1.259 -1.291 -0.237 -0.64 -1.979 -3.766 -3.74 -3.629 -1.444 -1.64 -1.753 -1.311 -0.995 -0.481 -1.135 -1.441 -0.444 -0.284 -0.13 -0.101 -0.279 -0.421 -0.029 1.079 0.583 0.45 -1.656 -1.134 -1.236 -1.071 -0.28 -0.496 0.051 0.041
-2.40633333333333 -2.2165 -2.0965 -2.087 -1.959 -1.9815 -2.0355 -1.9305 -1.7955 -1.652 -1.3705 -1.955 -1.764 -1.7265 -1.8975 -2.1005 -1.6005 -1.5575 -1.4995 -1.3115 -1.0725 -1.34 -0.953 -1.4765 -1.067 -1.384 -1.535 -1.003 -0.6925 -0.741 -0.759 -1.3465 -1.5585 -1.682 -2.4925 -4.4185 -5.097 -3.7715 -2.8185 -1.14225 -3.161 -3.2905 -2.5435 -1.7805 -3.1315 -3.5805 -3.4805 -3.7405 -2.6005 -3.322 -2.492 -1.399 -0.9515 -1.0885 -1.031 -0.963 -0.9785 -0.9685 -0.698 -0.7935 -0.987 -1.2135 -0.9465 -0.4215 0.5455 1.81675 0.5195 -0.258 -0.0485 0.6435 0.877 0.9535 0.814 0.712
-2.966 -2.7335 -2.868 -2.757 -2.57 -2.454 -2.287 -2.401 -2.011 -2.058 -1.408 -0.862 -0.772 -1.28 -2.678 -2.477 -1.555 -0.457 -0.168 0.2 -0.868 -1.943 -1.705 -1.911 -1.989 -1.254 -0.726 -0.7265 -0.614 -0.693 -1.628 -1.038 -0.232 -0.21 -2.299 -4.471 -5.164 -4.883 -3.439 -2.309 -3.634 -4.001 -3.716 -2.664 -3.459 -3.656 -3.767 -3.801 -3.41 -3.339 -3.294 -3.284 -2.94 -2.651 -3.384 -3.37 -1.7 -1.905 -1.34 -1.466 -1.77 -1.93 -1.673 -1.284 -0.913 -0.14 1.6535 -0.43 0.19 0.731 0.847 1.004 0.826 0.81
-3.148 -3.098 -3.348 -3.082 -3.096 -2.916 -2.583 -2.41 -2.419 -2.19 -1.464 -0.877 -0.736 -1.56 -2.7495 -2.759 -2.407 -1.303 -1.152 -0.882 -1.678 -1.976 -1.876 -1.714 -1.603 -1.622 -1.403 -0.8845 -0.617 -0.712 -2.28 -2.627 -1.485 -0.604 -1.71 -3.539 -4.856 -9999 -4.401 -3.273 -4.038 -3.937 -3.573 -3.311 -3.37 -3.43 -3.514 -3.67 -3.514 -3.426 -3.346 -3.347 -3.301 -3.331 -3.496 -3.51 -3.399 -3.296 -3.267 -3.173 -3.14 -3.154 -2.294 -1.794 -1.18 0.13 1.35 2.3 -0.147 0.504 0.659 0.747 0.663 0.083
-3.542 -3.441 -3.713 -3.449 -3.368 -3.231 -3.024 -2.681 -3.798 -2.037 -1.357 -0.937 -0.664 -1.408 -2.618 -2.844 -2.701 -1.955 -1.672 -1.907 -2.193 -2.018 -1.938 -1.776 -1.626 -1.628 -1.653 -1.223 -0.831 -0.578 -1.907 -4.127 -2.823 -1.713 -1.889 -4.51 -4.71 -9999 -4.294 -4.07 -4.093 -3.004 -3.484 -3.261 -3.38 -3.481 -3.501 -3.353 -3.56 -3.344 -3.463 -3.437 -3.416 -3.381 -3.541 -2.587 -3.14 -3.413 -3.336 -3.3 -3.223 -3.229 -3.2 -2.021 -1.07 0.64 0.667 1.8915 2.13 2.484 2.803 2.606 2.411 -0.15
-3.933 -3.834 -4.1375 -3.88 -3.741 -3.456 -3.26 -3.628 -3.103 -2.402 -2.08 -2.522 -1.085 -1.952 -2.705 -2.8745 -2.679 -2.678 -2.238 -2.334 -2.196 -2.038 -1.954 -1.779 -1.631 -1.654 -1.648 -1.888 -1.3045 -0.573 -1.312 -3.657 -4.613 -3.319 -1.996 -3.814 -4.573 -9999 -4.271 -4.016 -2.75 -2.6245 -3.354 -3.194 -2.33 -3.537 -3.576 -3.371 -3.529 -3.233 -2.898 -3.318 -3.514 -3.494 -3.127 -2.62 -2.627 -3.464 -3.444 -3.411 -3.314 -3.329 -3.097 -1.93 -0.503 -0.201 0.297 1.435 2.184 2.401 2.21 2.46 2.123 2.116
-4.356 -4.331 -4.463 -4.4065 -4.169 -3.858 -3.513 -4.201 -3.413 -2.808 -2.647 -3.332 -3.463 -3.143 -3.229 -2.879 -2.623 -2.65 -2.573 -2.391 -2.177 -2.027 -1.926 -1.78 -1.61 -1.608 -1.624 -3.653 -2.076 -0.987 -1.673 -3.81 -4.993 -4.214 -3.203 -3.921 -4.404 -9999 -9999 -2.31 -9999 -2.785 -3.32 -3.136 -1.279 -3.456 -3.621 -3.383 -3.511 -3.383 -3.117 -2.576 -2.702 -3.6 -2.6405 -2.734 -2.951 -2.561 -2.804 -2.976 -3.417 -3.494 -2.519 -1.559 -0.793 0.76 1.91 2.06 2.42 2.4 2.42 2.652 2.794 3.079
-4.594 -4.717 -4.849 -4.7765 -4.433 -4.114 -4.222 -4.089 -4.011 -3.575 -3.348 -3.484 -3.334 -2.46 1.554 1.621 -2.677 -2.624 -2.559 -2.338 -2.156 -1.98 -1.926 -1.779 -1.611 -1.576 -1.57 -1.554 -3.187 -2.0915 -1.975 -4.005 -4.883 -4.657 -4.009 -4.106 -4.321 -9999 -9999 -9999 -9999 -1.699 -1.396 -2.28 -1.251 -3.277 -3.404 -3.351 -3.5 -3.346 -3.226 -2.906 -2.339 -2.636 -2.02 -2.532 -2.856 -2.899 -3.003 -3.266 -3.521 -3.272 -2.381 -0.66 0.71 2.4 3.82 3.61 3.6045 2.98 2.556 2.4 2.568 3.017
-4.676 -4.939 -5.1 -4.9345 -4.547 -4.488 -3.568 -2.939 -3.902 -3.747 -3.562 -3.316 -2.83 1.41 1.689 1.992 1.3225 2.38 -2.521 -2.309 -2.13 -2.016 -1.991 -1.81 -1.624 -1.577 -1.5 -1.57 -3.917 -2.9845 -2.67 -4.355 -4.756 -4.624 -4.34 -4.099 -3.165 -9999 -9999 -9999 -4.006 -3.727 -2.1145 -1.471 -1.583 -3.253 -3.461 -3.391 -3.52 -3.429 -3.216 -2.984 -2.48 -2.096 -2.206 -2.638 -2.771 -2.983 -3.183 -3.553 -3.567 -3.101 -2.303 -1.574 2.83 4.58 4.62 4.067 3.421 2.792 2.411 2.335 2.405 2.639
-4.711 -4.988 -5.102 -5.168 -4.612 -4.08 -3.569 -2.522 -1.623 -3.547 -3.392 0.631 1.153 1.623 1.76 1.506 1.059 1.712 2.361 1.77 -2.106 -2.038 -2.003 -1.837 -1.694 -1.56 -1.531 -1.556 -4.73 -3.938 -3.3885 -3.979 -4.604 -2.62 -3.515 -3.345 -3.805 -4.164 -9999 -9999 -9999 -3.76 -3.569 -1.9615 -3.2 -3.276 -3.384 -3.417 -3.547 -3.524 -3.226 -3.091 -2.67 -2.357 -2.456 -2.676 -2.765 -3.099 -3.469 -3.893 -3.837 -2.871 -1.924 2.385 4.243 4.819 4.236 3.752 3.31 2.7545 2.295 2.446 2.144 2.414
-4.502 -4.997 -5.038 -4.952 -4.3315 -3.617 -3.302 -2.182 -1.263 -1.87 0.483 0.82 1.34 1.787 1.529 0.969 0.461 1.7865 2.319 1.713 1.81 2.4 -1.964 -1.854 -1.716 -1.613 0.316 -1.498 -1.579 -7.25 -6.876 -3.393 -4.31 -1.594 -4.27 -1.921 -1.6 -1.867 -9999 -9999 -9999 -3.019 -3.1 -3.291 -3.201 -3.269 -3.419 -3.499 -3.634 -3.649 -3.306 -3.163 -2.83 -2.71 -2.803 -2.789 -2.872 -3.44 -3.773 -3.824 -3.098 -2.054 0.575 4.36 4.8 4.204 3.734 3.343 2.997 2.4925 2.269 2.245 2.076 2.574
-3.994 -4.489 -4.738 -4.63 -4.228 -3.704 -2.769 -1.654 -0.627 0.286 0.914 1.203 0.923 1.524 1.08 0.541 0.786 1.777 2.5745 1.853 2.91 2.644 2.73 3.08 2.969 -0.76 0.5 -1.548 2.778 -7.91 -7.833 -5.9295 -4.114 -2.335 -2.835 -2.599 -2.14 -2.26 -9999 -9999 -3.627 -3.429 -3.1 -2.953 -3.22 -3.283 -3.399 -3.533 -3.763 -3.793 -3.43 -3.29 -3.041 -2.993 -2.951 -2.989 -3.1595 -3.8 -4.169 -3.2 -2.27 -1.413 5.17 4.708 4.126 3.679 3.271 2.927 2.61 2.251 2.146 1.87 2.425 2.405
-3.31 -3.72 -3.923 -4.279 -4.218 -2.537 -1.953 -0.986 0.164 1.122 1.492 1.407 0.679 1.017 0.713 2.031 1.055 2.253 2.328 2.133 1.73 2.53 3.32 3.56 2.826 1.451 -0.154 2.302 2.776 2.883 -2.98 -3.378 -3.365 -1.853 -2.519 -3.421 -2.554 -1.705 -9999 -9999 -9999 -3.451 -3.197 -3.093 -3.0245 -3.207 -3.407 -2.86 -3.933 -3.961 -3.63 -3.487 -3.356 -3.406 -3.299 -3.296 -3.417 -3.95 -2.058 -2.524 -1.539 3.266 3.794 3.936 3.498 3.084 2.782 2.513 2.27 2.102 1.9515 2.07 1.401 1.746
-2.2045 -3.354 -2.8335 -2.0175 -1.647 -1.198 -0.506 0.1235 1.3335 1.901 1.6385 1.23 1.5735 1.8995 2.147 2.295 1.781 2.4 2.11966666666667 2.607 3.333 2.5945 2.3015 2.9145 2.266 0.9475 0.033 0.466 2.5605 2.8005 2.725 1.772 2.02866666666667 0.655 -3.025 -3.886 -3.1985 -3.0065 -3.326 -9999 -9999 -3.1695 -2.8775 -2.775 -2.788 -2.79033333333333 -3.082 -2.904 -1.774 -1.98 -3.216 -3.4315 -3.2805 -3.2775 -3.246 -3.1895 -2.787 -2.557 -1.776 -0.911 0.4165 2.91 2.6365 2.4385 2.246 2.0465 1.988 2.076 1.9835 2.0165 1.74766666666667 1.908 1.491 1.14
-3.534 -0.038 -0.096 -0.036 0.426 0.787 0.688 1.019 1.901 1.969 1.579 2.27 3.036 1.629 2.384 4.039 1.99 2.235 3.385 4.187 3.201 1.791 0.571 1.513 1.961 0.59 0.169 0.164 3.993 4.368 4.292 3.4 3.36 2.743 1.643 -0.197 -3.411 -3.194 -3.225 -9999 -9999 -9999 -2.657 -2.489 -2.455 -2.477 -2.7 -9999 -9999 -9999 -2.665 -2.33 -2.099 -1.796 -1.671 -1.221 1.74 2.253 0.942 0.803 1.837 2.439 2.726 2.54 2.299 2.138 1.975 2.08 2.006 2.18 1.956 1.333 0.838 0.876
-1.64 1.556 1.424 0.597 0.539 1.159 1.135 1.689 2.467 2.087 2.445 4.041 2.929 1.353 3.729 4.11 4.085 4.625 4.577 4.009 3.6435 1.686 0.149 0.853 1.927 0.641 0.247 0.388 3.117 3.77 3.798 2.843 2.721 2.3695 1.047 -0.35 0.466 0.909 -9999 -9999 -9999 -9999 -9999 -2.375 -2.256 -9999 -9999 -9999 -9999 -9999 -9999 -1.453 -1.117 -0.7 0.495 1.693 2.57 1.749 2.066 1.5745 3.189 3.401 3.248 3.011 2.594 2.3 2.102 2.135 2.172 2.295 1.801 1.2705 1.081 0.636
3.003 2.494 1.894 1.274 3.06 3.331 2.85 3.153 2.6 2.71 4.765 3.937 3.051 1.399 3.733 4.87 4.797 4.151 3.987 3.543 2.9975 1.926 0.202 0.243 1.241 0.67 0.317 0.531 2.782 3.083 2.99 0.627 2.057 1.7495 0.91 -9999 -9999 -9999 -9999 -9999 -9999 -9999 -9999 -9999 -9999 -9999 -9999 -9999 -9999 -9999 -9999 -9999 -0.309 1.13 1.877 1.599 2.25 2.961 3.341 2.3595 4.08 3.636 3.243 3.39 3.131 2.333 2.184 2.278 2.195 2.151 1.535 1.194 0.7165 0.521
3.5 2.733 2.159 3.27 3.794 3.614 3.919 3.3315 2.797 4.76 5.166 4.069 3.026 1.693 3.71 5.001 4.414 3.674 3.236 2.879 2.11 1.106 0.316 0.426 0.376 0.401 0.486 0.577 1.767 2.305 2.527 -0.156 1.107 0.8 0.461 -9999 -9999 -9999 -9999 -9999 -9999 -9999 -9999 -9999 -9999 -9999 -9999 -9999 -9999 -9999 -9999 0.025 0.909 1.15 1.407 2.706 3.367 3.453 3.496 2.619 2.936 2.656 2.889 3.68 2.619 1.949 2.069 2.051 2.305 1.824 1.301 1.049 0.5615 0.468
3.704 3.043 3.175 5.673 4.25 3.879 5.887 4.92 4.195 6.48 5.157 4.193 2.744 1.587 4.389 4.953 3.737 3.177 2.293 1.824 1.336 0.8315 0.497 0.702 0.971 0.679 0.67 0.752 0.702 1.22 1.642 -9999 -9999 -9999 -9999 -9999 -9999 -9999 -9999 -9999 -9999 -9999 -9999 -9999 -9999 -9999 -9999 -9999 -9999 -9999 -9999 -9999 1.136 1.314 1.19 1.726 2.179 2.333 2.561 2.286 1.816 2.217 3.009 2.767 1.654 1.469 1.551 1.967 1.333 1.104 1.405 1.142 0.684 0.4075
3.719 3.109 5.405 6.229 5.289 3.504 6.38 7.533 7.2825 6.736 5.611 4.06 2.614 2.667 3.763 4.37 3.449 2.357 1.633 2.626 1.953 1.237 0.681 0.774 -9999 -9999 0.774 0.087 -9999 0.553 1.078 -9999 -9999 -9999 -9999 -9999 -9999 -9999 -9999 -9999 -9999 -9999 -9999 -9999 -9999 -9999 -9999 -9999 -9999 -9999 -9999 -9999 -9999 0.817 1.101 1.303 1.581 1.769 2.303 2.01 1.5355 2.631 2.557 1.583 1.013 1.067 0.647 0.521 0.824 1.096 1.714 1.096 1.116 0.391
3.66 5.03 7.295 6.647 5.239 3.789 6.254 6.953 7.563 7.032 5.201 3.746 2.147 1.934 6.209 5.621 4.478 3.459 2.532 1.846 0.978 -9999 0.732 -9999 -9999 -9999 0.393 -9999 -9999 -9999 -9999 -9999 -9999 -9999 -9999 -9999 -9999 -9999 -9999 -9999 -9999 -9999 -9999 -9999 -9999 -9999 -9999 -9999 -9999 -9999 -9999 -9999 -9999 -9999 -9999 -9999 -9999 -9999 -9999 -9999 -9999 1.6335 1.723 1.127 0.726 0.64 1.029 0.881 0.757 0.563 0.819 1.04 1.172 0.566
4.38 6.705 8.136 7.115 5.26 3.54 3.965 5.715 6.468 7.4045 6.207 5.083 3.614 3.831 5.297 4.474 3.737 2.864 2.036 -9999 -9999 -9999 -9999 -9999 -9999 -9999 -9999 -9999 -9999 -9999 -9999 -9999 -9999 -9999 -9999 -9999 -9999 -9999 -9999 -9999 -9999 -9999 -9999 -9999 -9999 -9999 -9999 -9999 -9999 -9999 -9999 -9999 -9999 -9999 -9999 -9999 -9999 -9999 -9999 -9999 -9999 0.956 0.836 0.726 0.661 0.274 0.087 0.163 0.157 0.307 1.099 1.076 0.795 -0.13
7.38 8.165 7.803 6.647 5.26 4.297 3.193 4.567 6.19 6.9995 5.514 -9999 -9999 3.617 3.699 3.951 3.101 2.482 1.532 -9999 -9999 -9999 -9999 -9999 -9999 -9999 -9999 -9999 -9999 -9999 -9999 -9999 -9999 -9999 -9999 -9999 -9999 -9999 -9999 -9999 -9999 -9999 -9999 -9999 -9999 -9999 -9999 -9999 -9999 -9999 -9999 -9999 -9999 -9999 -9999 -9999 -9999 -9999 -9999 -9999 -9999 -9999 -9999 -9999 0.161 0.049 -9999 -9999 0.469 0.12 -9999 -9999 -0.049 -9999
7.55 8.998 7.94 6.55 5.293 4.158 2.503 3.87 5.792 6.625 5.4985 -9999 -9999 -9999 3.074 3.063 2.209 1.853 -9999 -9999 -9999 -9999 -9999 -9999 -9999 -9999 -9999 -9999 -9999 -9999 -9999 -9999 -9999 -9999 -9999 -9999 -9999 -9999 -9999 -9999 -9999 -9999 -9999 -9999 -9999 -9999 -9999 -9999 -9999 -9999 -9999 -9999 -9999 -9999 -9999 -9999 -9999 -9999 -9999 -9999 -9999 -9999 -9999 -9999 -9999 -9999 -9999 -9999 -9999 -9999 -9999 -9999 -9999 -9999
8.435 8.578 7.323 6.048 4.907 3.722 2.292 3.337 5.533 6.097 4.9065 -9999 -9999 -9999 -9999 2.063 -9999 -9999 -9999 -9999 -9999 -9999 -9999 -9999 -9999 -9999 -9999 -9999 -9999 -9999 -9999 -9999 -9999 -9999 -9999 -9999 -9999 -9999 -9999 -9999 -9999 -9999 -9999 -9999 -9999 -9999 -9999 -9999 -9999 -9999 -9999 -9999 -9999 -9999 -9999 -9999 -9999 -9999 -9999 -9999 -9999 -9999 -9999 -9999 -9999 -9999 -9999 -9999 -9999 -9999 -9999 -9999 -9999 -9999
8.155 7.983 7.054 5.691 4.5125 3.083 1.91 3.29 5.055 5.6 4.945 3.954 -9999 -9999 -9999 -9999 -9999 -9999 -9999 -9999 -9999 -9999 -9999 -9999 -9999 -9999 -9999 -9999 -9999 -9999 -9999 -9999 -9999 -9999 -9999 -9999 -9999 -9999 -9999 -9999 -9999 -9999 -9999 -9999 -9999 -9999 -9999 -9999 -9999 -9999 -9999 -9999 -9999 -9999 -9999 -9999 -9999 -9999 -9999 -9999 -9999 -9999 -9999 -9999 -9999 -9999 -9999 -9999 -9999 -9999 -9999 -9999 -9999 -9999
6.669 6.923 6.834 6.216 4.538 -9999 -9999 3.231 3.6 3.61 -9999 -9999 -9999 -9999 -9999 -9999 -9999 -9999 -9999 -9999 -9999 -9999 -9999 -9999 -9999 -9999 -9999 -9999 -9999 -9999 -9999 -9999 -9999 -9999 -9999 -9999 -9999 -9999 -9999 -9999 -9999 -9999 -9999 -9999 -9999 -9999 -9999 -9999 -9999 -9999 -9999 -9999 -9999 -9999 -9999 -9999 -9999 -9999 -9999 -9999 -9999 -9999 -9999 -9999 -9999 -9999 -9999 -9999 -9999 -9999 -9999 -9999 -9999 -9999
5.389 5.643 5.611 -9999 -9999 -9999 -9999 -9999 -9999 -9999 -9999 -9999 -9999 -9999 -9999 -9999 -9999 -9999 -9999 -9999 -9999 -9999 -9999 -9999 -9999 -9999 -9999 -9999 -9999 -9999 -9999 -9999 -9999 -9999 -9999 -9999 -9999 -9999 -9999 -9999 -9999 -9999 -9999 -9999 -9999 -9999 -9999 -9999 -9999 -9999 -9999 -9999 -9999 -9999 -9999 -9999 -9999 -9999 -9999 -9999 -9999 -9999 -9999 -9999 -9999 -9999 -9999 -9999 -9999 -9999 -9999 -9999 -9999 -9999
4.843 4.594 -9999 -9999 -9999 -9999 -9999 -9999 -9999 -9999 -9999 -9999 -9999 -9999 -9999 -9999 -9999 -9999 -9999 -9999 -9999 -9999 -9999 -9999 -9999 -9999 -9999 -9999 -9999 -9999 -9999 -9999 -9999 -9999 -9999 -9999 -9999 -9999 -9999 -9999 -9999 -9999 -9999 -9999 -9999 -9999 -9999 -9999 -9999 -9999 -9999 -9999 -9999 -9999 -9999 -9999 -9999 -9999 -9999 -9999 -9999 -9999 -9999 -9999 -9999 -9999 -9999 -9999 -9999 -9999 -9999 -9999 -9999 -9999
-9999 -9999 -9999 -9999 -9999 -9999 -9999 -9999 -9999 -9999 -9999 -9999 -9999 -9999 -9999 -9999 -9999 -9999 -9999 -9999 -9999 -9999 -9999 -9999 -9999 -9999 -9999 -9999 -9999 -9999 -9999 -9999 -9999 -9999 -9999 -9999 -9999 -9999 -9999 -9999 -9999 -9999 -9999 -9999 -9999 -9999 -9999 -9999 -9999 -9999 -9999 -9999 -9999 -9999 -9999 -9999 -9999 -9999 -9999 -9999 -9999 -9999 -9999 -9999 -9999 -9999 -9999 -9999 -9999 -9999 -9999 -9999 -9999 -9999
