data/derived/r_sen_tempau.asc
NCOLS 186 
NROWS 74 
XLLCORNER 443300.206538099 
YLLCORNER 4085841.77455235 
CELLSIZE 500 
NODATA_value -9999 
[rows 35 to 69 of 74, columns 77 to 153 of 186]
0.065 0.064 0.065 0.066 0.06 0.054 0.055 0.071 0.079 0.081 0.083 0.087 0.09 0.06 0.07 0.082 0.076 0.097 0.086 0.074 0.064 0.11 0.118 0.114 0.12 0.116 0.116 0.114 0.114 0.116 0.114 0.116 0.118 0.108 0.104 0.1445 0.145 0.141 0.142 0.153 0.153 0.148 0.146 0.142 0.139 0.139 0.139 0.144 0.1505 0.161 0.166 0.17 0.174 0.175 0.179 0.18 0.184 0.184 0.186 0.182 0.178 0.152 0.13 0.13 0.124 0.123 0.126 0.128 0.128 0.129 0.126 0.123 0.113 0.112 0.112 0.111 0.109
0.076 0.074 0.076 0.072 0.062 0.06 0.07 0.071 0.076 0.076 0.064 0.051 0.048 0.05 0.062 0.062 0.07 0.08 0.08 0.063 0.06 0.075 0.11 0.109 0.11 0.117 0.112 0.11 0.106 0.104 0.106 0.104 0.11 0.104 0.103 0.141 0.144 0.14 0.158 0.157 0.154 0.151 0.144 0.141 0.141 0.141 0.141 0.14 0.149 0.1595 0.165 0.17 0.175 0.176 0.178 0.18 0.182 0.179 0.181 0.181 0.184 0.182 0.177 0.135 0.135 0.132 0.129 0.132 0.129 0.128 0.133 0.13 0.129 0.114 0.1125 0.1085 0.1055
0.072 0.072 0.073 0.0705 0.0695 0.0585 0.0535 0.0535 0.047 0.046 0.0425 0.0395 0.039 0.042 0.045 0.0475 0.0615 0.062 0.062 0.0635 0.07 0.072 0.105 0.0975 0.1 0.1 0.102 0.105 0.102 0.095 0.095 0.098 0.098 0.1 0.0935 0.1185 0.14125 0.1595 0.1575 0.1575 0.1575 0.1535 0.1505 0.144 0.1405 0.142 0.1425 0.151 0.1585 0.16175 0.1645 0.1675 0.17 0.1735 0.1735 0.176 0.1765 0.1765 0.178 0.179 0.1815 0.186 0.1845 0.1865 0.1905 0.1655 0.1665 0.1385 0.135 0.135 0.133 0.1325 0.1305 0.126 0.118 0.113 0.109
0.062 0.07 0.062 0.051 0.05 0.05 0.044 0.047 0.045 0.043 0.038 0.0345 0.035 0.035 0.034 0.04 0.062 0.053 0.05 0.057 0.06 0.06 0.094 0.09 0.086 0.084 0.09 0.098 0.09 0.09 0.086 0.092 0.088 0.094 0.094 0.102 0.11 0.1625 0.159 0.159 0.159 0.16 0.153 0.15 0.147 0.149 0.151 0.157 0.161 0.162 0.1665 0.167 0.167 0.17 0.17 0.172 0.172 0.17 0.17 0.177 0.181 0.182 0.186 0.1885 0.191 0.192 0.193 0.192 0.192 0.188 0.129 0.127 0.127 0.137 0.137 0.135 0.114
0.073 0.064 0.063 0.05 0.048 0.048 0.042 0.051 0.044 0.042 0.037 0.0305 0.028 0.028 0.04 0.057 0.053 0.05 0.05 0.057 0.047 0.05 0.086 0.087 0.079 0.076 0.088 0.09 0.084 0.088 0.082 0.084 0.09 0.09 -9999 0.099 0.106 0.135 0.163 0.161 0.16 0.162 0.162 0.161 0.156 0.151 0.159 0.166 0.164 0.169 0.171 0.165 0.164 0.169 0.169 0.17 0.167 0.169 0.17 0.168 0.178 0.183 0.188 0.1965 0.193 0.194 0.195 0.195 0.192 0.191 0.187 0.182 0.134 0.136 0.135 0.132 0.1175
0.07 0.07 0.064 0.048 0.05 0.047 0.048 0.055 0.042 0.038 0.035 0.033 0.025 0.033 0.043 0.053 0.052 0.047 0.043 0.043 0.037 0.038 0.04 0.074 0.074 0.07 0.08 0.076 0.086 0.082 0.082 0.08 0.084 0.082 -9999 0.092 0.1 0.1 0.1645 0.166 0.161 0.164 0.166 0.166 0.163 0.16 0.163 0.168 0.172 0.174 0.173 0.1695 0.166 0.165 0.165 0.167 0.166 0.169 0.17 0.167 0.176 0.186 0.188 0.191 0.195 0.194 0.197 0.196 0.194 0.192 0.19 0.183 0.178 0.131 0.132 0.128 0.113
0.06 0.056 0.062 0.052 0.055 0.048 0.048 0.054 0.041 0.036 0.032 0.026 0.026 0.043 0.051 0.05 0.05 0.038 0.039 0.033 0.027 0.023 0.025 0.056 0.056 0.064 0.068 0.067 0.08 0.078 0.076 0.074 0.078 0.074 -9999 0.084 0.093 0.095 0.168 0.167 0.167 0.166 0.169 0.17 0.169 0.167 0.168 0.173 0.176 0.176 0.178 0.1745 0.166 0.16 0.159 0.156 0.16 0.165 0.17 0.17 0.172 0.184 0.186 0.189 0.1935 0.195 0.197 0.194 0.193 0.193 0.192 0.191 0.184 0.131 0.128 0.128 0.1
0.06 0.062 0.06 0.055 0.045 0.049 0.046 0.054 0.036 0.032 0.03 0.025 0.0265 0.043 0.048 0.047 0.04 0.034 0.027 0.023 0.022 0.018 0.021 0.041 0.042 0.049 0.06 0.064 0.062 0.065 0.073 0.068 0.072 0.071 -9999 -9999 0.084 -9999 0.169 0.167 0.169 0.17 0.17 0.172 0.173 0.173 0.176 0.179 0.182 0.182 0.182 0.1745 0.161 0.156 0.15 0.15 0.156 0.164 0.17 0.164 0.173 0.184 0.186 0.188 0.1935 0.197 0.197 0.197 0.194 0.196 0.194 0.194 0.191 0.182 0.126 0.116 0.092
0.0585 0.06 0.06 0.05 0.045 0.046 0.046 0.049 0.034 0.03 0.028 0.025 0.02 0.0415 0.042 0.033 0.03 0.027 0.021 0.02 0.02 0.013 0.017 0.03 0.033 0.037 0.043 0.05 0.052 0.058 0.062 0.062 0.066 0.066 -9999 -9999 -9999 -9999 0.172 0.1725 0.173 0.174 0.176 0.175 0.178 0.178 0.18 0.183 0.186 0.187 0.187 0.181 0.168 0.154 0.15 0.149 0.154 0.165 0.165 0.164 0.173 0.181 0.187 0.188 0.193 0.1935 0.194 0.196 0.194 0.193 0.196 0.191 0.189 0.183 0.181 0.119 0.115
0.0605 0.059 0.058 0.043 0.053 0.047 0.044 0.041 0.033 0.026 0.022 0.019 0.03 0.039 0.039 0.027 0.023 0.019 0.018 0.018 0.013 0.007 0.007 0.017 0.019 0.024 0.0305 0.037 0.039 0.042 0.062 0.073 0.084 0.083 -9999 -9999 -9999 0.087 0.174 0.176 0.177 0.178 0.18 0.18 0.183 0.184 0.184 0.19 0.191 0.191 0.193 0.189 0.1755 0.161 0.153 0.156 0.162 0.167 0.165 0.17 0.176 0.184 0.188 0.191 0.196 0.1945 0.193 0.194 0.192 0.19 0.191 0.188 0.187 0.184 0.188 0.115 0.117
0.058 0.0585 0.057 0.043 0.047 0.045 0.047 0.038 0.031 0.027 0.02 0.02 0.037 0.036 0.025 0.02 0.018 0.017 0.013 0.01 0.004 0.003 -0.002 -0.004 0.012 0.018 0.02 0.027 0.028 0.051 0.054 0.064 0.074 0.08 0.077 -9999 -9999 -9999 0.177 0.177 0.18 0.184 0.185 0.184 0.189 0.189 0.19 0.195 0.197 0.202 0.2 0.2 0.196 0.174 0.163 0.17 0.173 0.164 0.176 0.183 0.19 0.19 0.192 0.197 0.197 0.197 0.1955 0.194 0.192 0.188 0.186 0.187 0.182 0.181 0.185 0.116 0.115
0.056 0.057 0.048 0.045 0.058 0.046 0.044 0.034 0.026 0.024 0.019 0.02 0.033 0.031 0.03 0.017 0.017 0.009 0.007 -0.002 -0.002 -0.008 -0.011 -0.002 0.002 0.011 0.013 0.0205 0.045 0.045 0.051 0.054 0.064 0.074 0.077 -9999 -9999 -9999 0.116 0.182 0.1845 0.186 0.191 0.191 0.194 0.196 0.198 0.2 0.205 0.212 0.213 0.213 0.211 0.2075 0.2 0.193 0.196 0.198 0.199 0.201 0.201 0.2 0.201 0.201 0.2 0.197 0.192 0.192 0.189 0.182 0.188 0.184 0.186 0.184 0.189 0.181 0.114
0.057 0.056 0.051 0.055 0.05 0.037 0.031 0.031 0.026 0.017 0.017 0.033 0.03 0.023 0.015 0.0105 0.007 0 -0.006 -0.003 -0.007 -0.013 -0.007 -0.007 -0.003 0.007 0.007 0.01 0.033 0.042 0.047 0.05 0.056 0.066 0.074 -9999 -9999 0.099 0.113 0.183 0.187 0.192 0.192 0.194 0.197 0.2 0.202 0.211 0.217 0.218 0.222 0.225 0.229 0.2345 0.231 0.227 0.222 0.215 0.212 0.209 0.206 0.203 0.202 0.2 0.197 0.194 0.187 0.187 0.184 0.187 0.186 0.186 0.184 0.183 0.189 0.183 0.115
0.06 0.057 0.0455 0.047 0.044 0.034 0.033 0.027 0.023 0.016 0.014 0.031 0.033 0.014 0.018 0.0095 0.006 0.006 -0.01 -0.01 -0.022 -0.02 -0.017 -0.014 -0.013 -0.013 -0.005 0.017 0.028 0.036 0.042 0.046 0.056 0.061 0.07 -9999 -9999 -9999 0.109 0.186 0.188 0.1925 0.197 0.197 0.201 0.208 0.21 0.215 0.218 0.222 0.229 0.234 0.241 0.251 0.256 0.247 0.238 0.227 0.221 0.216 0.209 0.207 0.203 0.197 0.193 0.192 0.186 0.185 0.184 0.179 0.18 0.182 0.18 0.181 0.144 0.145 0.133
0.055 0.0575 0.0453333333333333 0.04 0.0325 0.0325 0.0285 0.0255 0.0205 0.018 0.0265 0.035 0.026 0.017 0.0155 0.00633333333333333 0.004 -0.013 -0.025 -0.031 -0.0325 -0.025 -0.02 -0.0235 -0.025 -0.025 -0.0185 0 0.013 0.023 0.0325 0.038 0.048 0.056 0.062 0.068 -9999 -9999 0.1045 0.1245 0.167 0.196333333333333 0.203333333333333 0.2065 0.206 0.208 0.213 0.217 0.22 0.225 0.2335 0.242 0.2515 0.2615 0.266333333333333 0.261 0.246 0.235 0.224 0.218 0.212 0.2075 0.196 0.189 0.1885 0.1865 0.185 0.179333333333333 0.179333333333333 0.178 0.1735 0.174 0.175 0.1715 0.165 0.155 0.151
0.067 0.063 0.048 0.03 0.03 0.027 0.027 0.02 0.014 0.017 0.04 0.03 0.015 0.016 0.012 0.001 -0.0025 -0.026 -0.033 -0.035 -0.037 -0.033 -0.037 -0.04 -0.033 -0.03 -0.02 -0.013 -0.007 0.0095 0.02 0.032 0.034 0.052 0.06 0.066 -9999 -9999 -9999 0.122 0.139 0.197 0.2 0.204 -9999 -9999 -9999 0.215 0.22 0.225 0.233 0.24 0.247 0.258 0.263 0.2575 0.24 0.231 0.223 0.217 0.206 0.192 0.186 0.179 0.18 0.179 0.18 0.178 0.173 0.169 0.172 0.17 0.169 0.163 0.151 0.149 0.145
0.054 0.054 0.035 0.033 0.026 0.023 0.019 0.017 0.017 0.03 0.031 0.031 0.018 0.015 0.008 -0.001 0 -0.0225 -0.033 -0.037 -0.035 -0.037 -0.035 -0.04 -0.037 -0.033 -0.03 -0.022 -0.007 -0.003 0.0115 0.022 0.029 0.042 0.058 -9999 -9999 -9999 -9999 -9999 0.126 0.197 -9999 -9999 -9999 -9999 -9999 -9999 0.218 0.222 0.228 0.233 0.24 0.247 0.249 0.246 0.233 0.22 0.212 0.199 0.189 0.177 0.173 0.171 0.174 0.176 0.178 0.171 0.1705 0.171 0.17 0.167 0.164 0.163 0.147 0.143 0.141
0.056 0.054 0.033 0.031 0.025 0.02 0.02 0.021 0.021 0.027 0.027 0.033 0.018 0.015 0.004 0 -0.003 -0.026 -0.033 -0.037 -0.038 -0.035 -0.035 -0.04 -0.04 -0.037 -0.033 -0.027 -0.02 -0.013 0.002 0.015 -9999 -9999 -9999 -9999 -9999 -9999 -9999 -9999 -9999 -9999 -9999 -9999 -9999 -9999 -9999 -9999 -9999 0.218 0.222 0.225 0.229 0.231 0.23 0.226 0.197 0.185 0.174 0.169 0.173 0.174 0.17 0.17 0.169 0.171 0.174 0.169 0.169 0.164 0.165 0.163 0.164 0.148 0.144 0.138 0.137
0.044 0.043 0.03 0.023 0.0235 0.023 0.023 0.027 0.02 0.036 0.029 0.035 0.019 0.016 0.003 -0.002 -0.008 -0.0295 -0.035 -0.035 -0.047 -0.035 -0.047 -0.043 -0.043 -0.047 -0.037 -0.033 -0.027 -0.02 -0.014 0.012 -9999 -9999 -9999 -9999 -9999 -9999 -9999 -9999 -9999 -9999 -9999 -9999 -9999 -9999 -9999 -9999 0.202 0.204 0.204 0.207 0.207 0.193 0.18 0.171 0.1265 0.123 0.122 0.14 0.147 0.147 0.148 0.151 0.16 0.17 0.166 0.16 0.16 0.155 0.153 0.149 0.15 0.143 0.14 0.133 0.136
0.046 0.03 0.027 0.03 0.025 0.0255 0.034 0.026 0.035 0.036 0.03 0.018 0.019 0.013 0.001 -0.009 -0.01 -0.027 -0.0325 -0.037 -0.04 -0.04 -0.047 -0.047 -0.047 -0.043 -0.04 -0.033 -9999 -9999 -9999 -9999 -9999 -9999 -9999 -9999 -9999 -9999 -9999 -9999 -9999 -9999 -9999 -9999 -9999 -9999 -9999 -9999 -9999 0.189 0.183 0.177 0.163 0.14 0.122 0.111 0.1 0.1025 0.106 0.117 0.121 0.13 0.133 0.14 0.143 0.143 0.143 0.147 0.157 0.149 0.157 0.147 0.146 0.139 0.14 0.131 0.129
0.05 0.032 0.025 0.022 0.027 0.034 0.036 0.032 0.041 0.03 0.031 0.025 0.021 0.012 0.002 -0.009 -0.018 -0.03 -0.0325 -0.04 -0.04 -9999 -9999 -0.043 -0.042 -9999 -0.04 -0.035 -9999 -9999 -9999 -9999 -9999 -9999 -9999 -9999 -9999 -9999 -9999 -9999 -9999 -9999 -9999 -9999 -9999 -9999 -9999 -9999 -9999 -9999 0.162 0.153 0.13 0.118 0.103 0.093 0.085 0.072 0.1 0.1 0.11 0.113 0.121 0.129 0.133 0.136 0.141 0.147 0.142 0.153 0.1465 0.157 0.148 0.136 0.136 0.128 0.126
0.054 0.022 0.041 0.046 0.048 0.046 0.0415 0.049 0.041 0.033 0.034 0.039 0.019 0.017 0.004 -0.01 -0.014 -0.03 -9999 -0.043 -9999 -9999 -9999 -0.043 -9999 -9999 -9999 -9999 -9999 -9999 -9999 -9999 -9999 -9999 -9999 -9999 -9999 -9999 -9999 -9999 -9999 -9999 -9999 -9999 -9999 -9999 -9999 -9999 -9999 -9999 -9999 -9999 -9999 -9999 -9999 -9999 -9999 -9999 0.0815 0.1 0.105 0.11 0.117 0.124 0.128 0.133 0.136 0.138 0.141 0.153 0.143 0.143 0.137 0.133 0.129 0.127 0.124
0.06 0.044 0.041 0.043 0.049 0.048 0.049 0.044 0.04 0.03 0.037 0.039 0.018 0.016 0.007 -0.008 -9999 -9999 -9999 -9999 -9999 -9999 -9999 -9999 -9999 -9999 -9999 -9999 -9999 -9999 -9999 -9999 -9999 -9999 -9999 -9999 -9999 -9999 -9999 -9999 -9999 -9999 -9999 -9999 -9999 -9999 -9999 -9999 -9999 -9999 -9999 -9999 -9999 -9999 -9999 -9999 -9999 -9999 0.066 0.078 0.103 0.105 0.112 0.115 0.119 0.127 0.13 0.134 0.138 0.14 0.138 0.138 0.136 0.132 0.129 0.123 0.126
0.067 0.051 0.053 0.046 0.05 0.052 0.0565 0.047 -9999 -9999 0.039 0.037 0.035 0.019 0.012 -0.001 -9999 -9999 -9999 -9999 -9999 -9999 -9999 -9999 -9999 -9999 -9999 -9999 -9999 -9999 -9999 -9999 -9999 -9999 -9999 -9999 -9999 -9999 -9999 -9999 -9999 -9999 -9999 -9999 -9999 -9999 -9999 -9999 -9999 -9999 -9999 -9999 -9999 -9999 -9999 -9999 -9999 -9999 -9999 -9999 -9999 0.094 0.107 -9999 -9999 0.126 0.128 -9999 -9999 0.132 -9999 -9999 -9999 -9999 0.127 0.127 0.123
0.078 0.06 0.057 0.05 0.053 0.061 0.059 0.055 -9999 -9999 -9999 0.04 0.036 0.025 0.015 -9999 -9999 -9999 -9999 -9999 -9999 -9999 -9999 -9999 -9999 -9999 -9999 -9999 -9999 -9999 -9999 -9999 -9999 -9999 -9999 -9999 -9999 -9999 -9999 -9999 -9999 -9999 -9999 -9999 -9999 -9999 -9999 -9999 -9999 -9999 -9999 -9999 -9999 -9999 -9999 -9999 -9999 -9999 -9999 -9999 -9999 -9999 -9999 -9999 -9999 -9999 -9999 -9999 -9999 -9999 -9999 -9999 -9999 -9999 -9999 -9999 -9999
0.066 0.066 0.063 0.066 0.065 0.066 0.062 0.056 -9999 -9999 -9999 -9999 0.039 -9999 -9999 -9999 -9999 -9999 -9999 -9999 -9999 -9999 -9999 -9999 -9999 -9999 -9999 -9999 -9999 -9999 -9999 -9999 -9999 -9999 -9999 -9999 -9999 -9999 -9999 -9999 -9999 -9999 -9999 -9999 -9999 -9999 -9999 -9999 -9999 -9999 -9999 -9999 -9999 -9999 -9999 -9999 -9999 -9999 -9999 -9999 -9999 -9999 -9999 -9999 -9999 -9999 -9999 -9999 -9999 -9999 -9999 -9999 -9999 -9999 -9999 -9999 -9999
0.076 0.0785 0.078 0.071 0.076 0.0775 0.0755 0.0695 0.0605 -9999 -9999 -9999 -9999 -9999 -9999 -9999 -9999 -9999 -9999 -9999 -9999 -9999 -9999 -9999 -9999 -9999 -9999 -9999 -9999 -9999 -9999 -9999 -9999 -9999 -9999 -9999 -9999 -9999 -9999 -9999 -9999 -9999 -9999 -9999 -9999 -9999 -9999 -9999 -9999 -9999 -9999 -9999 -9999 -9999 -9999 -9999 -9999 -9999 -9999 -9999 -9999 -9999 -9999 -9999 -9999 -9999 -9999 -9999 -9999 -9999 -9999 -9999 -9999 -9999 -9999 -9999 -9999
0.084 0.084 -9999 -9999 0.082 0.082 0.082 -9999 -9999 -9999 -9999 -9999 -9999 -9999 -9999 -9999 -9999 -9999 -9999 -9999 -9999 -9999 -9999 -9999 -9999 -9999 -9999 -9999 -9999 -9999 -9999 -9999 -9999 -9999 -9999 -9999 -9999 -9999 -9999 -9999 -9999 -9999 -9999 -9999 -9999 -9999 -9999 -9999 -9999 -9999 -9999 -9999 -9999 -9999 -9999 -9999 -9999 -9999 -9999 -9999 -9999 -9999 -9999 -9999 -9999 -9999 -9999 -9999 -9999 -9999 -9999 -9999 -9999 -9999 -9999 -9999 -9999
-9999 -9999 -9999 -9999 -9999 -9999 -9999 -9999 -9999 -9999 -9999 -9999 -9999 -9999 -9999 -9999 -9999 -9999 -9999 -9999 -9999 -9999 -9999 -9999 -9999 -9999 -9999 -9999 -9999 -9999 -9999 -9999 -9999 -9999 -9999 -9999 -9999 -9999 -9999 -9999 -9999 -9999 -9999 -9999 -9999 -9999 -9999 -9999 -9999 -9999 -9999 -9999 -9999 -9999 -9999 -9999 -9999 -9999 -9999 -9999 -9999 -9999 -9999 -9999 -9999 -9999 -9999 -9999 -9999 -9999 -9999 -9999 -9999 -9999 -9999 -9999 -9999
-9999 -9999 -9999 -9999 -9999 -9999 -9999 -9999 -9999 -9999 -9999 -9999 -9999 -9999 -9999 -9999 -9999 -9999 -9999 -9999 -9999 -9999 -9999 -9999 -9999 -9999 -9999 -9999 -9999 -9999 -9999 -9999 -9999 -9999 -9999 -9999 -9999 -9999 -9999 -9999 -9999 -9999 -9999 -9999 -9999 -9999 -9999 -9999 -9999 -9999 -9999 -9999 -9999 -9999 -9999 -9999 -9999 -9999 -9999 -9999 -9999 -9999 -9999 -9999 -9999 -9999 -9999 -9999 -9999 -9999 -9999 -9999 -9999 -9999 -9999 -9999 -9999
-9999 -9999 -9999 -9999 -9999 -9999 -9999 -9999 -9999 -9999 -9999 -9999 -9999 -9999 -9999 -9999 -9999 -9999 -9999 -9999 -9999 -9999 -9999 -9999 -9999 -9999 -9999 -9999 -9999 -9999 -9999 -9999 -9999 -9999 -9999 -9999 -9999 -9999 -9999 -9999 -9999 -9999 -9999 -9999 -9999 -9999 -9999 -9999 -9999 -9999 -9999 -9999 -9999 -9999 -9999 -9999 -9999 -9999 -9999 -9999 -9999 -9999 -9999 -9999 -9999 -9999 -9999 -9999 -9999 -9999 -9999 -9999 -9999 -9999 -9999 -9999 -9999
-9999 -9999 -9999 -9999 -9999 -9999 -9999 -9999 -9999 -9999 -9999 -9999 -9999 -9999 -9999 -9999 -9999 -9999 -9999 -9999 -9999 -9999 -9999 -9999 -9999 -9999 -9999 -9999 -9999 -9999 -9999 -9999 -9999 -9999 -9999 -9999 -9999 -9999 -9999 -9999 -9999 -9999 -9999 -9999 -9999 -9999 -9999 -9999 -9999 -9999 -9999 -9999 -9999 -9999 -9999 -9999 -9999 -9999 -9999 -9999 -9999 -9999 -9999 -9999 -9999 -9999 -9999 -9999 -9999 -9999 -9999 -9999 -9999 -9999 -9999 -9999 -9999
-9999 -9999 -9999 -9999 -9999 -9999 -9999 -9999 -9999 -9999 -9999 -9999 -9999 -9999 -9999 -9999 -9999 -9999 -9999 -9999 -9999 -9999 -9999 -9999 -9999 -9999 -9999 -9999 -9999 -9999 -9999 -9999 -9999 -9999 -9999 -9999 -9999 -9999 -9999 -9999 -9999 -9999 -9999 -9999 -9999 -9999 -9999 -9999 -9999 -9999 -9999 -9999 -9999 -9999 -9999 -9999 -9999 -9999 -9999 -9999 -9999 -9999 -9999 -9999 -9999 -9999 -9999 -9999 -9999 -9999 -9999 -9999 -9999 -9999 -9999 -9999 -9999
-9999 -9999 -9999 -9999 -9999 -9999 -9999 -9999 -9999 -9999 -9999 -9999 -9999 -9999 -9999 -9999 -9999 -9999 -9999 -9999 -9999 -9999 -9999 -9999 -9999 -9999 -9999 -9999 -9999 -9999 -9999 -9999 -9999 -9999 -9999 -9999 -9999 -9999 -9999 -9999 -9999 -9999 -9999 -9999 -9999 -9999 -9999 -9999 -9999 -9999 -9999 -9999 -9999 -9999 -9999 -9999 -9999 -9999 -9999 -9999 -9999 -9999 -9999 -9999 -9999 -9999 -9999 -9999 -9999 -9999 -9999 -9999 -9999 -9999 -9999 -9999 -9999
-9999 -9999 -9999 -9999 -9999 -9999 -9999 -9999 -9999 -9999 -9999 -9999 -9999 -9999 -9999 -9999 -9999 -9999 -9999 -9999 -9999 -9999 -9999 -9999 -9999 -9999 -9999 -9999 -9999 -9999 -9999 -9999 -9999 -9999 -9999 -9999 -9999 -9999 -9999 -9999 -9999 -9999 -9999 -9999 -9999 -9999 -9999 -9999 -9999 -9999 -9999 -9999 -9999 -9999 -9999 -9999 -9999 -9999 -9999 -9999 -9999 -9999 -9999 -9999 -9999 -9999 -9999 -9999 -9999 -9999 -9999 -9999 -9999 -9999 -9999 -9999 -9999
