data/derived/r_sen_presu.asc
NCOLS 186 
NROWS 74 
XLLCORNER 443300.206538099 
YLLCORNER 4085841.77455235 
CELLSIZE 500 
NODATA_value -9999 
[rows 35 to 69 of 74, columns 0 to 76 of 186]
-9999 -9999 -9999 -9999 -9999 -9999 -9999 -9999 -9999 -9999 -9999 -9999 -9999 -9999 0.318 0.749 0.781 0.431 0.666 -9999 -9999 -9999 0.3955 0.59 0.843 1.605 1.797 1.922 2.042 2.147 2.338 2.453 2.5525 2.5685 2.45333333333333 2.58533333333333 2.403 1.7785 1.6715 1.605 1.5785 1.4045 1.151 0.8955 0.6915 0.5 0.684 0.625666666666667 0.426666666666667 0.478 0.54 0.545 0.464 0.448 0.685 0.78 0.799 0.776 0.863 1.127 1.553 1.603 1.674 1.723 1.961 2.15 1.72 2.901 3.304 3.495 3.57 2.745 2.812 3.104 3.136 3.168 3.172
-9999 -9999 -9999 -9999 -9999 -9999 -9999 -9999 -9999 -9999 -9999 -9999 -9999 -9999 0.519 0.616 0.425 0.441 0.532 0.597 -9999 0.531 0.487 0.743 0.961 1.63 1.963 2.185 2.216 2.183 2.261 2.439 2.606 2.855 2.78 2.723 1.96 1.903 1.89 1.918 1.709 1.42 1.143 0.856 0.614 0.497 0.782 0.427 0.407 0.457 0.5325 0.48 0.439 0.4205 0.459 0.7125 0.709 0.7345 0.83 0.8005 1.4055 1.6115 1.6475 1.696 1.9715 1.722 1.7215 2.5235 3.0155 2.8965 2.7795 2.844 2.739 2.7935 2.997 3.004 3.091
-9999 -9999 -9999 -9999 -9999 -9999 -9999 -9999 -9999 -9999 -9999 -9999 -9999 -9999 -9999 0.541 0.482 0.454 0.419 0.374 0.425 0.569 0.642 1.019 1.13 1.875 2.102 2.373 2.441 2.356 2.43 2.636 2.857 2.905 2.992 2.947 2.6035 2.127 2.073 2.047 1.731 1.429 1.117 0.839 0.553 0.61 0.635 0.398 0.406 0.428 0.483 0.625 0.557 0.43 0.591 0.602 0.506 0.663 0.837 1 1.414 1.583 1.6315 1.784 2.093 1.692 1.903 1.755 1.712 1.728 2.569 2.602 2.41 2.794 3.038 3.1695 3.218
-9999 -9999 -9999 -9999 -9999 -9999 -9999 -9999 -9999 -9999 -9999 -9999 -9999 -9999 -9999 0.465 0.344 0.339 0.314 0.245 0.384 0.555 0.69 1.067 1.475 1.617 1.847 2.31 2.353 2.457 2.564 2.755 2.745 2.78 2.795 2.737 2.661 1.995 1.867 2.03 1.751 1.414 1.104 0.78 0.501 0.75 0.455 0.385 0.383 0.428 0.557 0.539 0.405 0.415 0.463 0.512 0.57 0.586 1.03 1.64 1.547 1.527 1.593 1.71 2.061 1.695 1.912 1.998 1.835 1.912 2.35 2.324 2.466 2.678 2.956 3.301 3.158
-9999 -9999 -9999 -9999 -9999 -9999 -9999 -9999 -9999 -9999 -9999 -9999 -9999 -9999 -9999 0.216 0.203 0.205 0.275 0.507 0.418 0.557 0.561 0.99 1.424 1.579 1.845 2.015 2.162 2.297 2.444 2.608 2.577 2.714 2.792 2.825 2.696 1.95 1.81 1.728 1.714 1.374 1.041 0.744 0.43 0.835 0.394 0.361 0.348 0.408 0.537 0.78 0.402 0.441 0.425 0.775 0.65 0.549 1.269 1.472 1.498 1.508 1.5765 1.657 1.708 1.798 1.785 1.907 2.115 2.315 2.458 2.546 2.436 2.824 3.168 3.3555 3.032
-9999 -9999 1.039 -9999 -9999 -9999 -9999 -9999 -9999 -9999 -9999 -9999 -9999 -9999 -9999 0.193 0.194 0.206 0.451 0.53 0.74 0.543 0.724 0.916 1.434 1.729 1.953 2.171 2.29 2.243 2.301 2.416 2.58 2.868 2.954 2.937 2.852 2.271 1.982 1.81 1.686 1.309 0.97 0.644 0.485 0.597 0.386 0.356 0.659 0.382 0.9005 0.66 0.34 0.362 0.638 0.902 1.292 1.203 1.29 1.381 1.48 1.526 1.532 1.592 2.017 1.87 1.72 1.8 1.908 2.367 2.41 2.636 2.556 2.864 3.156 3.406 3.063
-9999 -9999 -9999 -9999 -9999 0.751 0.693 -9999 -9999 -9999 -9999 -9999 0.2 0.181 0.191 0.162 0.38 0.453 0.446 0.444 0.736 0.519 0.807 1.171 1.544 1.886 2.063 2.317 2.327 2.46 2.54 2.53 2.55 2.82 2.93 3.05 2.943 2.3335 2.242 2.028 1.644 1.25 0.85 0.524 0.812 0.405 0.369 0.705 0.591 0.52 1.141 0.807 0.952 0.973 1.132 1.192 1.357 1.42 1.432 1.359 1.451 1.488 1.538 1.603 2.061 2.511 1.722 1.712 1.868 2.418 2.421 2.162 2.556 2.808 3.108 3.374 2.974
-9999 -9999 -9999 1.003 -9999 -9999 -9999 0.681 -9999 -9999 -9999 0.532 0.478 0.177 0.155 0.185 0.462 0.711 0.712 0.624 0.608 0.586 0.911 1.32 1.719 1.9825 2.183 2.297 2.361 2.49 2.5 2.52 2.52 2.97 2.87 3.03 3.029 2.41 2.345 2.089 1.63 1.179 0.789 0.505 0.883 0.405 0.39 0.622 0.5 0.737 0.617 0.8485 1.129 1.124 1.21 1.203 1.258 1.378 1.267 1.315 1.353 1.425 1.489 1.546 1.8 1.73 1.715 1.713 2.342 2.433 2.461 2.59 2.558 2.734 2.952 3.14 2.986
-9999 1.067 1.047 1.09 1.11 1.203 1.037 0.757 0.644 0.558 0.453 0.331 0.583 0.431 0.313 0.336 0.482 0.581 0.554 0.72 0.447 0.707 1.225 1.716 2.046 2.3185 2.365 2.47 2.469 2.479 2.47 2.49 2.6 3.12 2.927 2.93 3.04 2.567 2.3665 2.077 1.559 1.119 0.683 0.62 0.62 0.403 0.373 0.553 0.431 0.577 0.767 0.509 1.112 1.12 1.159 1.287 1.215 1.232 1.309 1.308 1.304 1.365 1.452 1.508 1.634 1.697 1.742 1.888 2.24 2.438 2.449 2.687 2.252 2.558 2.92 2.942 2.78
1.10633333333333 1.1595 1.13 1.121 1.108 1.082 1.007 1.073 0.97 0.664 0.496 0.397 0.4275 0.687 0.646 0.551 0.638 0.542 0.694 0.468 0.588 0.83 1.556 1.707 2.015 2.361 2.45 2.527 2.58 2.672 2.658 2.538 2.47 2.665 2.999 2.82 2.767 2.68 2.323 2.013 1.506 1.029 0.584 0.793 0.402 0.386 0.594 0.467 0.52 0.57 0.893 0.322 1.059 1.072 1.182 1.325 1.298 1.19 1.258 1.258 1.292 1.398 1.44 1.515 1.5665 1.847 1.865 1.912 2.278 2.388 2.498 2.635 2.176 2.634 2.922 2.788 2.58
-9999 1.278 1.293 1.3335 1.3405 1.34 1.305 1.224 1.0825 1.0205 0.7895 0.5965 0.556 0.34425 0.5 0.574 0.518 0.458 0.398 0.544 0.77 1.337 1.498 1.745 2.109 2.322 2.491 2.65 2.807 2.78 2.663 2.574 2.509 2.66 3.071 2.86 2.779 2.567 2.23 2.1575 1.4 0.927 0.453 0.538 0.814 0.656 0.503 0.427 0.66 0.79 0.379 0.346 0.68 1.216 1.322 1.402 1.312 1.148 1.205 1.223 1.263 1.323 1.58 1.598 1.492 1.7585 2.107 2.06 2.318 2.513 2.623 2.656 2.18 2.54 2.806 2.668 2.488
-9999 -9999 1.28 1.27 1.27 1.22 1.26 1.36 1.433 1.202 0.93 0.74 0.713 0.724 0.595 0.4935 0.495 0.5425 0.6345 0.7925 1.03 1.1675 1.4695 1.753 2.0235 2.268 2.464 2.622 2.78 2.728 2.695 2.64 2.527 2.73 3.113 2.867 2.83 2.443 2.242 2.064 1.32 0.813 0.363 0.56 0.381 0.57 0.46 0.597 0.376 0.393 0.212 0.4 0.6745 1.324 1.427 1.505 1.362 1.137 1.147 1.175 1.218 1.292 1.567 1.375 1.446 1.552 2.175 2.643 2.58 2.575 2.617 2.601 2.206 2.612 2.73 2.328 2.244
-9999 -9999 -9999 1.1 1.51 1.667 1.714 1.63 1.16 1.22 1.068 0.807 0.76 0.757 0.7795 0.769 0.701 0.713 0.792 0.97 0.809 1.151 1.56 1.792 2.047 2.25 2.444 2.626 2.759 2.786 2.722 2.669 2.719 3.203 3.0955 2.9255 2.85 2.52 2.3725 2.2095 1.3715 0.5555 0.509 0.42 0.4525 0.431 0.445 0.75 0.414 0.139 0.134 0.2 0.379 0.9135 1.527 0.917 1.408 1.257 1.193 1.138 1.184 1.325 1.507 1.58 1.438 1.516 1.894 2.63 2.798 2.818 2.653 2.558 2.188 2.532 2.772 2.376 2.55
-9999 -9999 -9999 -9999 -9999 1.638 1.689 1.735 1.667 1.02 0.992 0.82 0.741 0.779 0.72 0.721 0.74 0.64 0.811 1.078 1.104 1.177 1.51 1.748 1.99 2.24 2.367 2.551 2.723 2.735 2.703 2.63 3.06 3.324 3 2.929 2.593 2.625 2.446 2.003 1.091 0.555 0.554 0.477 0.495 0.4745 0.466 0.365 0.128 0.066 0.0455 0.0715 0.258 0.565 0.848 0.87 1.036 1.2815 1.3565 1.2975 1.306 1.445 1.53 1.624 1.406 1.4905 1.75025 1.89 2.41 2.915 2.7 2.473 2.7 2.476 2.692 2.368 2.862
-9999 -9999 -9999 -9999 -9999 -9999 1.65 1.664 1.633 1.082 -9999 0.77 0.756 0.797 0.804 0.791 0.783 0.776 0.717 0.954 1.093 1.141 1.508 1.759 1.98 2.14 2.272 2.383 2.5215 2.642 2.717 2.742 3.369 3.217 3.019 2.96 2.633 2.657 2.331 1.786 1.167 0.6015 0.442 0.493 0.442 0.315 0.2 0.09 -0.37 -0.022 -0.042 -0.006 -0.07 0.28 0.519 0.836 0.875 0.921 1.507 1.448 1.47 1.506 1.196 1.238 1.12 1.227 1.217 2.38 2.103 2.585 2.416 2.4095 2.4205 2.483 2.4375 2.6145 2.6025
-9999 -9999 -9999 -9999 -9999 1.596 -9999 -9999 -9999 -9999 -9999 -9999 -9999 0.28 0.04 -0.2055 0.759 0.719 0.82 0.946 1.077 1.245 1.433 1.846 1.85 2.04 2.16 2.27 2.564 2.775 2.91 3.082 3.269 3.09 2.86 2.705 2.685 2.388 1.95 1.563 1.019 0.495 0.46 0.484 0.493 0.231 0.144 -0.338 -0.412 -0.399 -0.121 -0.09 -0.277 -0.147 0.304 0.399 0.875 0.911 1.44 1.504 1.42 1.11 0.953 0.847 0.752 0.885 1.465 1.843 1.845 2.805 2.668 2.485 2.588 2.577 2.568 2.427 2.291
-9999 -9999 -9999 -9999 -9999 1.595 1.597 -9999 -9999 -9999 -9999 -9999 -9999 -9999 -0.237 -0.241 0.2745 0.797 0.699 0.828 1.002 1.166 1.356 1.714 2.081 1.995 2.06 2.255 2.592 2.7765 2.947 3.217 3.101 2.924 2.701 2.74 2.438 2.227 1.825 1.414 0.851 0.46 0.614 0.454 0.296 0.165 -0.145 -0.325 -0.364 -0.418 -0.421 -0.419 -0.408 -0.203 0.142 0.357 0.392 0.628 1.018 1.108 1.074 0.677 0.519 0.631 0.759 1.361 1.425 1.814 1.8585 2.535 2.265 2.163 2.678 2.837 2.75 2.25 2.113
-9999 -9999 -9999 1.27 1.505 1.589 -9999 -9999 -9999 -9999 -9999 -9999 -9999 -9999 -0.209 -0.197 -0.217 0.06 0.764 0.854 1.048 1.137 1.277 1.597 1.909 2.2 2.283 2.505 2.318 2.4415 2.67 2.98 2.871 2.723 2.62 2.413 2.375 1.77 1.756 1.219 0.707 0.707 0.541 0.409 0.249 0.144 -0.341 -0.333 -0.406 -0.416 -0.439 -0.43 -0.41 -0.33 -0.13 0.1635 0.193 0.288 0.763 1.047 0.697 0.419 0.504 0.677 0.806 1.118 1.761 1.807 1.8655 2.197 2.44 2.952 2.94 3.772 3.64 2.48 1.912
-9999 -9999 -9999 -9999 1.162 1.29 -9999 -9999 -9999 -9999 -9999 -9999 -9999 -9999 -9999 -9999 -0.19 0.255 0.959 0.898 0.992 1.074 1.216 1.464 1.767 2.02 2.23 1.985 2 2.08 2.5 2.721 2.63 2.463 2.65 2.247 1.947 1.787 1.561 1.077 0.534 0.96 0.453 0.4725 0.212 0.093 -0.377 -0.357 -0.345 -0.408 -0.423 -0.409 -0.406 -0.25 -0.188 -0.00799999999999999 0.166 0.402 0.395 0.605 0.457 0.413 0.445 0.709 0.85 0.955 1.673 1.692 1.8035 1.918 3.187 3.053 3.977 3.24 2.275 2.243 1.94
-9999 -9999 -9999 -9999 1.127 1.083 -9999 -9999 -9999 -9999 -9999 -9999 -9999 -9999 -9999 -9999 -0.154 -0.086 0.001 0.82 1.133 1.266 1.454 1.73 1.936 2.183 2.324 2.348 2.667 2.786 2.9255 2.516 2.407 2.42 2.54 1.88 1.68 1.77 1.387 0.896 0.505 0.887 0.505 0.5 0.184 0.074 -0.392 -0.374 -0.347 -0.355 -0.406 -0.406 -0.312 -0.252 -0.199 -0.173 0.0025 0.42 0.392 0.403 0.359 0.431 0.465 0.69 0.83 0.97 1.293 1.278 1.889 1.755 3.263 3.37 2.65 2.329 2.295 2.257 2.135
-9999 -9999 -9999 -9999 -9999 0.787 -9999 -9999 -9999 -9999 -9999 -9999 -9999 -9999 -9999 -9999 -0.144 -0.0685 0.034 0.67 1.02 1.266 1.401 1.557 1.771 1.936 2.166 2.371 2.553 2.683 2.748 2.311 2.21 2.286 1.969 1.649 1.291 1.67 1.214 0.754 0.832 0.943 0.515 0.478 0.19 0.074 -0.397 -0.38 -0.363 -0.337 -0.327 -0.342 -0.282 -0.257 -0.399 -0.187 -0.013 0.425 0.418 0.304 0.401 0.475 0.586 0.691 0.801 0.947 1.212 1.327 1.904 1.7915 3.03 2.36 2.358 2.33 2.286 2.101 2.047
-9999 -9999 -9999 -9999 -9999 -9999 -9999 -9999 -9999 -9999 -9999 -9999 -9999 -9999 -9999 -9999 -0.137 -0.073 0.0445 0.717 0.88 1.05 1.254 1.522 1.626 1.869 2.086 2.271 2.406 2.571 2.677 2.751 2.291 2.043 1.764 1.476 1.15 1.79 1.073 0.613 1.06 0.65 0.476 0.398 0.3475 0.104 -0.393 -0.378 -0.373 -0.349 -0.304 -0.297 -0.277 -0.398 -0.343 -0.203 -0.17 0.273 0.241 0.329 0.506 0.542 0.62 0.19 0.239 0.377 1.266 1.369 1.725 1.551 2.202 2.357 2.331 2.312 2.084 2.074 2.062
-9999 -9999 -9999 -9999 -9999 -9999 -9999 -9999 -9999 -9999 -9999 -9999 -9999 -9999 -9999 -9999 -9999 -0.046 0.0715 0.701 0.851 0.993 1.167 1.326 1.57 1.759 1.967 2.144 2.316 2.45 2.525 2.761 2.08 1.836 1.584 1.324 1.011 1.37 0.9 0.497 0.925 0.541 0.352 0.375 0.312 0.151 0.035 -0.359 -0.34 -0.327 -0.289 -0.236 -0.281 -0.217 -0.217 -0.203 0.085 0.14 0.253 0.295 0.457 0.477 0.459 0.154 0.213 0.416 1.308 1.698 1.518 1.602 2.323 2.336 2.272 2.093 2.098 2.083 1.923
-9999 -9999 -9999 -9999 -9999 -9999 -9999 -9999 -9999 -9999 -9999 -9999 -9999 -9999 -9999 -9999 -9999 -9999 0.077 0.528 0.873 1.033 1.14 1.331 1.483 1.726 1.884 2.059 2.206 2.497 2.625 2.79 2.2465 1.653 1.45 1.189 0.961 1.03 1.343 0.78 0.738 0.569 0.373 0.343 0.417 0.2605 0.152 0.106 -0.13 -0.265 -0.243 -0.233 -0.271 -0.398 -0.21 -0.186 -0.101 -0.088 -0.052 0.405 0.438 0.459 0.126 0.131 0.261 0.426 0.41 1.457 1.561 2.277 2.334 2.2325 2.1 2.098 2.155 1.99 1.731
-9999 -9999 -9999 -9999 -9999 -9999 -9999 -9999 -9999 -9999 -9999 -9999 -9999 -9999 -9999 -9999 -9999 -9999 -9999 0.1885 -0.15 -0.095 0.692 0.323 0.295 1.112 1.6605 1.7925 1.8355 2.1375 2.2035 2.006 1.90275 1.518 1.325 1.0935 0.884 0.749 0.771 0.7215 0.5615 0.599 0.387 0.315 0.367 0.3225 0.224 0.192 0.163 0.162 0.169 0.13 -0.19 -0.375 -0.23 -0.096 -0.096 -0.076 0.054 0.417 0.429 0.435 0.14 0.123 0.249 0.445 0.385 1.022 1.274 2.276 2.319 2.112 2.223 2.189 1.607 1.474 1.349
-9999 -9999 -9999 -9999 -9999 -9999 -9999 -9999 -9999 -9999 -9999 -9999 -9999 -9999 -9999 -9999 -9999 -9999 -9999 -0.223 0.3125 0.44 0.295 0.083 0.07 0.137 0.517 1.5 1.501 1.5 1.563 1.629 1.699 1.606 1.277 1.061 0.852 0.759 0.642 0.537 0.52 0.6085 0.4565 0.3865 0.2585 0.403 0.361333333333333 0.3085 0.3345 0.309 0.228 0.189 -0.086 -0.3155 -0.093 -0.0825 -0.1565 -0.088 0.219 0.402333333333333 0.3535 0.067 0.208 0.102 0.376 0.429 0.824 1.12 1.631 2.224 1.868 1.836 1.616 1.674 1.569 1.439 1.293
-9999 -9999 -9999 -9999 -9999 -9999 -9999 -9999 -9999 -9999 -9999 -9999 -9999 -9999 -9999 -9999 -9999 -9999 -9999 0.453 0.236 0.078 -0.12 -0.217 0.147 0.563 0.655 1.955 2.166 2.225 1.508 1.562 1.639 1.656 1.301 1.083 0.86 0.768 0.678 0.56 0.544 0.6 0.49 0.525 0.277 -0.02 -0.1175 -0.02 0.095 -0.168 0.306 0.262 -0.295 -0.054 -0.279 -0.12 -0.042 -0.023 -0.003 0.402 0.087 0.173 0.173 0.2045 0.449 0.6165 0.759 1.379 1.7295 1.793 1.7975 1.78 1.58425 1.42 1.422 1.355 1.238
-9999 -9999 -9999 -9999 -9999 -9999 -9999 -9999 -9999 -9999 -9999 -9999 -9999 -9999 -9999 -9999 -9999 -9999 -9999 0.252 -0.155 -0.181 -0.205 0.06 0.523 0.607 0.568 0.857 1.973 2.124 2.093 1.993 1.833 1.86 1.537 1.136 0.872 0.798 0.712 0.573 0.553 0.39 0.453 0.526 0.348 0.319 0.29 0.275 0.281 0.115 -0.183 -0.202 -0.195 -0.067 -0.045 -0.032 -0.025 0.003 -0.008 0.32 0.0865 0.26 0.087 0.337 0.442 0.83 0.748 1.634 1.674 1.694 1.723 1.711 1.384 1.303 1.244 1.236 1.178
-9999 -9999 -9999 -9999 -9999 -9999 -9999 -9999 -9999 -9999 -9999 -9999 -9999 -9999 -9999 -9999 -9999 -9999 -9999 -0.087 -0.122 -0.1775 -0.093 0.407 0.559 0.509 0.747 0.88 1.99 2.03 2.02 1.68 1.522 2.072 1.603 1.133 0.926 0.822 0.747 0.585 0.599 0.275 0.383 0.47 0.415 0.383 0.354 0.3405 0.337 0.281 0.145 -0.179 -0.13 -0.02 -0.022 0.004 0.014 0.009 0.025 0.33 0.1475 0.11 0.136 0.428 0.735 0.83 1.457 1.588 1.624 1.668 1.628 1.634 1.394 1.267 0.773 0.763 0.745
-9999 -9999 -9999 -9999 -9999 -9999 -9999 -9999 -9999 -9999 -9999 -9999 -9999 -9999 -9999 -9999 -9999 -9999 -0.485 -0.047 -0.087 -0.1455 0.22 0.548 0.454 0.398 0.958 0.913 0.882 1.923 1.88 1.422 1.459 1.68 2.0815 0.965 1.014 0.852 0.776 0.587 0.66 0.28 0.36 0.5 0.447 0.444 0.412 0.395 0.387 0.347 0.302 0.18 -0.242 -0.005 0.005 0.017 0.024 0.035 0.048 0.1 0.199 0.086 0.199 0.43 0.737 0.805 1.45 1.58 1.624 1.55 1.552 1.557 1.363 1.088 0.98 0.717 -9999
-9999 -9999 -9999 -9999 -9999 -9999 -9999 -9999 -9999 -9999 -9999 -9999 -9999 -9999 -9999 -9999 -9999 -9999 -0.607 -0.16 -0.063 -0.108 0.2285 0.415 0.341 0.742 0.997 0.952 0.917 1.362 -9999 -9999 1.403 1.372 2.01 0.5035 0.894 0.872 0.817 0.609 0.661 -0.066 0.335 0.554 0.365 0.413 0.469 0.452 0.438 0.392 0.356 0.318 0.24 -0.027 0.017 -0.13 -0.008 0.064 0.074 0.102 -9999 0.082 0.253 0.508 0.953 0.913 1.408 1.578 1.528 1.472 1.387 1.338 1.08 0.92 -9999 -9999 -9999
-9999 -9999 -9999 -9999 -9999 -9999 -9999 -9999 -9999 -9999 -9999 -9999 -9999 -9999 -9999 -9999 -9999 -9999 -0.445 -0.283 -0.059 -0.097 0.36 0.322 0.463 1.064 0.928 0.795 0.7 -9999 -9999 1.367 1.323 1.702 1.43 0.389 0.401 0.458 0.847 0.605 0.732 -0.01 -0.108 0.375 0.362 0.257 0.373 0.497 0.3685 0.444 0.407 0.365 0.322 -0.077 -0.182 -0.141 -9999 -0.012 -9999 -9999 -9999 0.093 0.507 0.848 0.907 0.871 1.492 1.448 1.406 1.39 1.197 1.325 1.117 0.956 -9999 -9999 -9999
-9999 -9999 -9999 -9999 -9999 -9999 -9999 -9999 -9999 -9999 -9999 -9999 -9999 -9999 -9999 -9999 -9999 -0.38 -0.16 -0.167 -0.052 0.003 0.455 0.321 1.06 0.838 0.672 0.547 -9999 -9999 -9999 1.275 1.383 1.535 1.321 0.57 0.3865 0.36 0.386 0.16 0.71 0.17 -0.021 -9999 0.322 0.093 0.227 0.457 0.54 0.32 0.449 0.404 0.366 -0.187 -0.143 -9999 -9999 -9999 -9999 -9999 -9999 0.11 0.52 0.8 0.881 -9999 -9999 -9999 -9999 -9999 -9999 -9999 -9999 -9999 -9999 -9999 -9999
-9999 -9999 -9999 -9999 -9999 -9999 -9999 -9999 -9999 -9999 -9999 -9999 -9999 -9999 -9999 -9999 -0.573 -0.58 -0.614 -0.023 -0.052 0.317 0.373 0.586 0.767 0.648 -9999 -9999 -9999 -9999 -9999 1.015 1.229 1.27 0.632 0.6 0.527 0.367 0.485 0.234 0.155 0.162 -9999 -9999 -9999 0.103 0.143 0.357 0.167 0.0395 0.481 0.448 0.421 -9999 -9999 -9999 -9999 -9999 -9999 -9999 0.125 0.145 0.5 1.036 1.436 -9999 -9999 -9999 -9999 -9999 -9999 -9999 -9999 -9999 -9999 -9999 -9999
-9999 -9999 -9999 -9999 -9999 -9999 -9999 -9999 -9999 -9999 -9999 -9999 -9999 -9999 -9999 -9999 -9999 -9999 -0.217 -0.027 0.323 0.482 -9999 0.618 0.8115 1.077 -9999 -9999 -9999 -9999 -9999 1.2 1.227 1.095 0.375 0.617 0.4865 0.407 0.48 0.317 -9999 -9999 -9999 -9999 -9999 -0.108 0.015 -0.073 -0.062 0.2465 0.505 0.489 0.474 -9999 -9999 -9999 -9999 -9999 -9999 -9999 -9999 -9999 0.8 1.261 -9999 -9999 -9999 -9999 -9999 -9999 -9999 -9999 -9999 -9999 -9999 -9999 -9999
