data/derived/r_sen_pre_snow_per.asc
NCOLS 186 
NROWS 74 
XLLCORNER 443300.206538099 
YLLCORNER 4085841.77455235 
CELLSIZE 500 
NODATA_value -9999 
[rows 34 to 67 of 74, columns 0 to 77 of 186]
-9999 -9999 -9999 -9999 -9999 -9999 -9999 -9999 -9999 -9999 -9999 -9999 -9999 -9999 0.148 0.16 0.305 0.778 0.715 -9999 -9999 0.539 0.3705 0.273 0.107 0.1065 0.1375 0.064 -0.026 0.0065 -0.0085 0.327 0.497 0.452 0.389 0.13 0.426 0.442 0.576 0.346 0.285 0.416 0.476 0.7 0.74 0.57 1.137 0.7185 0.845 0.751 0.567 0.855 0.945 0.564 0.816 1.081 0.83 0.292 0.204 0.778 0.4525 0.618 0.506 0.319 0.45 0.311 0.485 0.193 0.077 0.086 0.088 0.32 0.243 0.3255 0.313 0.667 0.45 0.432
-9999 -9999 -9999 -9999 -9999 -9999 -9999 -9999 -9999 -9999 -9999 -9999 -9999 -9999 0.146 0.297 0.285 0.351 0.524 -9999 -9999 -9999 0.5695 0.477 0.51 0.315 0.356 0.497 0.416 0.291 -0.015 0.302 0.339 0.389 0.462666666666667 0.472666666666667 0.457 0.6 0.4925 0.544 0.811 0.4985 0.6585 0.2545 0.87 0.434 0.4175 0.612 0.534333333333333 0.839 0.646 0.72 0.454 0.28 0.619 0.957 0.756 0.652 0.585 0.515 0.645 0.473 0.03 0.223 0.335 0.313 0.575 0.406 -0.01 0.114 0.378 0.222 0.543 0.278 0.173 0.225 0.64 0.811
-9999 -9999 -9999 -9999 -9999 -9999 -9999 -9999 -9999 -9999 -9999 -9999 -9999 -9999 0.242 0.315 0.3 0.325 0.613 0.533 -9999 0.614 0.656 0.56 0.465 0.455 0.398 0.063 0.238 0.324 0.257 0.506 0.41 0.894 0.98 0.782 0.726 0.946 0.962 1.12 0.907 0.933 0.926 1.001 0.642 0.572 0.927 0.667 0.946 0.6905 0.7185 0.528 0.4205 0.561 0.501 0.8055 0.741 0.619 0.62 0.4195 0.7775 0.74425 0.5635 0.591 0.5255 0.811 0.758 0.5065 0.3305 0.3175 0.3015 0.234 0.5265 0.4265 0.27 0.245 0.353 0.82
-9999 -9999 -9999 -9999 -9999 -9999 -9999 -9999 -9999 -9999 -9999 -9999 -9999 -9999 -9999 0.309 0.365 0.378 0.309 0.479 0.507 0.517 0.545 0.581 0.598 0.488 0.257 0.077 0.04 0.177 0.15 0.402 0.559 0.587 0.997 1.037 1.149 1.17 0.85 0.791 0.98 0.85 0.605 0.35 0.317 0.703 1.216 1.117 0.979 0.9495 0.49 0.41 0.34 0.45 0.622 0.798 0.676 0.611 0.7 0.632 1.147 0.848 0.4285 0.397 0.618 0.857 0.675 0.6 0.617 0.585 0.723 0.589 0.566 0.473 0.183666666666667 0.3385 0.277 0.4185
-9999 -9999 -9999 -9999 -9999 -9999 -9999 -9999 -9999 -9999 -9999 -9999 -9999 -9999 -9999 0.244 0.236 0.234 0.144 0.212 0.192 0.45 0.644 0.4345 0.476 0.397 0.308 0.148 0.353 0.093 0.057 0.403 0.434 0.469 0.427 0.46 0.902 0.862 0.688 0.705 0.663 0.477 0.412 0.593 0.614 0.782 1.337 1.346 1.306 0.815 0.263 1.115 0.74 0.596 0.719 0.567 0.498 0.58 0.831 0.501 0.87 0.677 0.651 0.725 0.737 0.65 0.508 0.217 0.62 0.255 0.346 0.31 0.522 0.65 0.141 0.3445 0.455 0.435
-9999 -9999 -9999 -9999 -9999 -9999 -9999 -9999 -9999 -9999 -9999 -9999 -9999 -9999 -9999 0.122 0.02 0.042 0.232 0.455 0.355 0.372 0.366 0.588 0.636 0.658 0.236 0.44 0.22 0.017 0.124 0.346 0.292 0.418 0.537 0.677 0.5495 0.5 0.605 0.657 0.82 0.59 1.054 1.066 0.654 0.969 1.353 1.12 1.045 0.9485 1.233 1.323 0.092 0.428 0.514 1.07 0.81 0.51 0.844 0.699 0.285 0.562 0.694 0.715 0.901 0.967 0.765 0.424 0.22 0.273 0.19 0.35 0.584 0.165 0.494 0.2965 0.265 0.497
-9999 -9999 0.007 -9999 -9999 -9999 -9999 -9999 -9999 -9999 -9999 -9999 -9999 -9999 -9999 0.035 0.133 0.149 0.425 0.585 0.534 0.588 0.415 0.427 0.647 0.58 0.382 0.419 0.269 0.381 0.361 0.4 0.276 0.53 0.375 0.399 0.953 0.7805 0.812 0.656 0.716 0.644 0.543 1.133 1.233 1.23 1.427 1.062 1.01 1.319 1.2005 1.01 0.843 0.947 0.904 0.808 0.872 0.977 0.789 0.753 0.393 0.22 0.506 0.816 0.608 0.728 0.617 0.635 0.221 0.201 0.522 0.46 0.667 0.226 0.275 0.233 0.215 0.425
-9999 -9999 -9999 -9999 -9999 0.035 0.033 -9999 -9999 -9999 -9999 -9999 0.035 0.015 0.02 0.095 0.254 0.354 0.417 0.421 0.64 0.815 0.749 0.67 0.72 0.738 0.365 0.36 0.309 0.249 0.011 0.4 0.467 0.267 0.56 0.776 0.562 0.8805 0.961 0.988 0.788 1.138 0.648 0.49 0.913 1.287 1.052 1.113 0.948 1.088 1.0485 0.95 1.13 0.914 0.73 0.855 0.722 0.85 0.726 0.435 0.335 0.352 0.435 0.7255 0.56 0.694 0.362 0.36 0.646 0.39 0.447 0.333 0.613 -0.009 0.379 0.252 0.1545 0.154
-9999 -9999 -9999 0.026 -9999 -9999 -9999 0.009 -9999 -9999 -9999 0.03 0.0445 0.04 0.048 0.086 0.266 0.512 0.508 0.663 0.592 0.692 0.663 0.608 0.535 0.5265 0.615 0.745 0.359 0.298 0.077 0.833 0.53 0.349 0.605 0.46 0.753 0.939 0.995 0.813 0.995 0.58 0.74 0.427 0.687 1.249 1.433 1.053 0.768 0.848 0.701 1.0945 1.004 1.016 0.809 0.494 0.628 0.865 0.434 0.458 0.634 0.45 0.356 0.8 0.676 0.505 0.543 0.67 0.394 0.48 0.456 0.409 0.567 0.27 0.094 0.26 0.191 0.133
-9999 0.026 0.038 0.054 0.118 0.14 0.14 0.178 0.089 0.069 0.078 0.115 0.076 0.125 0.1 0.153 0.253 0.399 0.495 0.527 0.735 0.528 0.632 0.575 0.766 0.5415 0.63 0.466 0.467 0.048 0.461 0.389 0.317 0.593 0.595 0.61 0.646 0.83 0.9725 0.683 0.878 0.77 0.3 0.961 1.059 1.179 1.134 0.978 0.75 0.915 0.97 0.9055 0.93 0.826 0.565 0.692 0.49 0.343 0.444 0.342 0.662 0.736 0.626 0.674 0.8745 0.935 0.925 0.639 0.42 0.444 0.474 0.328 0.482 0.453 0.07 0.083 -0.17 0.427
0.068 0.1215 0.252 0.094 0.133 0.318 0.308 0.31 0.339 0.325 0.327 0.303 0.22 0.276 0.24 0.188 0.326 0.402 0.684 0.587 0.65 0.664 0.653 0.572 0.589 0.523 0.494 0.449 0.431 0.022 0.208 0.586 0.445 0.801 0.282 0.593 0.629 0.515 0.899 0.93 0.573 1.046 0.77 1.04 1.173 1.186 0.968 0.953 0.843 1.042 1.102 1.027 0.894 0.921 0.518 0.924 0.586 0.417 0.444 0.415 0.567 0.675 0.645 0.643 0.8535 0.746 0.748 0.582 0.58 0.276 0.5 0.271 0.458 0.48 0.106 -0.012 0.349 0.515
-9999 0.022 0.1585 0.266 0.27 0.3155 0.3335 0.418 0.5565 0.4785 0.5145 0.3765 0.4045 0.4065 0.422 0.434 0.242 0.4 0.4 0.623 0.748 0.746 0.547 0.568 0.595 0.705 0.478 0.467 0.246 0.341 0.353 0.79 0.789 0.882 0.098 0.387 0.783 0.808 1.056 0.8875 1.003 0.913 0.928 0.836 0.95 0.904 0.907 1.024 1.145 0.91 0.985 1.078 0.773 0.971 0.66 0.614 0.645 0.355 0.38 0.42 0.366 0.76 0.635 0.817 0.902 0.7425 0.58 0.481 0.646 0.503 0.863 0.244 0.444 0.427 0.014 0.433 0.367 0.423
-9999 -9999 0.072 0.25 0.267 0.175 0.32 0.494 0.64 0.376 0.308 0.296 0.368 0.353 0.452666666666667 0.2425 0.1025 0.3335 0.382 0.2605 0.4475 0.3915 0.4075 0.4045 0.482 0.4795 0.534 0.498 0.23 0.413 0.297 0.96 0.871 0.325 0.26 0.55 0.707 0.989 0.893 0.8655 0.965 0.818 0.83 0.78 0.887 0.9 1.031 1.083 1.049 1.033 1.163 1.008 0.676 0.65 0.59 0.459 0.51 0.322 0.427 0.315 0.333 0.618 0.622 1.073 0.719 0.618 1.193 0.893 0.888 0.616 0.846 0.302 0.405 0.466 0.075 0.372 0.517 0.348
-9999 -9999 -9999 0.085 0.06 0.135 0.363 0.369 0.374 0.265 0.22 0.317 0.192 0.336 0.4395 0.374 0 0 0.076 0.226 0.035 0.12 0.249 0.365 0.425 0.66 0.606 0.433 0.429 0.244 0.263 0.477 0.334 0.173 0.2795 0.544 0.5495 0.7785 0.875 0.8875 0.86675 0.967 1.019 1.0545 1.2535 1.116 1.033 1.11 0.988 1.04 0.89 1.078 0.933 0.9185 0.442 0.675 0.543 0.58 0.46 0.39 0.313 0.627 0.622 0.93 1 0.847 0.6415 0.974 0.953 1.058 0.712 0.352 0.449 0.497 0.072 0.512 0.204 0.194
-9999 -9999 -9999 -9999 -9999 0.08 0.179 0.179 0.047 0.105 0.038 0.076 0.007 0.185 0.34 0.2155 0.015 0.203 0.428 0.65 0.455 0.187 0.426 0.58 0.518 0.628 0.425 0.5325 0.325 0.42 0.005 -0.07 0.065 0.181 0.596 0.405 0.72 0.85 0.797 0.761 0.93 1.053 0.943 1.165 1.341 1.2425 1.05 1.0565 1.1505 1.1575 1.138 1.161 1.087 0.92225 0.7175 0.725 0.624 0.5005 0.558 0.5355 0.5775 0.644 0.648 0.827 0.9275 0.8085 0.72475 0.845 0.923 0.779 0.696 0.423 0.557 0.606 0.251 0.51 0.295 0.316
-9999 -9999 -9999 -9999 -9999 -9999 0.076 0.082 0.067 0.02 -9999 0.007 0.01 0.028 0.166 0.029 0.08 0.008 0.282 0.48 0.582 0.39 0.427 0.577 0.64 0.623 0.563 0.508 0.142 -0.063 0.082 0.272 0.211 0.395 0.6 0.522 0.655 0.744 0.766 0.827 0.92 0.813 1.05 1.232 0.978 0.504 0.665 0.835 0.769 1.1 1.218 1.045 1.051 1.097 0.692 0.802 0.734 0.668 0.453 0.414 0.53 0.714 1.175 0.994 0.809 0.403 0.835 1.04366666666667 0.809 0.7745 0.762 0.5045 0.4545 0.627 0.659 0.4445 0.337 0.3395
-9999 -9999 -9999 -9999 -9999 0 -9999 -9999 -9999 -9999 -9999 -9999 -9999 -0.002 0.01 -0.0025 0.331 0.418 0.448 0.545 0.562 0.567 0.587 0.423 0.573 0.516 0.531 0.512 0.0225 0.046 0.26 0.292 0.673 0.6 0.591 0.605 0.687 0.865 0.875 0.7 0.84 1.0675 1 1.209 1.222 0.586 1.508 1.428 0.902 0.78 1.048 0.892 0.985 1.13 0.8405 0.327 0.773 0.71 0.661 0.518 0.788 0.977 1.174 0.922 0.38 0.37 1.28 1.065 0.785 0.987 0.856 0.533 0.908 0.65 0.53 0.355 0.404 0.537
-9999 -9999 -9999 -9999 -9999 0 -0.001 -9999 -9999 -9999 -9999 -9999 -9999 -9999 -0.002 0 0.245 0.155 0.122 0.27 0.368 0.527 0.518 0.5 0.481 0.523 0.431 0.468 -0.17 -0.137 -0.092 0.347 0.64 0.633 0.652 0.674 0.71 0.736 1.077 0.91 0.773 0.771 1.072 1.342 0.976 0.79 1.25 1.684 1.525 0.923 0.753 0.918 1.007 1.534 1.481 1.0375 0.923 0.863 0.734 0.652 0.844 1.051 0.481 0.432 0.485 1.118 1.324 0.956 1.0305 0.98 0.755 0.763 0.76 0.592 0.633 0.35 0.415 0.237
-9999 -9999 -9999 0 0 0 -9999 -9999 -9999 -9999 -9999 -9999 -9999 -9999 0 0 -0.003 0.054 0.232 0.295 0.462 0.531 0.55 0.463 0.476 0.429 0.474 0.188 0.393 0.1475 -0.195 0.124 0.418 0.657 0.683 0.651 0.689 0.693 0.853 0.859 0.748 0.728 0.9625 1.199 0.764 1.067 1.5 1.959 1.725 1.575 1.41 1.436 1.591 1.612 1.651 1.0635 0.6 0.89 0.898 0.686 0.761 0.939 0.751 1.291 1.442 1.386 1.1 1.068 0.888 0.983 0.689 0.861 0.696 0.578 0.502 0.431 0.433 0.366
-9999 -9999 -9999 -9999 -5e-04 0 -9999 -9999 -9999 -9999 -9999 -9999 -9999 -9999 -9999 -9999 -0.004 0.2455 0.53 0.509 0.543 0.576 0.653 0.457 0.438 0.464 0.586 0.459 0.573 0.557 0.3025 0.046 0.315 0.637 0.736 0.669 0.705 0.798 0.891 0.643 0.739 0.965 0.9 1.1605 1.054 0.81 1.328 1.62 1.83 2.046 1.637 1.751 1.82 1.81 1.625 0.871 0.585 1.05 0.968 0.99 0.854 0.915 0.39 1.497 1.385 1.349 1.12 0.85 0.8645 1.11 0.85 0.836 0.844 1.081 0.522 0.487 0.467 0.567
-9999 -9999 -9999 -9999 0 0 -9999 -9999 -9999 -9999 -9999 -9999 -9999 -9999 -9999 -9999 0 0.444 0.806 0.86 0.785 0.536 0.587 0.571 0.654 0.518 0.703 0.577 0.508 0.584 0.2 0.135 0.249 0.542 0.755 0.681 0.489 0.801 0.827 0.59 0.93 0.779 1.022 1.039 1.18 0.573 1.01 1.437 1.84 2.063 2.002 1.987 1.87 1.81 1.878 1.34 0.723 1.063 1.046 0.999 0.967 0.559 0.87 1.414 1.373 1.006 0.819 0.749 1.103 0.954 0.707 0.963 0.887 0.789 0.623 0.402 0.426 0.536
-9999 -9999 -9999 -9999 -9999 -0.002 -9999 -9999 -9999 -9999 -9999 -9999 -9999 -9999 -9999 -9999 -0.003 0.346 0.667 0.786 0.754 0.817 0.596 0.591 0.556 0.525 0.621 0.542 0.614 0.276 -0.0975 0.119 0.51 0.693 0.158 0.069 0.635 0.69 0.719 0.825 0.805 0.988 0.731 0.997 1.196 0.538 1.107 1.468 1.705 1.927 1.701 1.88 1.537 1.78 1.517 1.143 0.8385 1.144 1.126 0.874 0.102 0.875 1.352 1.39 1.352 1.253 0.795 0.748 1.093 0.9505 0.76 0.919 0.819 0.649 0.398 0.453 0.489 0.565
-9999 -9999 -9999 -9999 -9999 -9999 -9999 -9999 -9999 -9999 -9999 -9999 -9999 -9999 -9999 -9999 -0.002 0.058 0.5515 0.79 0.602 0.515 0.51 0.517 0.48 0.616 0.5 0.613 0.504 0.017 0.09 0.492 0.434 0.253 0.13 0.162 0.61 0.812 0.725 0.968 0.826 0.612 0.197 0.942 1.0885 0.512 0.976 1.458 1.569 1.96 1.755 1.794 1.728 1.58 1.496 0.595 0.585 1.2595 1.133 0.518 1.409 1.582 1.634 1.404 1.363 0.976 0.545 0.761 1.158 1.18 0.7985 0.819 0.746 0.52 0.211 0.501 0.431 0.682
-9999 -9999 -9999 -9999 -9999 -9999 -9999 -9999 -9999 -9999 -9999 -9999 -9999 -9999 -9999 -9999 -9999 0.008 0.3185 0.309 0.219 0.15 0.219 0.222 0.5 0.651 0.534 0.678 0.286 -0.15 0.094 0.377 0.12 0.57 0.6 0.105 0.59 0.51 0.765 0.676 0.725 0.414 0.48 0.663 0.814 0.598 0.982 1.633 1.609 1.952 1.751 1.087 1.561 1.77 1.376 0.654 0.681 1.286 1.021 0.933 1.402 1.486 1.492 1.454 1.336 1.086 0.492 0.866 1.154 1.15 0.4845 0.653 0.401 0.258 0.409 0.517 0.535 0.55
-9999 -9999 -9999 -9999 -9999 -9999 -9999 -9999 -9999 -9999 -9999 -9999 -9999 -9999 -9999 -9999 -9999 -9999 0.012 0.0713333333333333 0.123 0.3525 0.312 0.531 0.687 0.499 0.667 0.627 0.161 0.123 0.235 0.364 0.2305 0.886 0.715 0.412 0.443 0.751 0.724 0.459 0.497 0.356 0.635 0.564 0.429 0.5415 1.503 1.599 1.6 1.701 1.29 1.26 1.89 1.582 0.983 0.568 1.063 1.255 1.1895 0.23 1.516 1.536 1.155 1.085 1.109 0.839 0.651 0.902 1.141 0.73 0.482 0.4 0.291 0.32 0.627 0.64 0.623 0.676
-9999 -9999 -9999 -9999 -9999 -9999 -9999 -9999 -9999 -9999 -9999 -9999 -9999 -9999 -9999 -9999 -9999 -9999 -9999 0.0465 0.072 0.216 0.45 0.528 0.66 0.7385 0.7415 0.3545 0.1115 0.193 0.1705 0.086 0.67475 1.0575 0.721 0.077 0.441 0.4185 0.272 0.467 0.28 0.577 0.724 0.496 0.269 1.1415 1.506 1.522 1.708 1.11 0.862 1.423 1.798 1.42 1.028 0.53 0.841 0.923 0.831 1.074 1.5 1.498 1.163 1.012 0.643 0.49 0.747 1.071 0.926 0.768 0.394 0.3355 0.459 0.623 0.543 0.614 0.478 0.55
-9999 -9999 -9999 -9999 -9999 -9999 -9999 -9999 -9999 -9999 -9999 -9999 -9999 -9999 -9999 -9999 -9999 -9999 -9999 0.013 0.1915 0.431 0.616 0.524 0.682 0.626 0.695 0.495 0.309 0.268 0.343 0.641 0.78 0.7595 0.368 0.06 0.178 0.239 0.551 0.474 0.91 0.917 0.357 0.228 0.5255 1.12966666666667 1.50933333333333 1.354 1.075 0.7375 1.3295 1.5855 1.5935 1.531 0.523 0.746 0.6795 0.8205 0.716 1.24 1.459 1.57 1.33 1.076 0.631 0.556 0.788 1.214 0.93 0.272 0.302 0.5865 0.503 0.541 0.618 0.573 0.83 0.736
-9999 -9999 -9999 -9999 -9999 -9999 -9999 -9999 -9999 -9999 -9999 -9999 -9999 -9999 -9999 -9999 -9999 -9999 -9999 0.02 0.154 0.456 0.635 0.587 0.714 0.675 0.769 0.674 0.497 0.248 0.65 0.582 0.875 0.823 0.43 0.192 0.133 0.64 0.435 0.88 1.09 1.169 0.607 0.463 0.436 1.078 1.5165 1.179 0.459 1.005 1.4 1.706 1.586 1.456 1.1 1.018 1.015 1.462 1.433 1.477 1.44 1.4385 1.25 0.847 0.4885 0.314 0.496 0.921 0.6445 0.611 0.6915 0.4805 0.66325 0.6515 0.6385 0.739 0.593 0.5975
-9999 -9999 -9999 -9999 -9999 -9999 -9999 -9999 -9999 -9999 -9999 -9999 -9999 -9999 -9999 -9999 -9999 -9999 -9999 0.01 0.17 0.329 0.609 0.573 0.79 0.678 0.717 0.717 0.522 0.357 0.516 0.53 0.686 0.98 0.578 0.655 0.372 0.513 0.667 0.924 1.111 1.021 0.807 0.498 0.63 1.158 1.477 1.075 0.34 0.775 1.347 1.55 1.766 1.528 1.427 1.358 1.483 1.48 1.462 1.453 1.5665 1.359 0.92 0.605 0.35 0.188 0.396 0.931 0.527 0.526 0.575 0.71 0.63 0.6925 0.614 0.602 0.593 0.612
-9999 -9999 -9999 -9999 -9999 -9999 -9999 -9999 -9999 -9999 -9999 -9999 -9999 -9999 -9999 -9999 -9999 -9999 -9999 0.067 0.127 0.335 0.555 0.715 0.69 0.725 0.784 0.656 0.81 0.735 0.683 0.677 0.787 1.028 0.6575 0.293 0.58 0.71 1.05 1.006 0.81 1.07 0.975 0.818 0.95 1.356 1.217 0.7655 0.268 0.793 1.079 1.513 1.573 1.518 1.48 1.605 1.666 1.58 1.561 1.612 1.4315 1.19 0.829 0.648 0.258 0.205 0.298 0.723 0.718 0.79 0.694 0.8 0.636 0.605 0.451 0.514 0.542 -9999
-9999 -9999 -9999 -9999 -9999 -9999 -9999 -9999 -9999 -9999 -9999 -9999 -9999 -9999 -9999 -9999 -9999 -9999 0 0.048 0.09 0.189 0.538 0.54 0.644 0.812 0.695 0.72 0.722 0.639 0.747 0.686 0.627 0.869 0.756 1.018 1.099 0.91 0.94 0.837 0.632 0.905 1.011 1.1 0.783 1.346 1.15 0.744 0.313 0.36 0.899 1.398 1.53 1.66 1.648 1.464 1.503 1.457 1.249 1.238 1.3615 0.833 0.693 0.499 0.255 0.013 0.208 0.719 0.817 0.784 0.667 0.656 0.617 0.4155 0.377 0.33 -9999 -9999
-9999 -9999 -9999 -9999 -9999 -9999 -9999 -9999 -9999 -9999 -9999 -9999 -9999 -9999 -9999 -9999 -9999 -9999 0.002 0.09 0.098 0.185 0.129 0.331 0.675 0.759 0.799 0.71 0.629 0.684 -9999 -9999 0.67 0.776 0.939 0.837 0.924 0.896 0.764 0.75 0.49 0.73 0.915 0.94 1.032 1.126 1.165 0.93 0.328 0.455 0.91 1.156 1.266 1.53 1.449 1.389 1.349 1.261 1.049 1.047 -9999 0.848 0.493 0.209 0.015 0.008 0.158 0.712 0.771 0.629 0.399 0.458 0.351 0.232 -9999 -9999 -9999 -9999
-9999 -9999 -9999 -9999 -9999 -9999 -9999 -9999 -9999 -9999 -9999 -9999 -9999 -9999 -9999 -9999 -9999 -9999 0.01 0.06 0.117 0.145 0.1005 0.552 0.664 0.841 0.737 0.873 0.744 -9999 -9999 0.494 0.694 0.878 0.805 0.735 0.783 0.845 0.777 0.693 0.297 0.687 0.815 1.03 1.084 1.173 1.165 0.983 0.307 0.455 0.79 1.335 1.332 1.339 1.351 1.005 -9999 0.786 -9999 -9999 -9999 0.633 0.26 -0.008 -0.01 -0.01 0.567 0.447 0.279 0.279 0.278 0.431 0.314 0.065 -9999 -9999 -9999 -9999
-9999 -9999 -9999 -9999 -9999 -9999 -9999 -9999 -9999 -9999 -9999 -9999 -9999 -9999 -9999 -9999 -9999 0.005 0.098 0.057 0.116 0.116 0.094 0.3385 0.608 0.607 0.789 0.76 -9999 -9999 -9999 0.503 0.734 0.64 0.711 0.725 0.6635 0.661 0.701 0.535 0.287 0.6 0.83 -9999 0.97 1.159 0.936 0.657 0.485 0.1975 0.71 1.327 1.262 1.08 0.862 -9999 -9999 -9999 -9999 -9999 -9999 0.433 0.2615 -0.002 0.013 -9999 -9999 -9999 -9999 -9999 -9999 -9999 -9999 -9999 -9999 -9999 -9999 -9999
