data/derived/r_sen_tempsp.asc
NCOLS 186 
NROWS 74 
XLLCORNER 443300.206538099 
YLLCORNER 4085841.77455235 
CELLSIZE 500 
NODATA_value -9999 
[rows 34 to 67 of 74, columns 77 to 153 of 186]
0.061 0.062 0.065 0.062 0.056 0.055 0.057 0.055 0.073 0.0765 0.087 0.1 0.115 0.128 0.129 0.124 0.079 0.074 0.098 0.1 0.108 0.109 0.106 0.11 0.112 0.113 0.111 0.111 0.108 0.105 0.093 0.096 0.097 0.1 0.128 0.136 0.134 0.133 0.14 0.143 0.16 0.156 0.152 0.15 0.152 0.152 0.148 0.148 0.153 0.15 0.152 0.147 0.15 0.155 0.159 0.159 0.162 0.162 0.145 0.143 0.107 0.0825 0.078 0.079 0.078 0.075 0.078 0.077 0.075 0.075 0.074 0.075 0.078 0.079 0.0805 0.081 0.081
0.07 0.068 0.07 0.072 0.074 0.072 0.055 0.068 0.065 0.069 0.087 0.1 0.105 0.079 0.077 0.081 0.07 0.074 0.081 0.093 0.094 0.094 0.105 0.108 0.108 0.109 0.11 0.108 0.107 0.105 0.082 0.087 0.098 0.098 0.103 0.137 0.134 0.14 0.143 0.168 0.162 0.148 0.14 0.142 0.142 0.144 0.138 0.14 0.15 0.164 0.166 0.164 0.168 0.164 0.164 0.166 0.166 0.166 0.166 0.168 0.168 0.131 0.084 0.084 0.078 0.077 0.076 0.076 0.076 0.077 0.076 0.077 0.081 0.08 0.0805 0.084 0.082
0.059 0.057 0.06 0.062 0.07 0.076 0.065 0.065 0.064 0.07 0.076 0.045 0.063 0.071 0.071 0.072 0.071 0.079 0.084 0.082 0.088 0.088 0.1 0.102 0.102 0.104 0.103 0.102 0.105 0.105 0.105 0.08 0.093 0.097 0.097 0.136 0.137 0.143 0.15 0.154 0.158 0.144 0.136 0.132 0.136 0.138 0.136 0.132 0.136 0.155 0.158 0.162 0.166 0.16 0.162 0.164 0.165 0.165 0.163 0.162 0.165 0.168 0.174 0.115 0.11 0.086 0.082 0.084 0.078 0.079 0.079 0.078 0.075 0.082 0.081 0.0825 0.081
0.0565 0.0565 0.056 0.0555 0.061 0.0645 0.0615 0.0575 0.0485 0.043 0.04575 0.0475 0.0575 0.061 0.0625 0.066 0.0645 0.0585 0.056 0.0555 0.054 0.0545 0.0895 0.08975 0.091 0.0935 0.0925 0.095 0.095 0.0965 0.0955 0.0775 0.0885 0.097 0.0965 0.111 0.1375 0.136 0.141 0.1455 0.149 0.143 0.1385 0.1345 0.134 0.135 0.138 0.1375 0.144 0.153 0.155 0.159 0.161 0.1625 0.1595 0.161 0.159 0.158 0.159 0.158 0.1615 0.1645 0.173 0.174 0.1755 0.147 0.145 0.105 0.093 0.088 0.0835 0.081 0.0785 0.08 0.0825 0.084 0.085
0.045 0.047 0.048 0.047 0.05 0.05 0.05 0.055 0.048 0.035 0.035 0.043 0.054 0.053 0.056 0.045 0.046 0.049 0.048 0.048 0.047 0.045 0.077 0.076 0.079 0.081 0.082 0.08 0.085 0.088 0.09 0.092 0.08 0.097 0.093 0.102 0.116 0.139 0.133 0.133 0.146 0.14 0.143 0.142 0.143 0.142 0.14 0.133 0.152 0.155 0.1595 0.162 0.156 0.156 0.154 0.15 0.15 0.156 0.154 0.157 0.16 0.16 0.164 0.1715 0.172 0.175 0.177 0.183 0.18 0.181 0.08 0.076 0.076 0.08 0.074 0.064 0.0825
0.035 0.035 0.037 0.055 0.051 0.049 0.05 0.055 0.048 0.033 0.033 0.045 0.053 0.046 0.042 0.044 0.043 0.042 0.037 0.035 0.035 0.028 0.068 0.069 0.0685 0.071 0.074 0.075 0.065 0.08 0.083 0.085 0.07 0.087 -9999 0.097 0.108 0.1275 0.143 0.145 0.147 0.145 0.133 0.133 0.14 0.143 0.148 0.154 0.157 0.163 0.164 0.156 0.154 0.148 0.152 0.146 0.148 0.152 0.152 0.162 0.157 0.16 0.148 0.147 0.173 0.172 0.173 0.177 0.185 0.182 0.17 0.164 0.078 0.081 0.08 0.062 0.081
0.028 0.028 0.03 0.05 0.049 0.052 0.051 0.052 0.05 0.032 0.028 0.036 0.0455 0.038 0.041 0.044 0.043 0.028 0.025 0.023 0.022 0.017 0.025 0.064 0.065 0.064 0.065 0.068 0.061 0.073 0.076 0.079 0.062 0.084 -9999 0.095 0.099 0.103 0.1495 0.145 0.149 0.15 0.143 0.14 0.155 0.144 0.156 0.155 0.17 0.166 0.166 0.156 0.146 0.144 0.148 0.148 0.15 0.148 0.15 0.158 0.147 0.148 0.146 0.146 0.154 0.159 0.157 0.17 0.177 0.165 0.16 0.154 0.156 0.078 0.074 0.062 0.081
0.02 0.03 0.03 0.05 0.043 0.046 0.05 0.051 0.042 0.03 0.028 0.036 0.042 0.037 0.04 0.042 0.035 0.023 0.017 0.015 0.007 0.003 0.01 0.057 0.058 0.061 0.062 0.063 0.06 0.059 0.069 0.073 0.062 0.081 -9999 0.091 0.095 0.09 0.1575 0.16 0.157 0.156 0.157 0.158 0.154 0.145 0.15 0.16 0.165 0.167 0.162 0.153 0.152 0.14 0.146 0.148 0.136 0.146 0.145 0.142 0.142 0.146 0.148 0.148 0.1565 0.158 0.161 0.157 0.155 0.17 0.15 0.15 0.154 0.079 0.074 0.072 0.086
0.0315 0.043 0.047 0.04 0.039 0.044 0.047 0.053 0.037 0.024 0.026 0.04 0.038 0.038 0.04 0.041 0.04 0.022 0.007 0.01 -0.003 -0.01 -0.008 0.046 0.05 0.0575 0.061 0.062 0.055 0.058 0.061 0.065 0.098 0.08 -9999 -9999 0.091 -9999 0.157 0.155 0.159 0.16 0.16 0.156 0.149 0.14 0.148 0.151 0.162 0.16 0.163 0.1535 0.146 0.136 0.142 0.142 0.136 0.138 0.148 0.143 0.145 0.148 0.144 0.149 0.1555 0.161 0.16 0.157 0.159 0.154 0.154 0.17 0.16 0.15 0.076 0.086 0.092
0.0445 0.048 0.044 0.038 0.038 0.039 0.037 0.051 0.033 0.025 0.028 0.042 0.047 0.0335 0.037 0.036 0.033 0.018 0.01 0.008 0 -0.018 -0.017 0.035 0.04 0.048 0.0585 0.059 0.055 0.052 0.055 0.098 0.098 0.071 -9999 -9999 -9999 -9999 0.155 0.161 0.165 0.165 0.167 0.159 0.156 0.149 0.141 0.153 0.158 0.158 0.159 0.158 0.1495 0.136 0.136 0.138 0.136 0.14 0.145 0.14 0.142 0.146 0.149 0.15 0.156 0.158 0.155 0.158 0.16 0.163 0.167 0.167 0.163 0.15 0.139 0.084 0.082
0.047 0.047 0.038 0.037 0.04 0.039 0.041 0.04 0.017 0.025 0.033 0.042 0.042 0.034 0.035 0.033 0.03 0.017 0.02 0.018 0.008 -0.015 -0.015 0.02 0.028 0.032 0.05 0.058 0.057 0.044 0.091 0.096 0.099 0.105 -9999 -9999 -9999 0.088 0.152 0.161 0.168 0.169 0.165 0.156 0.153 0.149 0.144 0.154 0.156 0.161 0.161 0.158 0.1535 0.142 0.138 0.138 0.142 0.145 0.142 0.14 0.144 0.147 0.151 0.151 0.159 0.155 0.153 0.167 0.167 0.164 0.167 0.163 0.16 0.157 0.138 0.093 0.086
0.047 0.046 0.034 0.041 0.041 0.043 0.042 0.025 0.02 0.031 0.04 0.04 0.029 0.033 0.0315 0.026 0.025 0.022 0.019 0.017 0.005 -0.01 -0.012 -0.012 0.017 0.024 0.032 0.042 0.05 0.086 0.089 0.095 0.099 0.101 0.108 -9999 -9999 -9999 0.146 0.151 0.1625 0.165 0.165 0.159 0.153 0.153 0.151 0.154 0.16 0.164 0.166 0.158 0.153 0.148 0.152 0.15 0.147 0.14 0.14 0.146 0.152 0.148 0.151 0.163 0.157 0.157 0.163 0.17 0.167 0.163 0.163 0.16 0.155 0.155 0.136 0.087 0.082
0.046 0.042 0.034 0.046 0.042 0.05 0.033 0.017 0.024 0.036 0.028 0.023 0.025 0.026 0.0275 0.023 0.02 0.016 -0.01 -0.026 -0.02 -0.012 -0.018 -0.02 0.002 0.008 0.013 0.023 0.079 0.081 0.088 0.091 0.095 0.102 0.106 -9999 -9999 -9999 0.14 0.149 0.1585 0.16 0.156 0.154 0.155 0.158 0.153 0.16 0.171 0.18 0.181 0.181 0.18 0.173 0.16 0.152 0.153 0.155 0.158 0.157 0.156 0.163 0.167 0.173 0.169 0.166 0.164 0.164 0.161 0.157 0.163 0.159 0.159 0.157 0.139 0.132 0.083
0.042 0.043 0.0375 0.047 0.05 0.042 0.027 0.016 0.034 0.04 0.033 0.021 0.024 0.026 0.025 0.017 0.016 -0.01 -0.012 -0.01 -0.006 -0.012 -0.022 -0.024 -0.016 0.006 0.007 0.009 0.0525 0.08 0.083 0.089 0.093 0.098 0.108 -9999 -9999 0.137 0.139 0.149 0.154 0.156 0.155 0.153 0.159 0.16 0.168 0.171 0.18 0.2 0.21 0.19 0.191 0.199 0.197 0.19 0.181 0.175 0.19 0.177 0.17 0.169 0.166 0.164 0.161 0.163 0.156 0.157 0.156 0.159 0.159 0.157 0.157 0.156 0.136 0.13 0.082
0.047 0.039 0.0395 0.05 0.038 0.027 0.018 0.024 0.04 0.036 0.022 0.025 0.026 0.028 0.022 0.018 0.009 0.005 -0.006 -0.008 -0.01 -0.024 -0.022 -0.022 -0.016 -0.014 -0.002 0.022 0.0315 0.06 0.066 0.08 0.088 0.096 0.106 -9999 -9999 -9999 0.134 0.146 0.149 0.1545 0.156 0.163 0.162 0.171 0.171 0.175 0.18 0.187 0.195 0.201 0.212 0.224 0.2405 0.232 0.205 0.193 0.185 0.185 0.17 0.17 0.172 0.165 0.162 0.16 0.16 0.1585 0.157 0.16 0.157 0.155 0.156 0.155 0.095 0.095 0.092
0.0485 0.05 0.0496666666666667 0.0363333333333333 0.025 0.0185 0.023 0.037 0.041 0.024 0.0215 0.0265 0.0275 0.0255 0.02 0.016 0.00666666666666667 -0.01 -0.019 -0.018 -0.015 -0.0145 -0.015 -0.0155 -0.0145 -0.0145 -0.014 0.009 0.0186666666666667 0.0276666666666667 0.044 0.0695 0.078 0.094 0.1015 0.111 -9999 -9999 0.138 0.146 0.1545 0.163666666666667 0.171 0.17 0.17 0.17 0.177 0.182 0.186 0.1955 0.203 0.2135 0.2255 0.242 0.254 0.247666666666667 0.2315 0.207 0.194 0.191 0.194 0.176 0.1685 0.1655 0.1645 0.1605 0.1625 0.161666666666667 0.159333333333333 0.1595 0.156 0.156 0.155 0.157 0.148 0.1465 0.1435
0.053 0.053 0.045 0.0205 0.016 0.025 0.038 0.046 0.022 0.02 0.024 0.027 0.03 0.024 0.024 0.012 -0.003 -0.022 -0.016 -0.015 -0.011 -0.014 -0.014 -0.01 -0.015 -0.01 -0.003 0 0 0.011 0.028 0.045 0.067 0.083 0.099 0.11 -9999 -9999 -9999 0.146 0.154 0.168 0.17 0.171 -9999 -9999 -9999 0.183 0.189 0.197 0.204 0.215 0.235 0.239 0.243 0.243 0.219 0.205 0.194 0.185 0.178 0.173 0.17 0.164 0.163 0.163 0.161 0.161 0.159 0.157 0.157 0.157 0.157 0.155 0.142 0.145 0.141
0.052 0.054 0.035 0.018 0.025 0.035 0.046 0.032 0.025 0.023 0.027 0.028 0.028 0.023 0.018 0.004 -0.006 -0.017 -0.016 -0.014 -0.013 -0.014 -0.01 -0.004 0 -0.002 -0.01 -0.008 0 0.002 0.0135 0.04 0.06 0.074 0.084 -9999 -9999 -9999 -9999 -9999 0.136 0.168 -9999 -9999 -9999 -9999 -9999 -9999 0.188 0.193 0.201 0.209 0.215 0.226 0.233 0.23 0.2125 0.195 0.187 0.179 0.175 0.17 0.167 0.165 0.164 0.161 0.161 0.16 0.158 0.158 0.157 0.156 0.156 0.155 0.148 0.144 0.14
0.055 0.052 0.02 0.029 0.0335 0.042 0.04 0.027 0.021 0.024 0.027 0.03 0.029 0.018 0.01 -0.004 -0.016 -0.022 -0.012 -0.012 -0.015 -0.007 -0.002 0 0.002 -0.002 0 -0.01 -0.005 0.01 0.0095 0.022 -9999 -9999 -9999 -9999 -9999 -9999 -9999 -9999 -9999 -9999 -9999 -9999 -9999 -9999 -9999 -9999 -9999 0.19 0.193 0.2 0.205 0.207 0.207 0.205 0.19 0.18 0.175 0.171 0.169 0.165 0.165 0.163 0.162 0.161 0.161 0.16 0.16 0.1565 0.156 0.155 0.155 0.153 0.147 0.144 0.146
0.057 0.055 0.032 0.039 0.043 0.048 0.038 0.03 0.023 0.024 0.022 0.028 0.026 0.006 -0.004 -0.016 -0.028 -0.019 -0.013 -0.01 -0.007 -0.004 -0.002 0 0.003 0 -0.002 -0.01 -0.005 0 0.0115 0.021 -9999 -9999 -9999 -9999 -9999 -9999 -9999 -9999 -9999 -9999 -9999 -9999 -9999 -9999 -9999 -9999 0.18 0.184 0.187 0.189 0.189 0.19 0.186 0.176 0.158 0.152 0.154 0.16 0.163 0.162 0.16 0.159 0.158 0.159 0.158 0.16 0.157 0.1565 0.156 0.155 0.155 0.152 0.146 0.144 0.142
0.06 0.04 0.044 0.046 0.048 0.049 0.038 0.035 0.028 0.026 0.016 0.024 0.022 -0.002 -0.016 -0.03 -0.032 -0.022 -0.0175 -0.012 -0.006 0 0.002 0 0.004 0 -0.002 0 -9999 -9999 -9999 -9999 -9999 -9999 -9999 -9999 -9999 -9999 -9999 -9999 -9999 -9999 -9999 -9999 -9999 -9999 -9999 -9999 -9999 0.176 0.18 0.177 0.175 0.168 0.148 0.132 0.11 0.113 0.128 0.14 0.148 0.154 0.159 0.159 0.156 0.157 0.156 0.156 0.156 0.157 0.1555 0.154 0.155 0.149 0.147 0.143 0.14
0.071 0.048 0.054 0.053 0.055 0.047 0.044 0.043 0.037 0.025 0.028 0.012 0.01 -0.01 -0.01 -0.03 -0.03 -0.02 -0.014 -0.009 -0.004 -9999 -9999 0.002 0.007 -9999 0.004 0.004 -9999 -9999 -9999 -9999 -9999 -9999 -9999 -9999 -9999 -9999 -9999 -9999 -9999 -9999 -9999 -9999 -9999 -9999 -9999 -9999 -9999 -9999 0.171 0.167 0.158 0.134 0.116 0.097 0.083 0.085 0.11 0.122 0.128 0.14 0.15 0.157 0.155 0.155 0.155 0.157 0.157 0.155 0.155 0.155 0.155 0.149 0.147 0.142 0.14
0.074 0.061 0.062 0.065 0.06 0.052 0.057 0.055 0.043 0.028 0.028 0.032 0.032 0.029 0.021 -0.026 -0.018 -0.02 -9999 -0.007 -9999 -9999 -9999 0.006 -9999 -9999 -9999 -9999 -9999 -9999 -9999 -9999 -9999 -9999 -9999 -9999 -9999 -9999 -9999 -9999 -9999 -9999 -9999 -9999 -9999 -9999 -9999 -9999 -9999 -9999 -9999 -9999 -9999 -9999 -9999 -9999 -9999 -9999 0.09 0.108 0.118 0.132 0.14 0.15 0.155 0.155 0.155 0.156 0.155 0.157 0.155 0.1535 0.154 0.151 0.146 0.143 0.14
0.074 0.068 0.067 0.07 0.07 0.068 0.063 0.062 0.048 0.038 0.035 0.032 0.031 0.032 0.024 0 -9999 -9999 -9999 -9999 -9999 -9999 -9999 -9999 -9999 -9999 -9999 -9999 -9999 -9999 -9999 -9999 -9999 -9999 -9999 -9999 -9999 -9999 -9999 -9999 -9999 -9999 -9999 -9999 -9999 -9999 -9999 -9999 -9999 -9999 -9999 -9999 -9999 -9999 -9999 -9999 -9999 -9999 0.09 0.102 0.11 0.128 0.138 0.14 0.148 0.154 0.155 0.155 0.157 0.154 0.155 0.1535 0.154 0.151 0.146 0.142 0.142
0.078 0.074 0.072 0.071 0.075 0.075 0.071 0.067 -9999 -9999 0.042 0.031 0.032 0.034 0.027 0.02 -9999 -9999 -9999 -9999 -9999 -9999 -9999 -9999 -9999 -9999 -9999 -9999 -9999 -9999 -9999 -9999 -9999 -9999 -9999 -9999 -9999 -9999 -9999 -9999 -9999 -9999 -9999 -9999 -9999 -9999 -9999 -9999 -9999 -9999 -9999 -9999 -9999 -9999 -9999 -9999 -9999 -9999 -9999 -9999 -9999 0.124 0.132 -9999 -9999 0.154 0.153 -9999 -9999 0.155 -9999 -9999 -9999 -9999 0.145 0.143 0.14
0.092 0.078 0.074 0.074 0.076 0.079 0.078 0.0745 -9999 -9999 -9999 0.038 0.034 0.033 0.032 -9999 -9999 -9999 -9999 -9999 -9999 -9999 -9999 -9999 -9999 -9999 -9999 -9999 -9999 -9999 -9999 -9999 -9999 -9999 -9999 -9999 -9999 -9999 -9999 -9999 -9999 -9999 -9999 -9999 -9999 -9999 -9999 -9999 -9999 -9999 -9999 -9999 -9999 -9999 -9999 -9999 -9999 -9999 -9999 -9999 -9999 -9999 -9999 -9999 -9999 -9999 -9999 -9999 -9999 -9999 -9999 -9999 -9999 -9999 -9999 -9999 -9999
0.08 0.076 0.077 0.075 0.076 0.079 0.082 0.0795 -9999 -9999 -9999 -9999 0.04 -9999 -9999 -9999 -9999 -9999 -9999 -9999 -9999 -9999 -9999 -9999 -9999 -9999 -9999 -9999 -9999 -9999 -9999 -9999 -9999 -9999 -9999 -9999 -9999 -9999 -9999 -9999 -9999 -9999 -9999 -9999 -9999 -9999 -9999 -9999 -9999 -9999 -9999 -9999 -9999 -9999 -9999 -9999 -9999 -9999 -9999 -9999 -9999 -9999 -9999 -9999 -9999 -9999 -9999 -9999 -9999 -9999 -9999 -9999 -9999 -9999 -9999 -9999 -9999
0.0785 0.0785 0.0785 0.077 0.08 0.0815 0.0805 0.083 0.0825 -9999 -9999 -9999 -9999 -9999 -9999 -9999 -9999 -9999 -9999 -9999 -9999 -9999 -9999 -9999 -9999 -9999 -9999 -9999 -9999 -9999 -9999 -9999 -9999 -9999 -9999 -9999 -9999 -9999 -9999 -9999 -9999 -9999 -9999 -9999 -9999 -9999 -9999 -9999 -9999 -9999 -9999 -9999 -9999 -9999 -9999 -9999 -9999 -9999 -9999 -9999 -9999 -9999 -9999 -9999 -9999 -9999 -9999 -9999 -9999 -9999 -9999 -9999 -9999 -9999 -9999 -9999 -9999
0.084 0.079 -9999 -9999 0.078 0.08 0.081 -9999 -9999 -9999 -9999 -9999 -9999 -9999 -9999 -9999 -9999 -9999 -9999 -9999 -9999 -9999 -9999 -9999 -9999 -9999 -9999 -9999 -9999 -9999 -9999 -9999 -9999 -9999 -9999 -9999 -9999 -9999 -9999 -9999 -9999 -9999 -9999 -9999 -9999 -9999 -9999 -9999 -9999 -9999 -9999 -9999 -9999 -9999 -9999 -9999 -9999 -9999 -9999 -9999 -9999 -9999 -9999 -9999 -9999 -9999 -9999 -9999 -9999 -9999 -9999 -9999 -9999 -9999 -9999 -9999 -9999
-9999 -9999 -9999 -9999 -9999 -9999 -9999 -9999 -9999 -9999 -9999 -9999 -9999 -9999 -9999 -9999 -9999 -9999 -9999 -9999 -9999 -9999 -9999 -9999 -9999 -9999 -9999 -9999 -9999 -9999 -9999 -9999 -9999 -9999 -9999 -9999 -9999 -9999 -9999 -9999 -9999 -9999 -9999 -9999 -9999 -9999 -9999 -9999 -9999 -9999 -9999 -9999 -9999 -9999 -9999 -9999 -9999 -9999 -9999 -9999 -9999 -9999 -9999 -9999 -9999 -9999 -9999 -9999 -9999 -9999 -9999 -9999 -9999 -9999 -9999 -9999 -9999
-9999 -9999 -9999 -9999 -9999 -9999 -9999 -9999 -9999 -9999 -9999 -9999 -9999 -9999 -9999 -9999 -9999 -9999 -9999 -9999 -9999 -9999 -9999 -9999 -9999 -9999 -9999 -9999 -9999 -9999 -9999 -9999 -9999 -9999 -9999 -9999 -9999 -9999 -9999 -9999 -9999 -9999 -9999 -9999 -9999 -9999 -9999 -9999 -9999 -9999 -9999 -9999 -9999 -9999 -9999 -9999 -9999 -9999 -9999 -9999 -9999 -9999 -9999 -9999 -9999 -9999 -9999 -9999 -9999 -9999 -9999 -9999 -9999 -9999 -9999 -9999 -9999
-9999 -9999 -9999 -9999 -9999 -9999 -9999 -9999 -9999 -9999 -9999 -9999 -9999 -9999 -9999 -9999 -9999 -9999 -9999 -9999 -9999 -9999 -9999 -9999 -9999 -9999 -9999 -9999 -9999 -9999 -9999 -9999 -9999 -9999 -9999 -9999 -9999 -9999 -9999 -9999 -9999 -9999 -9999 -9999 -9999 -9999 -9999 -9999 -9999 -9999 -9999 -9999 -9999 -9999 -9999 -9999 -9999 -9999 -9999 -9999 -9999 -9999 -9999 -9999 -9999 -9999 -9999 -9999 -9999 -9999 -9999 -9999 -9999 -9999 -9999 -9999 -9999
-9999 -9999 -9999 -9999 -9999 -9999 -9999 -9999 -9999 -9999 -9999 -9999 -9999 -9999 -9999 -9999 -9999 -9999 -9999 -9999 -9999 -9999 -9999 -9999 -9999 -9999 -9999 -9999 -9999 -9999 -9999 -9999 -9999 -9999 -9999 -9999 -9999 -9999 -9999 -9999 -9999 -9999 -9999 -9999 -9999 -9999 -9999 -9999 -9999 -9999 -9999 -9999 -9999 -9999 -9999 -9999 -9999 -9999 -9999 -9999 -9999 -9999 -9999 -9999 -9999 -9999 -9999 -9999 -9999 -9999 -9999 -9999 -9999 -9999 -9999 -9999 -9999
-9999 -9999 -9999 -9999 -9999 -9999 -9999 -9999 -9999 -9999 -9999 -9999 -9999 -9999 -9999 -9999 -9999 -9999 -9999 -9999 -9999 -9999 -9999 -9999 -9999 -9999 -9999 -9999 -9999 -9999 -9999 -9999 -9999 -9999 -9999 -9999 -9999 -9999 -9999 -9999 -9999 -9999 -9999 -9999 -9999 -9999 -9999 -9999 -9999 -9999 -9999 -9999 -9999 -9999 -9999 -9999 -9999 -9999 -9999 -9999 -9999 -9999 -9999 -9999 -9999 -9999 -9999 -9999 -9999 -9999 -9999 -9999 -9999 -9999 -9999 -9999 -9999
