data/derived/r_sen_tempau.asc
NCOLS 186 
NROWS 74 
XLLCORNER 443300.206538099 
YLLCORNER 4085841.77455235 
CELLSIZE 500 
NODATA_value -9999 
[rows 35 to 69 of 74, columns 0 to 76 of 186]
-9999 -9999 -9999 -9999 -9999 -9999 -9999 -9999 -9999 -9999 -9999 -9999 -9999 -9999 0.065 0.066 0.066 0.068 0.073 -9999 -9999 -9999 0.077 0.087 0.083 0.086 0.087 0.09 0.089 0.092 0.094 0.095 0.0965 0.0935 0.097 0.092 0.094 0.091 0.0835 0.0885 0.0855 0.085 0.083 0.072 0.085 0.09 0.096 0.0856666666666667 0.1 0.088 0.07 0.072 0.094 0.093 0.093 0.087 0.093 0.093 0.106 0.105 0.106 0.108 0.082 0.077 0.07 0.067 0.061 0.07 0.07 0.072 0.066 0.063 0.056 0.058 0.057 0.057 0.06
-9999 -9999 -9999 -9999 -9999 -9999 -9999 -9999 -9999 -9999 -9999 -9999 -9999 -9999 0.065 0.069 0.068 0.069 0.07 0.073 -9999 0.074 0.077 0.08 0.086 0.09 0.09 0.093 0.09 0.09 0.094 0.09 0.097 0.1 0.1 0.1035 0.098 0.092 0.092 0.087 0.098 0.092 0.09 0.08 0.08 0.103 0.1 0.095 0.105 0.084 0.059 0.089 0.095 0.095 0.0885 0.089 0.0905 0.0965 0.1025 0.096 0.0955 0.0985 0.0925 0.0805 0.0695 0.0645 0.0625 0.0655 0.0665 0.065 0.0615 0.0575 0.0585 0.0595 0.065 0.068 0.07
-9999 -9999 -9999 -9999 -9999 -9999 -9999 -9999 -9999 -9999 -9999 -9999 -9999 -9999 -9999 0.067 0.068 0.069 0.074 0.07 0.075 0.072 0.076 0.079 0.09 0.091 0.09 0.095 0.097 0.094 0.096 0.1 0.103 0.099 0.103 0.103 0.108 0.102 0.094 0.097 0.1 0.098 0.09 0.09 0.088 0.09 0.107 0.107 0.09 0.0935 0.07 0.093 0.093 0.097 0.087 0.091 0.099 0.1 0.107 0.097 0.098 0.098 0.095 0.087 0.083 0.067 0.059 0.06 0.059 0.06 0.06 0.059 0.064 0.068 0.0676666666666667 0.072 0.073
-9999 -9999 -9999 -9999 -9999 -9999 -9999 -9999 -9999 -9999 -9999 -9999 -9999 -9999 -9999 0.067 0.065 0.066 0.07 0.072 0.068 0.078 0.071 0.079 0.092 0.092 0.093 0.095 0.096 0.097 0.099 0.097 0.097 0.101 0.1 0.1 0.105 0.09 0.093 0.097 0.1 0.106 0.1 0.11 0.09 0.086 0.107 0.09 0.09 0.094 0.095 0.1 0.097 0.093 0.09 0.103 0.103 0.106 0.106 0.106 0.101 0.113 0.091 0.087 0.083 0.077 0.059 0.058 0.06 0.06 0.059 0.063 0.07 0.064 0.062 0.0685 0.063
-9999 -9999 -9999 -9999 -9999 -9999 -9999 -9999 -9999 -9999 -9999 -9999 -9999 -9999 -9999 0.063 0.054 0.052 0.073 0.074 0.076 0.074 0.07 0.079 0.078 0.079 0.095 0.094 0.094 0.097 0.1 0.102 0.083 0.096 0.092 0.096 0.0915 0.087 0.09 0.093 0.1 0.1 0.1 0.107 0.105 0.088 0.088 0.1 0.107 0.087 0.102 0.11 0.093 0.093 0.099 0.112 0.108 0.102 0.105 0.109 0.116 0.112 0.0925 0.087 0.08 0.068 0.064 0.06 0.06 0.057 0.06 0.063 0.057 0.06 0.067 0.0715 0.075
-9999 -9999 0.069 -9999 -9999 -9999 -9999 -9999 -9999 -9999 -9999 -9999 -9999 -9999 -9999 0.056 0.063 0.061 0.072 0.073 0.074 0.077 0.078 0.078 0.083 0.083 0.094 0.094 0.096 0.095 0.097 0.1 0.097 0.101 0.102 0.102 0.1 0.0915 0.087 0.09 0.094 0.1 0.097 0.107 0.103 0.1 0.088 0.105 0.107 0.084 0.107 0.12 0.093 0.101 0.107 0.11 0.12 0.106 0.105 0.115 0.115 0.109 0.094 0.0885 0.077 0.076 0.073 0.066 0.058 0.055 0.055 0.065 0.062 0.062 0.073 0.07 0.0645
-9999 -9999 -9999 -9999 -9999 0.067 0.066 -9999 -9999 -9999 -9999 -9999 0.06 0.058 0.058 0.059 0.067 0.07 0.074 0.076 0.074 0.078 0.077 0.078 0.0775 0.078 0.097 0.095 0.098 0.098 0.099 0.103 0.106 0.103 0.106 0.108 0.092 0.092 0.093 0.09 0.097 0.1 0.086 0.1 0.107 0.1 0.12 0.11 0.107 0.123 0.121 0.1 0.106 0.112 0.112 0.12 0.108 0.115 0.115 0.12 0.134 0.104 0.098 0.0865 0.08 0.078 0.073 0.068 0.064 0.061 0.066 0.058 0.064 0.06 0.068 0.057 0.0635
-9999 -9999 -9999 0.064 -9999 -9999 -9999 0.064 -9999 -9999 -9999 0.06 0.0595 0.06 0.06 0.059 0.066 0.073 0.075 0.08 0.077 0.08 0.081 0.08 0.085 0.081 0.083 0.091 0.098 0.098 0.102 0.094 0.093 0.093 0.093 0.099 0.099 0.099 0.096 0.1 0.093 0.097 0.093 0.1 0.097 0.103 0.103 0.12 0.122 0.124 0.135 0.119 0.118 0.113 0.117 0.112 0.115 0.116 0.123 0.127 0.126 0.1 0.096 0.09 0.0825 0.078 0.072 0.064 0.061 0.063 0.065 0.062 0.06 0.058 0.056 0.055 0.056
-9999 0.066 0.062 0.063 0.062 0.061 0.06 0.06 0.061 0.059 0.059 0.062 0.0605 0.061 0.06 0.06 0.067 0.07 0.074 0.083 0.083 0.083 0.097 0.096 0.099 0.088 0.08 0.085 0.092 0.1 0.1 0.099 0.097 0.09 0.09 0.098 0.097 0.101 0.106 0.1 0.1 0.1 0.097 0.11 0.108 0.108 0.114 0.126 0.135 0.134 0.128 0.121 0.127 0.12 0.118 0.117 0.126 0.131 0.131 0.131 0.129 0.12 0.094 0.089 0.083 0.074 0.07 0.06 0.066 0.063 0.053 0.063 0.062 0.06 0.056 0.054 0.053
0.0636666666666667 0.0615 0.062 0.062 0.064 0.065 0.065 0.07 0.06 0.065 0.065 0.062 0.063 0.066 0.067 0.066 0.065 0.072 0.074 0.079 0.081 0.087 0.089 0.085 0.083 0.0865 0.088 0.092 0.095 0.105 0.103 0.098 0.096 0.09 0.11 0.098 0.101 0.099 0.1045 0.116 0.11 0.101 0.121 0.124 0.126 0.127 0.13 0.132 0.128 0.126 0.11 0.1255 0.117 0.115 0.127 0.121 0.13 0.13 0.129 0.124 0.13 0.129 0.092 0.073 0.07 0.063 0.063 0.062 0.065 0.067 0.05 0.064 0.059 0.063 0.054 0.047 0.06
-9999 0.062 0.071 0.0675 0.07 0.071 0.072 0.075 0.076 0.077 0.0765 0.0705 0.0705 0.0695 0.068 0.07 0.069 0.071 0.071 0.077 0.083 0.085 0.086 0.092 0.083 0.084 0.0865 0.092 0.103 0.107 0.107 0.098 0.095 0.091 0.111 0.112 0.107 0.107 0.107 0.113 0.113 0.117 0.119 0.122 0.122 0.124 0.124 0.123 0.12 0.11 0.114 0.136 0.114 0.121 0.129 0.124 0.124 0.119 0.12 0.12 0.12 0.129 0.082 0.071 0.07 0.0665 0.061 0.058 0.064 0.068 0.05 0.066 0.061 0.062 0.053 0.056 0.06
-9999 -9999 0.073 0.077 0.075 0.08 0.078 0.08 0.078 0.077 0.07 0.062 0.069 0.069 0.071 0.066 0.061 0.072 0.074 0.073 0.0785 0.0765 0.077 0.0785 0.079 0.082 0.0843333333333333 0.0896666666666667 0.104 0.098 0.107 0.098 0.096 0.106 0.11 0.112 0.117 0.11 0.111 0.1165 0.12 0.133 0.121 0.122 0.119 0.12 0.118 0.119 0.12 0.127 0.11 0.104 0.114 0.127 0.123 0.12 0.124 0.129 0.115 0.116 0.12 0.093 0.084 0.071 0.063 0.07 0.057 0.056 0.056 0.064 0.055 0.06 0.061 0.062 0.058 0.058 0.058
-9999 -9999 -9999 0.077 0.085 0.085 0.087 0.087 0.074 0.07 0.069 0.065 0.063 0.068 0.0715 0.071 0.064 0.062 0.068 0.073 0.068 0.072 0.075 0.077 0.08 0.088 0.096 0.0985 0.1025 0.103 0.105 0.106 0.1105 0.118 0.119 0.1225 0.1295 0.1335 0.1325 0.1255 0.13525 0.129 0.131 0.1275 0.1185 0.124 0.124 0.13 0.116 0.12 0.12 0.115 0.125 0.1205 0.119 0.114 0.116 0.123 0.126 0.111 0.114 0.093 0.084 0.074 0.07 0.063 0.0645 0.059 0.053 0.053 0.067 0.063 0.066 0.064 0.062 0.061 0.059
-9999 -9999 -9999 -9999 -9999 0.085 0.088 0.089 0.09 0.08 0.072 0.062 0.063 0.068 0.072 0.068 0.064 0.072 0.078 0.082 0.077 0.072 0.08 0.084 0.083 0.09 0.102 0.1105 0.107 0.102 0.105 0.108 0.127 0.13 0.132 0.135 0.14 0.14 0.143 0.145 0.121 0.126 0.11 0.105 0.104 0.11 0.1065 0.0985 0.101 0.111 0.106 0.114 0.117 0.11275 0.1075 0.1065 0.1085 0.1165 0.118 0.124 0.122 0.0895 0.085 0.0755 0.065 0.073 0.065 0.06 0.055 0.052 0.068 0.058 0.063 0.06 0.058 0.062 0.06
-9999 -9999 -9999 -9999 -9999 -9999 0.084 0.084 0.085 0.083 -9999 0.06 0.058 0.065 0.071 0.067 0.065 0.062 0.074 0.079 0.077 0.076 0.087 0.089 0.087 0.093 0.103 0.111 0.1125 0.11 0.112 0.115 0.128 0.128 0.128 0.136 0.144 0.144 0.142 0.136 0.134 0.135 0.135 0.105 0.097 0.093 0.091 0.086 0.088 0.087 0.09 0.088 0.1 0.1 0.1 0.101 0.104 0.114 0.114 0.12 0.123 0.087 0.083 0.067 0.067 0.07 0.068 0.0603333333333333 0.0555 0.0535 0.059 0.0635 0.06 0.058 0.06 0.0625 0.0605
-9999 -9999 -9999 -9999 -9999 0.07 -9999 -9999 -9999 -9999 -9999 -9999 -9999 0.065 0.058 0.061 0.069 0.066 0.074 0.08 0.078 0.079 0.084 0.096 0.096 0.097 0.106 0.114 0.117 0.113 0.112 0.116 0.136 0.139 0.141 0.147 0.145 0.145 0.137 0.126 0.128 0.1165 0.1 0.095 0.094 0.091 0.086 0.082 0.084 0.084 0.085 0.083 0.083 0.09 0.1005 0.104 0.106 0.111 0.113 0.119 0.121 0.084 0.082 0.073 0.07 0.07 0.066 0.06 0.057 0.055 0.053 0.066 0.063 0.062 0.06 0.06 0.06
-9999 -9999 -9999 -9999 -9999 0.068 0.065 -9999 -9999 -9999 -9999 -9999 -9999 -9999 0.058 0.061 0.0665 0.064 0.061 0.074 0.076 0.086 0.09 0.094 0.101 0.105 0.11 0.115 0.115 0.101 0.101 0.1 0.1 0.141 0.146 0.135 0.125 0.125 0.116 0.118 0.11 0.12 0.112 0.093 0.091 0.087 0.084 0.079 0.078 0.09 0.1 0.1 0.082 0.08 0.1 0.0995 0.11 0.111 0.116 0.116 0.088 0.084 0.081 0.073 0.063 0.067 0.068 0.061 0.0595 0.058 0.057 0.065 0.067 0.064 0.063 0.06 0.057
-9999 -9999 -9999 0.066 0.062 0.064 -9999 -9999 -9999 -9999 -9999 -9999 -9999 -9999 0.06 0.058 0.0565 0.058 0.067 0.066 0.077 0.087 0.089 0.096 0.103 0.108 0.11 0.115 0.093 0.1065 0.11 0.097 0.097 0.143 0.14 0.135 0.125 0.125 0.112 0.114 0.114 0.11 0.1115 0.093 0.089 0.083 0.081 0.076 0.078 0.078 0.078 0.079 0.078 0.074 0.079 0.102 0.107 0.109 0.116 0.117 0.085 0.083 0.078 0.066 0.068 0.063 0.067 0.059 0.0605 0.06 0.06 0.062 0.064 0.06 0.057 0.057 0.057
-9999 -9999 -9999 -9999 0.064 0.064 -9999 -9999 -9999 -9999 -9999 -9999 -9999 -9999 -9999 -9999 0.058 0.07 0.076 0.075 0.081 0.089 0.094 0.098 0.1 0.104 0.114 0.095 0.097 0.098 0.108 0.096 0.113 0.139 0.14 0.125 0.125 0.106 0.108 0.111 0.113 0.104 0.104 0.111 0.088 0.085 0.081 0.077 0.076 0.076 0.078 0.075 0.076 0.072 0.075 0.092 0.111 0.11 0.101 0.12 0.086 0.083 0.07 0.068 0.063 0.063 0.063 0.057 0.0585 0.061 0.061 0.062 0.062 0.06 0.056 0.05 0.057
-9999 -9999 -9999 -9999 0.063 0.063 -9999 -9999 -9999 -9999 -9999 -9999 -9999 -9999 -9999 -9999 0.056 0.073 0.075 0.076 0.076 0.089 0.094 0.097 0.096 0.1 0.087 0.09 0.098 0.097 0.1065 0.097 0.11 0.13 0.141 0.13 0.13 0.11 0.109 0.111 0.115 0.104 0.098 0.117 0.119 0.09 0.082 0.078 0.075 0.074 0.075 0.076 0.075 0.074 0.074 0.084 0.0925 0.099 0.101 0.113 0.083 0.07 0.064 0.068 0.06 0.063 0.061 0.06 0.056 0.061 0.062 0.066 0.065 0.066 0.06 0.057 0.051
-9999 -9999 -9999 -9999 -9999 0.062 -9999 -9999 -9999 -9999 -9999 -9999 -9999 -9999 -9999 -9999 0.057 0.068 0.077 0.075 0.075 0.073 0.09 0.09 0.082 0.081 0.088 0.1 0.1 0.1 0.1055 0.098 0.123 0.105 0.105 0.131 0.134 0.11 0.112 0.111 0.11 0.102 0.117 0.122 0.119 0.1 0.09 0.078 0.076 0.077 0.075 0.074 0.075 0.075 0.076 0.08 0.0905 0.101 0.1 0.113 0.075 0.065 0.064 0.068 0.063 0.067 0.061 0.062 0.057 0.062 0.055 0.058 0.065 0.062 0.063 0.059 0.057
-9999 -9999 -9999 -9999 -9999 -9999 -9999 -9999 -9999 -9999 -9999 -9999 -9999 -9999 -9999 -9999 0.056 0.058 0.072 0.075 0.07 0.07 0.087 0.075 0.078 0.086 0.095 0.1 0.095 0.105 0.11 0.1225 0.101 0.1 0.093 0.104 0.13 0.11 0.114 0.118 0.103 0.12 0.1 0.12 0.1155 0.11 0.11 0.08 0.076 0.076 0.074 0.075 0.072 0.076 0.077 0.083 0.087 0.097 0.101 0.111 0.064 0.063 0.062 0.066 0.057 0.06 0.057 0.059 0.059 0.06 0.059 0.058 0.062 0.07 0.065 0.06 0.059
-9999 -9999 -9999 -9999 -9999 -9999 -9999 -9999 -9999 -9999 -9999 -9999 -9999 -9999 -9999 -9999 -9999 0.06 0.062 0.07 0.068 0.068 0.074 0.075 0.081 0.086 0.097 0.09 0.1 0.1 0.12 0.125 0.099 0.1 0.101 0.104 0.103 0.109 0.115 0.105 0.12 0.119 0.1 0.1 0.11 0.09 0.081 0.079 0.078 0.075 0.072 0.074 0.073 0.075 0.078 0.085 0.087 0.0885 0.103 0.073 0.062 0.06 0.06 0.06 0.067 0.063 0.056 0.063 0.061 0.063 0.0525 0.06 0.07 0.07 0.067 0.066 0.064
-9999 -9999 -9999 -9999 -9999 -9999 -9999 -9999 -9999 -9999 -9999 -9999 -9999 -9999 -9999 -9999 -9999 -9999 0.058 0.058 0.0665 0.069 0.072 0.077 0.084 0.093 0.09 0.095 0.105 0.105 0.121 0.129 0.1125 0.105 0.11 0.105 0.105 0.109 0.11 0.124 0.121 0.1 0.1 0.121 0.116 0.0915 0.08 0.078 0.075 0.076 0.074 0.075 0.073 0.075 0.082 0.085 0.087 0.088 0.0965 0.079 0.063 0.063 0.06 0.067 0.057 0.061 0.057 0.06 0.066 0.053 0.049 0.06 0.065 0.067 0.071 0.071 0.071
-9999 -9999 -9999 -9999 -9999 -9999 -9999 -9999 -9999 -9999 -9999 -9999 -9999 -9999 -9999 -9999 -9999 -9999 -9999 0.057 0.062 0.072 0.072 0.077 0.083 0.084 0.0925 0.1025 0.1095 0.115 0.1195 0.114 0.1125 0.11 0.1125 0.122 0.118 0.114 0.12 0.1235 0.123 0.114 0.1 0.119 0.119 0.091 0.078 0.078 0.076 0.074 0.073 0.075 0.074 0.077 0.08 0.082 0.083 0.088 0.092 0.074 0.062 0.06 0.06 0.063 0.06 0.059 0.061 0.064 0.073 0.055 0.052 0.056 0.065 0.067 0.07 0.073 0.074
-9999 -9999 -9999 -9999 -9999 -9999 -9999 -9999 -9999 -9999 -9999 -9999 -9999 -9999 -9999 -9999 -9999 -9999 -9999 0.05 0.066 0.07 0.072 0.074 0.083 0.09 0.094 0.104 0.106 0.113 0.11 0.112 0.111 0.1135 0.124 0.123 0.126 0.125 0.131 0.126 0.12 0.12 0.1165 0.123 0.107 0.0873333333333333 0.08 0.079 0.0775 0.0765 0.0765 0.0745 0.076 0.0805 0.0825 0.083 0.0825 0.083 0.0886666666666667 0.074 0.0625 0.061 0.06 0.06 0.058 0.06 0.057 0.06 0.077 0.06 0.06 0.075 0.079 0.079 0.079 0.077 0.08
-9999 -9999 -9999 -9999 -9999 -9999 -9999 -9999 -9999 -9999 -9999 -9999 -9999 -9999 -9999 -9999 -9999 -9999 -9999 0.048 0.059 0.07 0.07 0.077 0.081 0.086 0.093 0.1 0.103 0.109 0.105 0.114 0.107 0.113 0.126 0.133 0.13 0.129 0.128 0.124 0.117 0.119 0.121 0.126 0.125 0.105 0.0965 0.084 0.076 0.079 0.077 0.078 0.076 0.08 0.083 0.082 0.082 0.081 0.083 0.079 0.083 0.0695 0.069 0.0755 0.07 0.0835 0.0865 0.09 0.08 0.0835 0.082 0.0805 0.08075 0.079 0.082 0.0795 0.0825
-9999 -9999 -9999 -9999 -9999 -9999 -9999 -9999 -9999 -9999 -9999 -9999 -9999 -9999 -9999 -9999 -9999 -9999 -9999 0.047 0.066 0.065 0.068 0.072 0.079 0.082 0.084 0.093 0.096 0.1 0.1 0.107 0.096 0.109 0.1215 0.127 0.126 0.122 0.123 0.12 0.117 0.116 0.12 0.123 0.123 0.118 0.11 0.087 0.077 0.079 0.085 0.08 0.075 0.078 0.083 0.083 0.083 0.075 0.082 0.08 0.0825 0.084 0.084 0.085 0.085 0.087 0.088 0.091 0.081 0.086 0.083 0.086 0.08 0.08 0.083 0.086 0.092
-9999 -9999 -9999 -9999 -9999 -9999 -9999 -9999 -9999 -9999 -9999 -9999 -9999 -9999 -9999 -9999 -9999 -9999 -9999 0.047 0.064 0.062 0.062 0.068 0.068 0.076 0.079 0.086 0.092 0.097 0.103 0.103 0.095 0.107 0.1205 0.124 0.125 0.121 0.12 0.115 0.11 0.111 0.119 0.123 0.124 0.114 0.106 0.0895 0.077 0.08 0.08 0.086 0.08 0.079 0.076 0.075 0.075 0.078 0.082 0.082 0.0845 0.083 0.086 0.087 0.087 0.086 0.089 0.092 0.094 0.083 0.084 0.083 0.083 0.087 0.091 0.092 0.095
-9999 -9999 -9999 -9999 -9999 -9999 -9999 -9999 -9999 -9999 -9999 -9999 -9999 -9999 -9999 -9999 -9999 -9999 0.038 0.05 0.059 0.062 0.062 0.062 0.063 0.07 0.073 0.09 0.092 0.092 0.1 0.091 0.097 0.103 0.1195 0.122 0.121 0.119 0.114 0.113 0.107 0.113 0.12 0.12 0.12 0.115 0.111 0.097 0.092 0.078 0.084 0.088 0.083 0.077 0.076 0.082 0.08 0.081 0.079 0.08 0.0845 0.085 0.085 0.085 0.087 0.086 0.09 0.093 0.094 0.088 0.09 0.09 0.091 0.092 0.094 0.097 -9999
-9999 -9999 -9999 -9999 -9999 -9999 -9999 -9999 -9999 -9999 -9999 -9999 -9999 -9999 -9999 -9999 -9999 -9999 0.025 0.05 0.051 0.055 0.0555 0.057 0.062 0.064 0.076 0.08 0.09 0.086 -9999 -9999 0.094 0.101 0.117 0.117 0.116 0.113 0.111 0.107 0.106 0.109 0.121 0.121 0.119 0.116 0.11 0.11 0.096 0.096 0.097 0.085 0.083 0.082 0.081 0.081 0.079 0.079 0.076 0.075 -9999 0.084 0.085 0.086 0.086 0.088 0.092 0.092 0.095 0.089 0.089 0.092 0.092 0.092 -9999 -9999 -9999
-9999 -9999 -9999 -9999 -9999 -9999 -9999 -9999 -9999 -9999 -9999 -9999 -9999 -9999 -9999 -9999 -9999 -9999 0.045 0.05 0.049 0.051 0.0475 0.053 0.054 0.065 0.07 0.076 0.08 -9999 -9999 0.083 0.095 0.107 0.113 0.109 0.111 0.11 0.109 0.107 0.099 0.104 0.12 0.124 0.12 0.116 0.11 0.104 0.098 0.097 0.099 0.104 0.085 0.082 0.083 0.08 -9999 0.075 -9999 -9999 -9999 0.0845 0.086 0.086 0.087 0.091 0.093 0.093 0.095 0.095 0.091 0.093 0.092 0.095 -9999 -9999 -9999
-9999 -9999 -9999 -9999 -9999 -9999 -9999 -9999 -9999 -9999 -9999 -9999 -9999 -9999 -9999 -9999 -9999 0.028 0.045 0.046 0.045 0.04 0.039 0.05 0.06 0.062 0.061 0.069 -9999 -9999 -9999 0.082 0.094 0.099 0.101 0.104 0.106 0.109 0.106 0.102 0.096 0.102 0.109 -9999 0.117 0.12 0.109 0.1 0.101 0.0965 0.098 0.103 0.109 0.104 0.081 -9999 -9999 -9999 -9999 -9999 -9999 0.084 0.0865 0.086 0.088 -9999 -9999 -9999 -9999 -9999 -9999 -9999 -9999 -9999 -9999 -9999 -9999
-9999 -9999 -9999 -9999 -9999 -9999 -9999 -9999 -9999 -9999 -9999 -9999 -9999 -9999 -9999 -9999 0.025 0.036 0.044 0.041 0.038 0.035 0.046 0.048 0.053 0.057 -9999 -9999 -9999 -9999 -9999 0.08 0.093 0.097 0.096 0.097 0.1025 0.103 0.101 0.098 0.092 0.103 -9999 -9999 -9999 0.113 0.106 0.101 0.1 0.0995 0.101 0.103 0.107 -9999 -9999 -9999 -9999 -9999 -9999 -9999 0.085 0.085 0.086 0.089 0.091 -9999 -9999 -9999 -9999 -9999 -9999 -9999 -9999 -9999 -9999 -9999 -9999
-9999 -9999 -9999 -9999 -9999 -9999 -9999 -9999 -9999 -9999 -9999 -9999 -9999 -9999 -9999 -9999 -9999 -9999 0.034 0.035 0.033 0.036 -9999 0.047 0.045 0.047 -9999 -9999 -9999 -9999 -9999 0.079 0.087 0.091 0.09 0.09 0.097 0.101 0.098 0.095 -9999 -9999 -9999 -9999 -9999 0.106 0.105 0.102 0.1 0.1025 0.106 0.105 0.103 -9999 -9999 -9999 -9999 -9999 -9999 -9999 -9999 -9999 0.087 0.089 -9999 -9999 -9999 -9999 -9999 -9999 -9999 -9999 -9999 -9999 -9999 -9999 -9999
