data/derived/r_sen_pre_snow_per.asc
NCOLS 186 
NROWS 74 
XLLCORNER 443300.206538099 
YLLCORNER 4085841.77455235 
CELLSIZE 500 
NODATA_value -9999 
[rows 34 to 67 of 74, columns 78 to 155 of 186]
0.563 0.544 0.466 0.539 0.57 0.639 0.661 0.672 1.0655 1.102 0.991 1.15 1.2 0.978 1.11 1.38 1.334 1.322 1.009 0.932 1.255 1.1465 1.006 0.985 1.509 1.619 1.681 1.181 0.331 0.546 0.474 0.433 0.272 0.465 0.977 1.005 0.982 0.79 0.794 0.77 0.952 0.941 0.855 0.998 0.843 0.858 0.727 0.691 0.55 0.14 0.15 0.107 0.16 0.151 0.096 0.521 0.238 0.206 0.167 0.609 0.507 0.252 0.28 0.359 0.394 0.314 0.159 0.25 0.354 0.317 0.195 0.08 -0.107 -0.12 -0.01 0.105 -0.082 -0.336
0.572 0.565 0.697 0.597 0.674 0.636 0.795 1.052 0.9555 0.869 0.911 0.774 1.276 1.36 1.459 1.217 1.431 1.185 0.844 0.795 1.05 1.1865 1.23 1.327 1.35 1.357 1.724 1.216 0.37 0.298 0.28 0.106 0.278 0.391 1.0015 0.798 1.063 0.86 1.014 0.92 0.854 0.353 0.504 0.482 0.76 0.545 0.55 0.6175 0.787 0.694 0.605 0.653 0.613 0.78 0.928 0.87 0.826 0.684 0.4 0.26 0.3815 0.572 0.274 -0.002 0.3 0.209 0.016 0.296 -0.05 0.027 0.069 -0.075 -0.094 -0.0155 -0.145 -0.145 -0.01 -0.075
0.352 0.387 0.486 0.361 0.465 0.595 0.478 0.666 0.753 0.8125 1.032 1.009 1.106 1.239 1.408 1.32 1.102 1.013 0.613 0.59 0.947 1.211 1.4205 1.254 0.955 0.671 0.925 1.075 0.972 0.45 0.373 0.152 0.222 0.5 0.7 1.0685 0.84 0.568 0.895 0.896 0.799 0.434 0.745 0.498 0.345 0.227 0.325 0.246 0.5495 0.526 0.637 0.666 0.442 0.447 0.544 0.406 0.715 0.36 0.532 0.51 0.262 0.074 0.327 0.351 0.052 0.038 0.277 -0.038 -0.168 -0.273 -0.252 -0.299 -0.21 -0.287 0.021 -0.0015 -0.053 -0.1135
0.3435 0.44 0.375 0.367 0.2565 0.52 0.557 0.8395 0.791 0.76175 0.797 0.4595 1.0075 1.405 1.367 1.4825 1.0525 0.7075 0.4265 0.4505 0.543 0.6665 1.12075 1.1655 0.8065 0.4325 0.378 0.5205 1.0545 0.5785 0.415 0.2075 0.04 0.5225 0.2055 0.60075 0.076 0.109 0.12 0.622 0.299 0.2575 0.172 0.209 0.088 0.077 0.072 0.1955 0.32425 0.37 0.2865 0.566 0.3435 0.368 0.342 0.5685 0.368 0.4085 0.362 0.332 0.3095 0.34975 0.044 -0.179 -0.077 -0.033 0.019 0.014 -0.107 -0.169 -0.1485 -0.301 -0.447 -0.6325 -0.411 -0.311 0.176 -0.212
0.476 0.1 0.34 0.263 0.367 0.523 0.498 0.702 0.657 0.821 0.452 0.507 0.566 0.911 1.066 1.181 0.659 0.205 0.453 0.199 0.205 0.3 0.357 0.9085 0.687 0.416 0.263 0.265 0.383 0.638 0.405 0.188 0.257 0.085 0.367 0.309 0.1505 -0.04 0.018 0.298 0.103 0.28 0.082 -0.072 -0.053 -0.062 0.232 0.375 -0.031 0.2935 0.19 0.134 0.923 0.707 0.72 0.718 0.361 0.481 0.095 0.389 0.232 0.18 0.0415 -0.077 -0.321 -0.263 -0.433 -0.502 -0.219 -0.087 -0.302 -0.322 -0.228 -0.273 -0.29 -0.35 0.022 0.18
0.239 0.265 0.4 0.714 0.526 0.322 0.529 0.824 0.695 0.742 0.3975 0.295 0.403 0.74 0.775 0.7 0.462 0.41 0.409 0.224 0.138 0.282 0.527 0.622 0.697 0.452 0.11 0.135 0.167 0.639 0.549 0.283 0.1 -9999 0.277 0.323 0.038 -0.012 -0.064 0.007 0.099 -0.001 0.27 0.02 0.001 0.004 0.133 0.152 0.355 0.1785 0.562 0.456 0.625 0.536 0.589 0.487 0.591 0.315 0.292 0.271 0.242 -0.035 0.0545 -0.18 -0.255 -0.523 -0.509 -0.187 -0.1 -0.186 -0.203 0.192 0.075 0.05 0.073 0.116 0.134 0.107
0.005 0.477 0.671 0.602 0.607 0.602 0.712 0.74 0.7 0.819 0.506 0.286 0.298 0.653 0.664 0.488 0.433 0.359 0.383 0.19 0.364 0.143 0.4 0.282 0.553 0.515 0.227 0.032 0.134 0.493 0.166 0.035 0.257 -9999 0.243 0.327 0.396 -0.084 0.09 0.122 0.024 -0.047 -0.013 0.063 -0.022 -0.062 -0.002 0.103 0.168 0.803 0.3635 0.364 0.482 0.814 0.772 0.493 0.599 0.225 0.252 0.27 0.194 -0.002 -0.257 -0.379 -0.302 -0.32 -0.188 -0.262 -0.38 -0.226 0.059 0.01 0.172 0.114 0.136 -0.204 -0.1325 -0.039
0.158 0.436 0.573 0.637 0.597 0.741 0.455 0.527 0.784 0.686 0.657 0.221 0.268 0.565 0.531 0.227 0.283 0.335 0.323 0.162 0.415 0.102 0.222 0.2 0.23 0.478 0.189 0.029 0.056 0.118 0.259 0.19 0.22 -9999 0.346 0.453 0.25 -0.2405 -0.036 0.006 0.155 -0.127 -0.07 -0.147 0.173 -0.015 0.028 -0.016 0.047 0.38 0.3265 0.315 0.313 0.833 0.865 0.458 0.33 0.3 0.296 0.255 0.119 0.246 0.267 -0.2045 -0.48 -0.297 -0.398 -0.445 -0.205 -0.192 -0.248 0 0.015 0.075 0.016 0.025 -0.0235 -0.104
0.653 0.57 0.552 0.249 0.635 0.648 0.605 0.739 0.876 0.52 0.268 0.2425 0.214 0.196 0.493 0.27 0.291 0.19 0.115 0.273 0.348 0.527 0.028 0.082 0.1865 0.347 0.214 0.025 0.394 0.053 0.122 0.193 0.215 -9999 -9999 0.223 -9999 -0.1725 -0.345 -0.1 -0.316 -0.156 -0.153 0.18 0.037 0.09 0.008 0.03 -0.024 0.085 0.242 0.253 0.47 0.463 0.507 0.47 0.469 0.314 0.306 0.24 0.195 0.026 -0.009 -0.0315 -0.264 -0.36 -0.268 -0.438 -0.533 -0.695 -0.417 -0.153 0.066 0.107 0.315 -0.045 -0.1405 -0.18
0.35 0.488 0.321 0.461 0.464 0.754 0.88 0.716 0.79 0.767 0.588 0.359 0.124 0.599 0.275 0.344 0.225 0.014 0.192 0.359 0.329 0.263 0.155 0.048 0.065 0.2145 0.28 0.109 0.368 0.384 0.257 0.372 0.197 -9999 -9999 -9999 -9999 -0.034 -0.224 -0.394 -0.117 -0.348 -0.09 -0.109 0.095 0.007 0.13 0.077 0.053 -0.084 0.4 0.2545 0.546 0.479 0.571 0.481 0.392 0.321 0.274 0.06 0.2 0.09 0.105 -0.026 -0.083 -0.224 -0.318 -0.137 -0.257 -0.28 -0.331 -0.401 -0.33 -0.216 0.126 0.339 0.28 0.0145
0.487 0.372 0.354 0.42 0.403 0.656 0.72 0.316 0.828 0.47 0.257 0.312 0.149 0.585 0.486 0.39 0.473 0.612 0.264 0.515 0.202 0.279 0.186 0.252 0.151 0.121 0.243 0.203 0.16 0.1 -0.008 -0.034 0.128 -9999 -9999 -9999 0.35 -0.063 -0.136 -0.302 -0.425 -0.004 -0.136 0.005 0.093 -0.005 0.031 0.01 0.083 -0.007 0.13 0.3225 0.292 0.46 0.521 0.337 0.245 0.289 0.141 0.133 0.118 0.102 0.079 0.132 -0.016 -0.183 -0.221 -0.147 -0.204 -0.367 -0.382 -0.301 -0.245 -0.121 0.119 -0.011 0.21 0.126
0.279 0.409 0.42 0.316 0.24 0.45 0.379 0.206 0.223 0.185 0.423 -0.005 0.273 0.185 -0.11 0.154 0.472 0.499 0.564 0.525 0.262 0.236 0.219 0.188 0.342 0.438 0.443 0.562 0.148 -0.02 0.044 0.085 0.19 0.048 -9999 -9999 -9999 0.138 -0.091 -0.155 -0.014 -0.03 -0.133 0.082 0.034 -0.05 -0.02 0.01 -0.03 -0.081 0.046 0.114 0.23 0.292 0.241 0.086 0.088 0.075 0.085 0.151 0.124 0.076 -0.002 -0.14 0.035 -0.078 -0.18 -0.18 -0.083 -0.244 -0.264 -0.226 -0.342 0.241 0.056 0.045 0.312 0.002
0.318 0.411 0.767 0.444 0.54 0.257 0.21 0.389 0.551 0.454 0.21 0.39 0.452 0.3455 0.05 0.312 0.428 0.327 0.498 0.505 0.34 0.222 0.04 0.12 0.228 0.414 0.524 0.198 0.13 0.061 0.051 -0.007 -0.141 0.145 -9999 -9999 -9999 0.179 0.081 -0.079 -0.012 -0.127 0.012 0.055 -0.028 -0.174 0.01 0.005 -0.087 0.13 -0.042 0.003 0.037 -0.052 -0.13 0.036 -0.001 0.076 0.063 -0.026 0.113 0.02 -0.05 -0.09 -0.238 -0.0815 -0.13 -0.06 -0.174 -0.153 -0.178 -0.246 -0.307 -0.134 0.237 0.116 0.377 0.103
0.29 0.4195 0.938 0.289 0.27 0.497 0.239 0.482 0.383 0.352 0.54 0.489 0.361 0.38 0.3325 0.335 0.281 0.197 0.216 0.283 0.182 0.089 0.044 0.097 0.053 0.217 0.421 0.165 0.098 0.095 0.028 -0.08 -0.056 -0.172 -9999 -9999 0.007 -0.038 0.186 -0.067 -0.199 0.096 0.141 -0.01 -0.042 -0.192 -0.046 -0.009 -0.107 -0.123 -0.14 -0.091 -0.1615 -0.288 -0.27 -0.049 -0.058 -0.027 0.133 -0.147 -0.058 -0.03 -0.006 0.006 -0.014 0.0675 -0.076 -0.105 -0.137 -0.14 -0.183 -0.329 -0.2 0.026 0.261 0.37 0.169 0.042
0.482 0.487 0.384 0.288 0.403 0.422 0.87 0.338 0.597 0.485 0.456 0.513 0.406 0.167 0.2515 0.297 0.46 0.008 0.257 0.197 -0.079 -0.039 -0.054 0.036 0.152 0.203 0.149 0.182 0.11 0.047 -0.025 -0.122 0.038 -0.05 -9999 -9999 -9999 -0.008 0.034 0.101 0.0185 0.027 0.086 -0.041 -0.105 -0.22 -0.068 -0.057 -0.07 -0.101 -0.149 -0.19 -0.216 -0.2195 -0.205 -0.182 -0.04 -0.085 -0.057 0.068 0.104 0.112 0.104 0.11 -0.023 0.017 -0.02 -0.055 0.09 -0.064 -0.226 -0.322 -0.399 0.237 0.281 0.22 0.06 0.053
0.4555 0.436666666666667 0.527 0.4475 0.438 0.62 0.437 0.5475 0.5375 0.5515 0.518 0.5055 0.42 0.346 0.344 0.378333333333333 0.3105 0.198 0.092 0.0935 -0.0385 0.021 -0.026 0.0235 0.01 -0.026 -0.027 -0.0693333333333333 -0.016 -0.0175 -0.0535 -0.077 -0.109 -0.055 -0.18 -9999 -9999 -0.101 -0.0125 0.028 0.0426666666666667 0.000333333333333335 -0.0655 -0.19 -0.143 -0.197 -0.202 -0.1265 -0.093 -0.0955 -0.184 -0.2425 -0.2455 -0.28 -0.260666666666667 -0.2255 -0.1765 -0.093 -0.025 0.033 0.0095 -0.1055 -0.0215 0.046 0.027 0.0855 0.0246666666666667 -0.00866666666666667 -0.0225 -0.2175 -0.0405 -0.0855 -0.0255 -0.055 -0.089 -0.092 0.004 0.003
0.42 0.363 0.5445 0.527 0.458 0.343 0.62 0.625 0.591 0.4 0.471 0.437 0.54 0.395 0.362 0.291 0.002 0.147 0.049 0.02 0.02 0.012 -0.012 -0.036 0.024 0.048 -0.015 0.022 -0.0345 -0.088 -0.015 -0.032 -0.138 -0.135 -0.152 -9999 -9999 -9999 -0.14 0.045 -0.098 -0.142 -0.199 -9999 -9999 -9999 -0.188 -0.15 -0.171 -0.152 -0.171 -0.192 -0.202 -0.276 -0.153 -0.142 -0.17 -0.103 0.163 0.001 -0.087 -0.146 -0.054 -0.12 -0.135 0.14 -0.137 -0.1485 -0.13 -0.243 -0.28 -0.165 -0.039 -0.002 -0.002 -0.004 0 -0.001
0.53 0.331 0.504 0.543 0.45 0.485 0.536 0.548 0.669 0.149 0.603 0.399 0.396 0.289 0.276 0.264 0.173 0.02 -0.016 0.031 -0.072 0.011 -0.01 -0.02 -0.045 0.021 0.021 -0.02 -0.017 -0.04 -0.052 -0.016 -0.06 -0.088 -9999 -9999 -9999 -9999 -9999 -0.166 -0.175 -9999 -9999 -9999 -9999 -9999 -9999 -0.158 -0.138 -0.202 -0.171 -0.194 -0.178 -0.213 -0.21 -0.1305 -0.084 -0.007 -0.044 -0.146 -0.102 -0.109 -0.105 -0.208 -0.097 -0.158 -0.175 -0.156 -0.163 -0.193 -0.098 -0.067 -0.009 -0.002 0 0 0 0
0.574 0.507 0.651 0.336 0.357 0.439 0.591 0.6 0.473 0.115 0.539 0.495 0.338 0.337 0.416 0.365 0.087 -0.023 -0.05 -0.016 0.048 -0.015 -0.019 -0.01 -0.03 -0.078 -0.049 -0.054 -0.031 -0.04 -0.043 -9999 -9999 -9999 -9999 -9999 -9999 -9999 -9999 -9999 -9999 -9999 -9999 -9999 -9999 -9999 -9999 -9999 -0.184 -0.174 -0.143 -0.158 -0.156 -0.158 -0.142 -0.084 -0.203 -0.091 -0.215 -0.19 -0.193 -0.038 -0.037 -0.105 -0.182 -0.19 -0.07 -0.043 -0.0335 -0.035 -0.018 -0.032 0 0 0 0 0 0
0.67 0.648 0.646 0.3515 0.369 0.55 0.599 0.56 0.418 0.098 0.451 0.45 0.428 0.3 0.08 0.094 0.0165 0.05 -0.046 -0.017 -0.018 -0.015 -0.015 -0.02 -0.027 -0.023 -0.02 -0.03 -0.013 -0.019 -0.014 -9999 -9999 -9999 -9999 -9999 -9999 -9999 -9999 -9999 -9999 -9999 -9999 -9999 -9999 -9999 -9999 -0.12 -0.103 -0.1 -0.097 -0.097 -0.079 -0.111 -0.127 -0.029 -0.055 -0.06 -0.05 -0.09 -0.052 -0.028 -0.035 -0.035 -0.105 -0.037 -0.022 -0.02 -0.0115 -0.004 -0.003 -0.001 0 0 0 0 0 0
0.67 0.509 0.601 0.34 0.396 0.535 0.586 0.561 0.15 0.12 0.458 0.54 0.118 0.147 0.133 0.073 0.05 -0.002 -0.015 -0.015 -0.023 -0.029 -0.016 -0.004 -0.015 -0.02 -0.03 -9999 -9999 -9999 -9999 -9999 -9999 -9999 -9999 -9999 -9999 -9999 -9999 -9999 -9999 -9999 -9999 -9999 -9999 -9999 -9999 -9999 -0.032 -0.033 -0.025 -0.028 -0.032 -0.02 -0.003 -0.002 -0.0025 -0.002 -0.07 -0.065 -0.002 -0.005 -0.006 -0.029 -0.006 -0.006 -0.006 -0.007 -0.005 -0.004 -0.002 0 0 0 0 0 0 0
0.678 0.358 0.669 0.535 0.5575 0.625 0.548 0.55 0.097 0.067 0.24 0.436 0.122 0.133 0.047 0.022 -0.008 -0.01 -0.015 -0.002 -9999 -9999 -0.004 0 -9999 -0.008 -0.019 -9999 -9999 -9999 -9999 -9999 -9999 -9999 -9999 -9999 -9999 -9999 -9999 -9999 -9999 -9999 -9999 -9999 -9999 -9999 -9999 -9999 -9999 -0.015 -0.006 -0.001 -0.002 0 0 0 -0.001 -0.003 -0.003 -0.002 -0.001 -0.001 0 0 -0.003 -0.005 -0.022 -0.005 -0.029 -0.0035 -0.004 -0.003 0 0 0 0 0 0
0.587 0.377 0.578 0.686 0.561 0.609 0.533 0.255 0.083 0.017 0.381 0.184 0.087 0.021 0.001 -0.005 -0.009 -9999 -0.014 -9999 -9999 -9999 -0.002 -9999 -9999 -9999 -9999 -9999 -9999 -9999 -9999 -9999 -9999 -9999 -9999 -9999 -9999 -9999 -9999 -9999 -9999 -9999 -9999 -9999 -9999 -9999 -9999 -9999 -9999 -9999 -9999 -9999 -9999 -9999 -9999 -9999 -9999 0 -0.002 -0.001 0 0 -0.002 0 -0.002 0 -0.003 -0.005 -0.005 -0.004 -0.001 0 0 0 0 0 0 0
0.571 0.205 0.35 0.554 0.662 0.651 0.483 0.186 0.046 0.041 0.105 0.064 0.049 0.046 -0.006 -9999 -9999 -9999 -9999 -9999 -9999 -9999 -9999 -9999 -9999 -9999 -9999 -9999 -9999 -9999 -9999 -9999 -9999 -9999 -9999 -9999 -9999 -9999 -9999 -9999 -9999 -9999 -9999 -9999 -9999 -9999 -9999 -9999 -9999 -9999 -9999 -9999 -9999 -9999 -9999 -9999 -9999 0 0 0 0 0 0 0 0 0 -0.005 -0.003 -0.002 0 0 0 0 0 0 0 0 0
0.556 0.379 0.129 0.343 0.583 0.5815 0.275 -9999 -9999 0.03 0.068 0.085 0.004 0.021 -0.005 -9999 -9999 -9999 -9999 -9999 -9999 -9999 -9999 -9999 -9999 -9999 -9999 -9999 -9999 -9999 -9999 -9999 -9999 -9999 -9999 -9999 -9999 -9999 -9999 -9999 -9999 -9999 -9999 -9999 -9999 -9999 -9999 -9999 -9999 -9999 -9999 -9999 -9999 -9999 -9999 -9999 -9999 -9999 -9999 -9999 0 0 -9999 -9999 0 0 -9999 -9999 0 -9999 -9999 -9999 -9999 0 0 0 -9999 -9999
0.559 0.54 0.112 0.328 0.523 0.578 0.3085 -9999 -9999 -9999 0.052 0.05 0.02 0.015 -9999 -9999 -9999 -9999 -9999 -9999 -9999 -9999 -9999 -9999 -9999 -9999 -9999 -9999 -9999 -9999 -9999 -9999 -9999 -9999 -9999 -9999 -9999 -9999 -9999 -9999 -9999 -9999 -9999 -9999 -9999 -9999 -9999 -9999 -9999 -9999 -9999 -9999 -9999 -9999 -9999 -9999 -9999 -9999 -9999 -9999 -9999 -9999 -9999 -9999 -9999 -9999 -9999 -9999 -9999 -9999 -9999 -9999 -9999 -9999 -9999 -9999 -9999 -9999
0.544 0.447 0.112 0.312 0.513 0.375 0.2215 -9999 -9999 -9999 -9999 0.028 -9999 -9999 -9999 -9999 -9999 -9999 -9999 -9999 -9999 -9999 -9999 -9999 -9999 -9999 -9999 -9999 -9999 -9999 -9999 -9999 -9999 -9999 -9999 -9999 -9999 -9999 -9999 -9999 -9999 -9999 -9999 -9999 -9999 -9999 -9999 -9999 -9999 -9999 -9999 -9999 -9999 -9999 -9999 -9999 -9999 -9999 -9999 -9999 -9999 -9999 -9999 -9999 -9999 -9999 -9999 -9999 -9999 -9999 -9999 -9999 -9999 -9999 -9999 -9999 -9999 -9999
0.5205 0.3015 0.038 0.082 0.345 0.3805 0.2245 0.04 -9999 -9999 -9999 -9999 -9999 -9999 -9999 -9999 -9999 -9999 -9999 -9999 -9999 -9999 -9999 -9999 -9999 -9999 -9999 -9999 -9999 -9999 -9999 -9999 -9999 -9999 -9999 -9999 -9999 -9999 -9999 -9999 -9999 -9999 -9999 -9999 -9999 -9999 -9999 -9999 -9999 -9999 -9999 -9999 -9999 -9999 -9999 -9999 -9999 -9999 -9999 -9999 -9999 -9999 -9999 -9999 -9999 -9999 -9999 -9999 -9999 -9999 -9999 -9999 -9999 -9999 -9999 -9999 -9999 -9999
0.126 -9999 -9999 0.013 0.043 0.052 -9999 -9999 -9999 -9999 -9999 -9999 -9999 -9999 -9999 -9999 -9999 -9999 -9999 -9999 -9999 -9999 -9999 -9999 -9999 -9999 -9999 -9999 -9999 -9999 -9999 -9999 -9999 -9999 -9999 -9999 -9999 -9999 -9999 -9999 -9999 -9999 -9999 -9999 -9999 -9999 -9999 -9999 -9999 -9999 -9999 -9999 -9999 -9999 -9999 -9999 -9999 -9999 -9999 -9999 -9999 -9999 -9999 -9999 -9999 -9999 -9999 -9999 -9999 -9999 -9999 -9999 -9999 -9999 -9999 -9999 -9999 -9999
-9999 -9999 -9999 -9999 -9999 -9999 -9999 -9999 -9999 -9999 -9999 -9999 -9999 -9999 -9999 -9999 -9999 -9999 -9999 -9999 -9999 -9999 -9999 -9999 -9999 -9999 -9999 -9999 -9999 -9999 -9999 -9999 -9999 -9999 -9999 -9999 -9999 -9999 -9999 -9999 -9999 -9999 -9999 -9999 -9999 -9999 -9999 -9999 -9999 -9999 -9999 -9999 -9999 -9999 -9999 -9999 -9999 -9999 -9999 -9999 -9999 -9999 -9999 -9999 -9999 -9999 -9999 -9999 -9999 -9999 -9999 -9999 -9999 -9999 -9999 -9999 -9999 -9999
-9999 -9999 -9999 -9999 -9999 -9999 -9999 -9999 -9999 -9999 -9999 -9999 -9999 -9999 -9999 -9999 -9999 -9999 -9999 -9999 -9999 -9999 -9999 -9999 -9999 -9999 -9999 -9999 -9999 -9999 -9999 -9999 -9999 -9999 -9999 -9999 -9999 -9999 -9999 -9999 -9999 -9999 -9999 -9999 -9999 -9999 -9999 -9999 -9999 -9999 -9999 -9999 -9999 -9999 -9999 -9999 -9999 -9999 -9999 -9999 -9999 -9999 -9999 -9999 -9999 -9999 -9999 -9999 -9999 -9999 -9999 -9999 -9999 -9999 -9999 -9999 -9999 -9999
-9999 -9999 -9999 -9999 -9999 -9999 -9999 -9999 -9999 -9999 -9999 -9999 -9999 -9999 -9999 -9999 -9999 -9999 -9999 -9999 -9999 -9999 -9999 -9999 -9999 -9999 -9999 -9999 -9999 -9999 -9999 -9999 -9999 -9999 -9999 -9999 -9999 -9999 -9999 -9999 -9999 -9999 -9999 -9999 -9999 -9999 -9999 -9999 -9999 -9999 -9999 -9999 -9999 -9999 -9999 -9999 -9999 -9999 -9999 -9999 -9999 -9999 -9999 -9999 -9999 -9999 -9999 -9999 -9999 -9999 -9999 -9999 -9999 -9999 -9999 -9999 -9999 -9999
-9999 -9999 -9999 -9999 -9999 -9999 -9999 -9999 -9999 -9999 -9999 -9999 -9999 -9999 -9999 -9999 -9999 -9999 -9999 -9999 -9999 -9999 -9999 -9999 -9999 -9999 -9999 -9999 -9999 -9999 -9999 -9999 -9999 -9999 -9999 -9999 -9999 -9999 -9999 -9999 -9999 -9999 -9999 -9999 -9999 -9999 -9999 -9999 -9999 -9999 -9999 -9999 -9999 -9999 -9999 -9999 -9999 -9999 -9999 -9999 -9999 -9999 -9999 -9999 -9999 -9999 -9999 -9999 -9999 -9999 -9999 -9999 -9999 -9999 -9999 -9999 -9999 -9999
-9999 -9999 -9999 -9999 -9999 -9999 -9999 -9999 -9999 -9999 -9999 -9999 -9999 -9999 -9999 -9999 -9999 -9999 -9999 -9999 -9999 -9999 -9999 -9999 -9999 -9999 -9999 -9999 -9999 -9999 -9999 -9999 -9999 -9999 -9999 -9999 -9999 -9999 -9999 -9999 -9999 -9999 -9999 -9999 -9999 -9999 -9999 -9999 -9999 -9999 -9999 -9999 -9999 -9999 -9999 -9999 -9999 -9999 -9999 -9999 -9999 -9999 -9999 -9999 -9999 -9999 -9999 -9999 -9999 -9999 -9999 -9999 -9999 -9999 -9999 -9999 -9999 -9999
