data/derived/r_sen_presp.asc
NCOLS 186 
NROWS 74 
XLLCORNER 443300.206538099 
YLLCORNER 4085841.77455235 
CELLSIZE 500 
NODATA_value -9999 
[rows 33 to 65 of 74, columns 0 to 72 of 186]
-9999 -9999 -9999 -9999 -9999 -9999 -9999 -9999 -9999 -9999 -9999 -1.29 -0.971 -1.373 -1.732 -1.837 -1.805 -1.6195 -1.209 -9999 -1.624 -1.1975 -2.73 -2.474 -2.177 -1.97 -1.806 -1.507 -1.496 -1.07 -1.269 -1.057 -1.029 -1.006 -0.888 -0.799 -0.806 -0.729 -1.052 -0.583 -1.228 -0.647 -1.765 -1.714 -1.683 -1.651 -1.67 -1.654 -1.609 -1.713 -1.628 -1.678 -1.725 -2.324 -1.688 -1.653 -2.417 -2.602 -2.672 -3.0175 -3.243 -3.303 -3.447 -3.376 -3.434 -3.496 -3.494 -3.752 -4.148 -4.898 -4.501 -4.4 -4.321
-9999 -9999 -9999 -9999 -9999 -9999 -9999 -9999 -9999 -9999 -9999 -9999 -9999 -9999 -1.671 -1.79 -1.551 -2.037 -1.568 -9999 -9999 -0.94725 -1.825 -1.793 -2.1835 -1.897 -1.678 -1.4445 -1.219 -1.0415 -0.868 -0.658 -0.696 -0.69 -0.666 -0.628 -0.945 -0.987 -2.228 -1.4 -1.192 -1.73 -1.776 -1.739 -1.688 -1.639 -1.634 -1.6325 -1.715 -1.723 -1.621 -1.688 -2.262 -2.635 -2.062 -1.562 -1.681 -2.693 -2.585 -2.782 -2.9725 -3.2 -3.425 -3.258 -3.264 -3.286 -3.376 -3.8 -4.16 -4.262 -4.352 -4.268 -4.306
-9999 -9999 -9999 -9999 -9999 -9999 -9999 -9999 -9999 -9999 -9999 -9999 -9999 -9999 -1.813 -2.141 -2.141 -2.415 -1.63 -9999 -9999 -9999 -1.135 -0.957 -0.901 -0.86 -0.811 -0.767 -0.993 -0.761 -0.657 -0.617 -0.77 -0.986 -1.16666666666667 -1.10666666666667 -1.3005 -2.0225 -1.8035 -1.6935 -1.618 -1.7715 -1.7455 -1.7305 -1.6745 -1.623 -1.8165 -1.73233333333333 -2.38166666666667 -1.718 -1.635 -1.628 -2.605 -2.565 -2.37 -1.633 -1.722 -2.378 -2.557 -2.582 -2.8325 -3.088 -3.335 -3.202 -3.232 -3.246 -3.384 -3.794 -4.138 -4.264 -4.199 -3.355 -3.477
-9999 -9999 -9999 -9999 -9999 -9999 -9999 -9999 -9999 -9999 -9999 -9999 -9999 -9999 -2.049 -2.225 -2.092 -2.23 -2.383 -2.154 -9999 -1.612 -1.2985 -1.172 -1.093 -1.032 -1.244 -0.935 -0.92 -0.915 -0.884 -0.834 -0.96 -1.43 -1.326 -1.367 -2.278 -1.875 -1.78 -1.783 -1.755 -1.734 -1.713 -1.69 -1.666 -1.758 -2.238 -2.323 -2.774 -2.096 -1.6175 -1.8415 -2.7965 -2.65 -2.6475 -1.82 -2.149 -2.2865 -2.4175 -2.625 -2.6155 -2.9875 -3.204 -3.0105 -3.099 -3.114 -3.321 -3.685 -3.9645 -3.984 -3.381 -3.3575 -3.411
-9999 -9999 -9999 -9999 -9999 -9999 -9999 -9999 -9999 -9999 -9999 -9999 -9999 -9999 -9999 -2.103 -2.135 -2.11 -2.1 -2.066 -2.04 -1.711 -1.933 -1.7555 -1.235 -1.349 -1.141 -1.089 -1.066 -1.078 -1.061 -1.105 -0.93 -0.888 -0.815 -0.76 -2.508 -1.809 -1.793 -1.766 -1.742 -1.716 -1.688 -1.654 -1.638 -1.97 -2.722 -2.895 -2.897 -2.675 -1.848 -2.807 -2.98 -2.568 -2.188 -2.397 -2.433 -2.505 -2.568 -2.562 -2.72 -2.972 -3.3125 -3.2 -3.26 -3.132 -2.908 -3.178 -3.404 -3.593 -3.488 -3.39 -2.672
-9999 -9999 -9999 -9999 -9999 -9999 -9999 -9999 -9999 -9999 -9999 -9999 -9999 -9999 -9999 -2.149 -2.166 -2.148 -1.721 -1.887 -1.786 -1.789 -1.949 -1.6555 -0.809 -0.43 -1.746 -1.276 -1.27 -1.241 -1.032 -1.158 -1.125 -1.079 -1.031 -1.966 -2.2115 -1.827 -1.815 -1.774 -1.735 -1.69 -1.657 -1.634 -1.728 -2.247 -2.973 -3.26 -3.412 -2.801 -2.97 -3.518 -2.805 -2.655 -2.412 -2.54 -2.642 -2.573 -2.667 -2.908 -3.037 -3.253 -3.145 -3.025 -3.092 -3.144 -2.837 -2.835 -3.288 -2.88 -2.583 -2.64 -2.722
-9999 -9999 -9999 -9999 -9999 -9999 -9999 -9999 -9999 -9999 -9999 -9999 -9999 -9999 -9999 -2.206 -1.771 -1.684 -2.146 -2.533 -2.044 -1.847 -1.441 -1.3985 -0.73 -0.272 -1.214 -1.587 -1.825 -1.812 -1.8 -1.339 -1.308 -1.25 -1.97 -1.961 -2.097 -1.841 -1.825 -1.532 -1.747 -1.708 -1.645 -1.977 -2.126 -2.501 -3.133 -3.768 -3.992 -3.4235 -3.505 -3.583 -2.928 -2.578 -2.542 -2.795 -2.662 -2.588 -2.765 -3.135 -3.567 -3.293 -3.136 -2.883 -2.796 -2.958 -3.184 -3.088 -2.415 -2.465 -2.548 -2.603 -2.749
-9999 -9999 -0.908 -9999 -9999 -9999 -9999 -9999 -9999 -9999 -9999 -9999 -9999 -9999 -9999 -2.04 -2.226 -2.194 -2.131 -2.467 -1.969 -1.554 -1.947 -1.554 -0.7845 -0.483 -1.363 -1.835 -1.831 -1.841 -1.835 -1.823 -1.795 -1.951 -1.948 -1.937 -2.393 -1.858 -1.55 -1.799 -1.769 -1.706 -1.658 -2.121 -2.563 -2.857 -3.38 -4.012 -4.085 -3.677 -3.6175 -3.417 -2.795 -2.732 -2.817 -2.832 -3.135 -2.822 -2.788 -3.355 -3.642 -3.565 -3.195 -2.8885 -2.892 -3.154 -3.438 -3.367 -2.983 -2.494 -2.509 -2.649 -2.867
-9999 -9999 -9999 -9999 -9999 -0.37 -0.429 -9999 -9999 -9999 -9999 -9999 -2.119 -1.951 -2.059 -2.244 -2.208 -2.17 -2.121 -2.235 -1.859 -1.933 -1.899 -1.429 -0.4805 -0.63 -1.33 -1.84 -1.851 -1.844 -1.829 -1.82 -1.797 -1.936 -1.926 -2.26 -2.33 -1.8175 -1.78 -1.775 -1.761 -1.729 -1.688 -1.75 -2.323 -3.094 -3.753 -4.067 -4.103 -3.828 -3.745 -3.338 -3.157 -3.037 -3.07 -3.17 -3.27 -3.158 -3.132 -3.432 -3.638 -3.512 -3.368 -3.045 -3.04 -3.25 -3.438 -3.337 -3.098 -2.523 -2.535 -2.703 -2.88
-9999 -9999 -9999 -1.35 -9999 -9999 -9999 -0.435 -9999 -9999 -9999 -1.918 -2.0185 -2.159 -2.207 -2.216 -2.178 -2.877 -2.528 -2.136 -1.666 -1.894 -1.636 -0.951 -1.82 -1.448 -0.285 -0.64 -1.755 -1.853 -1.835 -1.82 -1.8 -1.909 -2.04 -2.247 -2.267 -1.818 -1.7815 -1.75 -1.735 -1.705 -1.664 -1.936 -2.342 -3.196 -3.653 -4.172 -4.332 -4.087 -4.187 -3.5985 -3.385 -3.26 -3.35 -3.487 -3.338 -3.155 -3.372 -3.388 -3.28 -3.308 -3.257 -3.112 -2.922 -3.056 -3.36 -3.567 -2.703 -2.533 -2.557 -2.702 -2.96
-9999 -1.411 -1.419 -1.428 -1.435 -1.45 -1.476 -1.14 -0.478 -0.569 -0.977 -1.452 -1.984 -2.065 -2.12 -2.134 -2.103 -2.631 -2.13 -1.712 -1.891 -1.849 -1.81 -1.804 -1.73 -1.8245 -1.279 -1.867 -1.864 -1.855 -1.839 -1.82 -1.8 -1.899 -2.15 -2.207 -2.25 -1.834 -1.7775 -1.735 -1.717 -1.678 -1.839 -2.288 -2.84 -3.41 -4.032 -4.182 -4.318 -4.07 -3.888 -3.7045 -3.427 -3.37 -3.498 -3.262 -3.307 -3.552 -3.795 -3.538 -3.198 -3.158 -3.2 -3.015 -2.742 -2.908 -3.2 -3.032 -2.461 -2.537 -2.618 -2.675 -2.814
-1.37633333333333 -1.8375 -1.655 -1.396 -1.52 -1.415 -1.548 -1.743 -1.85 -1.14 -0.662 -0.819 -1.561 -2.146 -2.399 -2.534 -2.42 -2.121 -1.723 -1.82 -1.828 -1.791 -1.776 -1.791 -1.803 -1.835 -1.864 -1.87 -1.868 -1.852 -1.843 -1.832 -1.82 -1.925 -1.917 -2.18 -1.887 -1.897 -1.78 -1.722 -1.7 -1.845 -1.986 -2.766 -3.294 -3.55 -4.247 -4.23 -4.055 -3.817 -3.683 -3.63 -3.242 -3.24 -3.39 -3.14 -3.128 -3.47 -3.68 -3.453 -3.16 -3.058 -3.015 -2.923 -2.651 -2.658 -2.956 -2.965 -2.434 -2.515 -2.818 -2.7 -2.805
-9999 -1.365 -2.219 -2.1975 -2.1795 -2.1395 -2.1025 -1.9425 -1.7285 -1.685 -1.873 -1.4835 -1.4035 -1.169 -1.541 -1.606 -1.683 -1.458 -1.189 -1.783 -1.606 -1.74 -1.751 -1.58 -1.792 -1.826 -1.744 -1.88 -1.877 -1.884 -1.875 -1.876 -1.859 -1.919 -2.06 -2.137 -1.868 -1.832 -1.735 -1.7255 -1.684 -2.102 -2.574 -3.51 -4.183 -4.315 -4.337 -4.182 -3.972 -3.59 -3.567 -3.592 -3.251 -3.177 -3.113 -2.932 -3.01 -3.39 -3.558 -3.448 -3.367 -3.122 -2.842 -2.817 -2.602 -2.655 -2.69 -2.538 -2.415 -2.48 -3.078 -2.667 -2.805
-9999 -9999 -1.97 -1.756 -1.646 -1.668 -1.632 -1.67 -1.826 -2.045 -1.432 -1.835 -2.183 -2.508 -2.09466666666667 -1.0495 -1.0165 -1.1955 -1.363 -1.247 -1.2815 -1.2965 -1.4185 -0.733 -0.0275 -0.6725 -1.57666666666667 -1.82466666666667 -1.91 -1.91 -1.845 -1.869 -1.853 -1.911 -2.087 -2.122 -1.853 -1.82 -1.799 -1.721 -1.945 -3 -3.434 -3.79 -3.763 -4.295 -4.007 -4.012 -4.043 -3.775 -3.377 -3.263 -3.075 -3.062 -2.875 -2.717 -2.853 -3.133 -3.373 -3.325 -3.275 -3.143 -2.835 -2.697 -2.582 -2.4525 -1.973 -2.135 -2.308 -2.552 -3.018 -2.683 -2.795
-9999 -9999 -9999 -1.538 -1.364 -1.36 -1.777 -1.777 -1.5 -1.594 -1.66 -1.487 -1.865 -2.135 -2.4205 -2.652 -0.942 -0.996 -1.412 -1.45 -0.99 -0.931 -0.791 -0.21 -0.156 -1.2 -1.79 -1.846 -1.909 -1.898 -1.881 -1.8555 -1.892 -1.958 -2.07 -1.986 -1.829 -1.791 -1.769 -1.7295 -2.056 -2.7405 -3.5125 -3.533 -3.3545 -4.062 -3.908 -3.96 -3.945 -3.95 -3.613 -3.197 -3.138 -2.783 -2.598 -2.443 -2.547 -2.918 -3.052 -3.183 -3.232 -3.093 -2.92 -2.747 -2.583 -2.622 -2.426 -2.129 -2.36 -2.628 -3.013 -2.685 -2.77
-9999 -9999 -9999 -9999 -9999 -1.38 -1.647 -1.76 -1.357 -1.29 -1.235 -1.156 -1.101 -1.043 -1.103 -1.078 -1.081 -1.736 -1.231 -1.291 -1.383 -1.132 -0.542 -0.99 -0.16 -1.491 -1.814 -1.848 -1.859 -1.857 -1.841 -1.819 -1.845 -1.84 -2.068 -1.84 -1.805 -1.76 -1.73 -1.685 -1.9815 -3.052 -3.298 -3.107 -3.142 -3.3155 -3.3995 -3.461 -3.7565 -3.801 -3.7375 -3.4015 -3.025 -2.64325 -2.2265 -2.199 -2.3545 -2.567 -2.8075 -2.9795 -3.0575 -2.9515 -2.902 -2.8055 -2.601 -2.59 -2.47725 -2.14 -2.346 -2.275 -2.938 -2.777 -2.735
-9999 -9999 -9999 -9999 -9999 -9999 -1.404 -1.477 -1.364 -1.299 -9999 -1.101 -1.173 -0.965 -0.93 -0.892 -1.075 -0.967 -1.11 -1.181 -1.286 -0.773 -1.478 -1.57 -1.659 -1.725 -1.769 -1.797 -1.8125 -1.811 -1.925 -1.95 -1.837 -1.833 -1.832 -1.833 -1.787 -1.747 -1.732 -1.724 -1.861 -3.0035 -3.454 -3.221 -3.074 -2.835 -3.053 -3.016 -3.692 -3.76 -3.772 -3.5 -3.208 -2.872 -2.1595 -2.057 -2.242 -2.445 -2.64 -2.838 -2.908 -2.76 -2.715 -2.55 -2.64 -2.578 -2.205 -2.044 -2.165 -2.2935 -2.715 -2.9075 -2.763
-9999 -9999 -9999 -9999 -9999 -1.05 -9999 -9999 -9999 -9999 -9999 -9999 -9999 -1.827 -1.923 -2.035 -0.995 -1.078 -1.385 -1.159 -1.196 -1.311 -1.398 -1.488 -1.582 -1.665 -1.714 -1.747 -1.7855 -1.958 -1.955 -1.965 -1.818 -1.82 -1.82 -1.792 -1.762 -1.76 -1.763 -1.72 -2.08 -3.246 -3.358 -3.219 -3.333 -3.211 -2.919 -3.061 -3.536 -3.831 -3.982 -3.754 -3.18 -2.692 -2.2675 -2.073 -2.287 -2.44 -2.64 -2.838 -2.862 -2.693 -2.573 -2.588 -2.565 -2.357 -1.962 -2.1385 -2.04 -2.458 -2.43 -2.786 -2.903
-9999 -9999 -9999 -9999 -9999 -1.055 -1.235 -9999 -9999 -9999 -9999 -9999 -9999 -9999 -1.957 -0.695 -1.5515 -1.045 -0.951 -1.047 -1.131 -1.219 -1.328 -1.421 -1.515 -1.595 -1.654 -1.69 -1.706 -1.7935 -2.007 -1.813 -1.817 -1.813 -1.808 -1.774 -1.777 -1.762 -1.76 -1.787 -2.33 -3.296 -3.5305 -3.304 -3.404 -3.239 -3.113 -3.062 -3.286 -3.682 -3.981 -3.968 -3.517 -2.919 -2.58 -2.1845 -2.365 -2.515 -2.69 -2.845 -2.83 -2.597 -2.57 -2.53 -2.332 -2.067 -1.668 -2.02 -2.0035 -2.535 -2.555 -2.742 -3.222
-9999 -9999 -9999 -1.062 -0.982 -0.935 -9999 -9999 -9999 -9999 -9999 -9999 -9999 -9999 -0.4 -1.353 -2.0085 -2.03 -0.973 -1.048 -1.26 -1.165 -1.269 -1.368 -1.447 -1.529 -1.589 -1.625 -1.669 -1.6955 -1.7 -1.84 -1.83 -1.815 -1.76 -1.793 -1.764 -1.799 -1.74 -2.038 -2.692 -3.336 -3.3965 -3.365 -3.336 -3.048 -3.112 -3.133 -3.398 -3.601 -3.726 -3.669 -3.323 -2.838 -2.477 -2.541 -2.532 -2.67 -2.835 -2.93 -2.765 -2.532 -2.297 -2.058 -1.93 -1.8 -1.697 -2.312 -1.999 -2.573 -2.703 -2.977 -3.563
-9999 -9999 -9999 -9999 -1.013 -1.005 -9999 -9999 -9999 -9999 -9999 -9999 -9999 -9999 -9999 -9999 -1.992 -1.706 -1.17 -1.174 -1.468 -1.92 -1.215 -1.304 -1.405 -1.482 -1.539 -1.6 -1.641 -1.664 -1.78 -1.873 -1.857 -1.835 -1.825 -1.847 -1.799 -1.774 -1.709 -2.228 -2.656 -2.777 -3.418 -3.415 -3.587 -3.304 -3.277 -3.259 -3.258 -3.503 -3.663 -3.513 -3.338 -2.886 -2.642 -2.777 -2.74 -2.852 -2.948 -2.953 -2.83 -2.598 -2.582 -1.92 -1.523 -1.521 -2.09 -1.805 -2.023 -2.32 -2.908 -3.713 -3.402
-9999 -9999 -9999 -9999 -1.025 -1.12 -9999 -9999 -9999 -9999 -9999 -9999 -9999 -9999 -9999 -9999 -1.945 -1.731 -1.101 -1.149 -1.156 -1.146 -1.11 -1.048 -1.045 -1.123 -1.292 -1.548 -1.888 -1.975 -1.946 -1.873 -1.852 -1.842 -1.748 -1.945 -1.812 -1.758 -1.838 -2.366 -2.554 -2.746 -2.943 -3.4215 -3.723 -3.604 -3.361 -3.342 -3.265 -3.267 -3.5 -3.455 -3.075 -2.923 -2.705 -2.92 -2.9345 -2.997 -3.052 -2.872 -2.688 -2.593 -2.618 -2.035 -1.619 -1.557 -1.678 -1.785 -2.022 -2.281 -3.082 -3.221 -3.207
-9999 -9999 -9999 -9999 -9999 -1.13 -9999 -9999 -9999 -9999 -9999 -9999 -9999 -9999 -9999 -9999 -1.925 -1.8 -1.094 -1.119 -1.142 -1.105 -1.044 -0.968 -0.99 -1.069 -1.117 -1.297 -1.61 -1.85 -2.3385 -1.867 -1.85 -1.95 -1.974 -1.986 -2.1 -1.731 -2.016 -2.326 -2.502 -2.671 -2.854 -3.42 -3.756 -3.736 -3.391 -3.355 -3.323 -3.192 -3.118 -3.242 -2.908 -2.979 -2.923 -3.072 -3.0675 -3.132 -3.04 -2.787 -2.525 -2.617 -2.467 -2.155 -1.778 -1.551 -1.699 -1.848 -2.065 -2.705 -3.343 -3.215 -3.227
-9999 -9999 -9999 -9999 -9999 -9999 -9999 -9999 -9999 -9999 -9999 -9999 -9999 -9999 -9999 -9999 -1.933 -1.898 -1.1615 -1.11 -1.051 -0.951 -0.975 -0.926 -0.942 -0.988 -1.023 -1.069 -1.255 -1.562 -1.757 -2.8015 -1.975 -1.988 -2.012 -1.989 -1.945 -2.312 -2.057 -2.35 -2.433 -2.582 -2.712 -3.171 -3.6105 -3.667 -3.404 -3.317 -3.332 -3.247 -3.028 -2.998 -2.883 -3.009 -3.196 -3.231 -3.19 -3.253 -2.983 -2.722 -2.628 -2.191 -2.12 -1.587 -1.629 -1.652 -1.714 -1.903 -2.13 -2.337 -2.8345 -3.226 -3.214
-9999 -9999 -9999 -9999 -9999 -9999 -9999 -9999 -9999 -9999 -9999 -9999 -9999 -9999 -9999 -9999 -9999 -1.59 -1.1275 -1.6 -1.485 -1.52 -1.065 -0.851 -0.984 -1.022 -1.079 -1.112 -1.144 -1.242 -2.792 -2.602 -2.004 -2.034 -2.033 -1.999 -2.04 -2.42 -2.027 -2.237 -2.389 -2.524 -2.632 -3.12 -3.3995 -3.341 -3.194 -3.193 -3.141 -3.103 -2.935 -2.682 -2.867 -2.901 -3.259 -3.315 -3.275 -3.3065 -2.995 -2.367 -2.05 -1.515 -1.546 -1.614 -1.668 -1.715 -1.763 -1.996 -2.178 -2.353 -3.1585 -3.219 -3.206
-9999 -9999 -9999 -9999 -9999 -9999 -9999 -9999 -9999 -9999 -9999 -9999 -9999 -9999 -9999 -9999 -9999 -9999 -0.675 -0.661666666666667 -0.7225 -0.935 -1.075 -0.9385 -0.954 -1.176 -1.195 -1.239 -1.213 -2.478 -2.124 -2.142 -2.0385 -2.06 -2.045 -2.051 -2.191 -2.557 -2.659 -2.079 -2.307 -2.396 -2.599 -3.054 -3.006 -3.0055 -2.97 -2.962 -2.868 -2.781 -2.682 -2.634 -2.782 -2.926 -3.377 -3.31 -3.298 -3.17 -2.9565 -2.607 -2.16 -1.613 -1.595 -1.63 -1.706 -1.754 -1.835 -2.016 -2.238 -3.065 -3.176 -3.176 -3.205
-9999 -9999 -9999 -9999 -9999 -9999 -9999 -9999 -9999 -9999 -9999 -9999 -9999 -9999 -9999 -9999 -9999 -9999 -9999 -0.135 -0.2 -0.35 -0.269 -0.56 -0.831 -0.9385 -1.02 -1.0785 -1.679 -1.944 -2.1185 -2.127 -2.07225 -2.2295 -2.2965 -2.373 -2.4735 -2.605 -2.6565 -2.698 -2.4485 -2.234 -2.539 -2.963 -3.072 -2.895 -2.766 -2.768 -2.725 -2.695 -2.523 -2.72 -2.689 -2.73 -3.14 -3.305 -3.249 -3.077 -2.848 -2.472 -2.204 -1.705 -1.683 -1.691 -1.71 -1.778 -1.915 -1.24 -1.795 -3.087 -3.166 -3.05 -1.714
-9999 -9999 -9999 -9999 -9999 -9999 -9999 -9999 -9999 -9999 -9999 -9999 -9999 -9999 -9999 -9999 -9999 -9999 -9999 -0.212 -0.22 -0.207 -0.418 -0.648 -0.919 -1.151 -1.403 -1.244 -1.5 -1.775 -1.84 -1.857 -1.827 -2.232 -2.636 -2.665 -3.15 -2.74 -2.652 -2.664 -2.562 -2.436 -2.4455 -2.725 -2.8625 -2.87466666666667 -2.706 -2.597 -2.546 -2.4285 -2.63 -2.746 -2.6405 -2.722 -3.1595 -3.0765 -2.986 -2.9045 -2.722 -2.47733333333333 -2.06 -1.775 -1.755 -1.77 -1.777 -1.849 -1.185 -1.545 -1.795 -3.12 -2.99 -2.085 -2.134
-9999 -9999 -9999 -9999 -9999 -9999 -9999 -9999 -9999 -9999 -9999 -9999 -9999 -9999 -9999 -9999 -9999 -9999 -9999 -0.511 -0.473 -0.319 -0.574 -0.811 -0.996 -1.155 -1.564 -1.464 -1.604 -1.718 -1.677 -1.738 -1.718 -1.8725 -2.87 -2.885 -2.867 -2.767 -2.705 -2.635 -2.593 -2.608 -3.048 -3.14 -3.128 -2.716 -2.589 -2.558 -2.567 -2.475 -2.506 -2.717 -2.472 -2.707 -2.777 -2.915 -2.846 -2.692 -2.538 -2.3355 -1.831 -1.822 -1.818 -1.7515 -1.8405 -1.4555 -2.015 -1.975 -2.455 -2.9985 -2.4715 -1.8775 -2.0885
-9999 -9999 -9999 -9999 -9999 -9999 -9999 -9999 -9999 -9999 -9999 -9999 -9999 -9999 -9999 -9999 -9999 -9999 -9999 0.137 -0.569 -0.3725 -0.635 -0.82 -1.008 -1.142 -1.72 -1.974 -1.847 -1.953 -1.789 -1.653 -1.602 -1.783 -2.5075 -3.049 -2.964 -2.886 -2.804 -2.727 -2.655 -2.649 -3.05 -3.022 -2.882 -2.808 -2.737 -2.66 -2.437 -2.577 -2.575 -2.482 -2.343 -2.34 -2.88 -2.693 -2.703 -2.255 -2.519 -2.378 -1.878 -1.861 -1.861 -1.875 -1.898 -1.001 -2.229 -1.85 -2.333 -2.25 -1.867 -1.894 -2.258
-9999 -9999 -9999 -9999 -9999 -9999 -9999 -9999 -9999 -9999 -9999 -9999 -9999 -9999 -9999 -9999 -9999 -9999 -9999 0.115 -0.204 -0.4345 -0.631 -0.842 -0.962 -1.188 -1.888 -2.183 -1.842 -1.96 -2.025 -1.833 -1.699 -1.782 -2.619 -3.203 -3.103 -3.017 -2.927 -2.826 -2.732 -2.828 -2.93 -3.073 -3.047 -2.828 -2.69 -2.569 -2.142 -2.663 -2.578 -2.585 -2.192 -2.212 -2.173 -2.257 -2.3 -2.337 -2.157 -1.891 -1.887 -1.879 -1.738 -1.921 -1.39 -0.991 -1.67 -1.901 -2.16 -1.786 -1.89 -2.022 -2.18
-9999 -9999 -9999 -9999 -9999 -9999 -9999 -9999 -9999 -9999 -9999 -9999 -9999 -9999 -9999 -9999 -9999 -9999 0.417 -0.557 -0.01 -0.465 -0.636 -0.825 -1.012 -1.224 -1.948 -2.26 -2.498 -1.912 -2.175 -2.034 -1.961 -2.034 -2.105 -3.361 -3.249 -3.144 -3.039 -2.928 -2.785 -2.917 -2.865 -2.98 -3.013 -2.773 -2.723 -2.4025 -1.993 -2.167 -2.692 -2.598 -2.242 -2.228 -2.273 -2.32 -2.373 -2.032 -1.873 -1.875 -1.8915 -1.76 -1.914 -1.943 -0.984 -0.886 -1.563 -1.892 -1.812 -1.926 -1.989 -2.077 -1.92
-9999 -9999 -9999 -9999 -9999 -9999 -9999 -9999 -9999 -9999 -9999 -9999 -9999 -9999 -9999 -9999 -9999 -9999 0.462 -0.545 -0.493 -0.31 -0.708 -0.968 -1.077 -1.286 -1.93 -2.258 -2.482 -1.91 -9999 -9999 -2.212 -2.305 -2.373 -2.727 -3.395 -3.262 -3.148 -3.009 -2.888 -3.011 -2.905 -2.915 -2.91 -2.805 -2.755 -2.417 -2.138 -2.194 -2.32 -2.707 -2.62 -2.303 -2.338 -1.935 -1.865 -1.86 -1.852 -1.856 -9999 -1.8485 -1.916 -2.673 -0.947 -0.939 -1.403 -1.877 -1.944 -1.86 -1.57 -1.587 -1.373
