data/derived/r_sen_presu.asc
NCOLS 186 
NROWS 74 
XLLCORNER 443300.206538099 
YLLCORNER 4085841.77455235 
CELLSIZE 500 
NODATA_value -9999 
[rows 35 to 69 of 74, columns 77 to 153 of 186]
3.292 2.208 2.158 2.752 2.516 2.09 1.821 1.69 1.72 0.72 0.722 1.52 1.487 1.117 0.83 0.697 0.925 1.1 1.49 1.512 1.483 1.45 1.443 1.484 1.681 1.15 1.045 1.235 1.375 1.315 0.904 0.73 0.705 1.338 1.67 1.743 1.486 1.435 1.296 1.344 1.353 1.352 1.345 1.299 1.215 0.936 0.842 0.927 1.13 1.333 1.323 1.312 1.32 1.287 1.244 1.295 1.223 1.137 0.997 1.066 0.948 0.693 0.574 0.543 0.645 0.69 0.577 0.48 0.583 0.496 0.51 0.502 0.632 0.722 0.809 1.124 1.168
2.367 2.353 2.285 2.23 2.253 2.116 1.962 1.71 1.786 1.01 0.856 1.64 1.592 1.393 1.15 0.715 0.87 1.24 1.405 1.645 1.675 1.445 1.341 1.3565 1.598 1.29 1.55 1.58 1.545 1.261 0.936 0.79 1.105 1.133 1.382 1.512 1.5585 1.349 1.376 1.34 1.356 1.334 1.261 1.235 1.174 0.77 0.838 0.676 0.852 1.101 1.15 1.16 1.293 1.29 1.307 1.307 1.256 1.224 1.107 1.03 0.997 1.091 0.982 0.454 0.69 0.455 0.469 0.792 0.438 0.682 0.948 0.908 0.986 0.794 1.0425 1.223 1.2005
3.1755 3.1535 2.7645 2.473 2.45 2.415 2.145 1.965 1.8335 1.792 1.498 1.5595 1.693 1.594 1.568 0.845 0.9385 1.323 1.356 1.746 1.864 1.6745 1.58 1.374 1.385 1.5705 1.5945 1.4755 1.4585 1.1355 1.4185 1.824 1.1465 1.144 1.2175 1.265 1.3435 1.304 1.3435 1.3405 1.374 1.3515 1.189 1.239 0.7685 0.6885 0.409 0.715 0.8515 0.9695 0.8795 0.8975 0.9265 0.969 0.998 1.197 1.169 1.051 0.915 1.0595 1.1405 1.0985 1.1725 0.9905 1.0955 1.1385 1.269 1.216 1.1355 1.171 1.335 1.33 1.352 1.435 1.3665 1.36533333333333 1.422
3.146 3.126 2.98 2.828 2.42 2.497 2.093 2.143 1.887 2 2.093 1.844 1.835 1.844 1.854 1.835 1.763 1.734 1.773 1.595 2.087 2.02 1.835 1.683 1.1955 1.34 1.506 1.712 1.645 1.541 1.978 1.602 1.18 1.153 1.206 1.283 1.331 1.322 1.343 1.348 1.39 1.258 1.197 0.602 0.324 0.145 0.107 0.54 0.471 0.616 0.491 0.418 0.435 0.6 0.671 0.889 0.788 0.679 0.777 0.867 1.003 1.2 1.143 1.17 0.885 1.28 1.28 1.157 1.09 1.05 0.935 1.1 1.257 1.423 1.593 1.551 1.5115
3.158 2.882 2.756 2.762 2.524 2.037 2.152 2.185 1.925 2.086 2.167 1.8655 1.845 1.863 1.878 1.858 1.838 1.776 2.05 1.747 1.56 2.17 2 1.535 1.1655 1.216 1.61 1.632 1.633 1.538 1.915 1.613 1.226 1.2 -9999 1.195 1.318 1.3135 1.26 1.332 1.365 1.2 1.072 1.102 0.339 0.083 0.042 0.168 0.413 0.306 0.1295 -0.104 -0.089 0.352 0.554 0.489 0.719 0.749 0.583 0.768 0.87 1.055 0.923 1.192 1.683 0.893 0.908 0.858 1.113 0.933 0.97 1.16 1.292 1.436 1.52 1.526 1.481
3.126 2.906 2.69 2.486 2.418 2.727 2.078 2.15 2.08 2.142 2.192 2.29 1.8645 1.88 1.9 1.89 1.856 1.8 1.867 2.157 1.63 2.24 1.58 1.568 1.175 1.2925 1.6 1.455 1.353 1.486 1.688 1.41 1.219 1.096 -9999 1.212 1.274 1.32 1.2815 1.339 1.375 1.11 1.11 0.61 0.081 0.032 -0.014 -0.056 -0.066 0.002 0.043 -0.2285 -0.36 -0.145 -0.005 0.29 0.157 0.215 0.232 0.534 0.923 1.003 0.883 1.464 1.544 1.63 1.705 1.875 1.796 1.66 1.088 1.249 1.225 1.401 1.474 1.496 1.466
2.95 2.764 2.64 2.398 2.588 2.647 2.7 2.878 2.957 2.68 2.283 2.368 1.888 1.893 1.915 1.916 1.862 1.823 1.823 2.137 1.883 1.59 1.597 1.603 1.495 1.64 1.715 1.424 1.443 1.169 1.219 1.273 1.251 1.139 -9999 1.254 1.317 1.217 1.284 1.35 1.377 1.07 0.689 0.42 0.044 0.024 0.001 -0.194 -0.155 -0.292 -0.143 -0.608 -0.447 -0.337 -0.167 -0.062 -0.034 0.054 0.136 0.461 0.877 0.782 1.09 1.17 1.496 1.669 1.674 1.658 1.721 1.549 1.369 1.525 1.415 1.304 1.382 1.428 1.394
2.764 2.48 2.372 2.19 2.66 2.687 2.752 2.872 3.05 3.187 3.12 2.24 1.914 1.904 1.935 1.938 1.902 1.845 1.897 2.25 2.173 1.645 1.613 1.622 1.89 1.827 1.685 1.353 1.435 1.159 1.216 1.257 1.266 1.182 -9999 -9999 1.296 -9999 1.278 1.351 1.378 1.079 0.715 0.103 0.13 -0.104 -0.097 -0.217 -0.288 -0.506 -0.513 -0.612 -0.618 -0.526 -0.285 -0.22 -0.08 0.002 0.11 0.8 0.718 0.563 1.002 1.017 1.319 1.474 1.656 1.666 1.763 1.696 1.682 1.714 1.4 1.347 1.467 1.377 1.282
2.524 2.316 2.28 2.65 2.687 2.717 2.749 2.75 2.83 3.277 3.14 2.314 2.139 1.9195 1.949 1.953 1.908 1.86 2.037 2.22 2.437 1.84 1.643 1.626 1.61 1.792 1.6195 1.28 1.349 1.039 1.088 1.245 1.187 1.218 -9999 -9999 -9999 -9999 1.336 1.3165 1.354 1.16 0.88 0.553 -0.005 -0.044 -0.323 -0.174 -0.411 -0.376 -0.8 -0.7 -0.654 -0.593 -0.51 -0.265 -0.112 0.197 0.454 0.885 0.597 0.904 0.96 1.018 1.362 1.199 1.547 1.664 1.649 1.653 1.672 1.842 1.627 1.692 1.405 1.305 1.198
2.401 2.15 2.807 2.664 2.815 2.667 2.647 2.623 2.534 2.68 2.34 2.216 2.145 1.8895 2.196 1.969 1.927 1.88 1.917 1.94 2.59 2.187 1.873 1.767 1.654 1.679 1.4755 1.27 1.286 1.061 1.106 1.161 1.217 1.255 -9999 -9999 -9999 1.18 1.272 1.1135 1.324 1.164 0.897 0.23 -0.021 -0.02 -0.523 -0.19 -0.484 -0.496 -0.537 -0.705 -0.604 -0.632 -0.34 -0.214 -0.196 0.104 0.62 1.008 0.885 0.75 0.767 1.088 1.27 1.187 1.501 1.457 1.638 1.578 1.548 1.77 1.605 1.595 1.564 1.545 1.521
2.178 2.6195 2.717 2.525 2.742 2.548 2.556 2.551 2.385 2.312 2.227 2.128 2.1 1.823 1.841 1.867 1.792 1.899 1.893 1.88 2.47 2.323 1.994 1.93 1.83 1.564 1.443 1.358 1.224 1.097 1.085 1.19 1.243 1.293 1.189 -9999 -9999 -9999 1.245 1.293 1.0515 0.892 0.595 0.247 0.06 -0.089 -0.485 -0.201 -0.49 -0.558 -0.649 -0.605 -0.672 -0.615 -0.335 -0.27 -0.075 0.32 0.73 0.962 0.825 0.784 0.774 1.015 1.192 1.07 1.3175 1.463 1.635 1.505 1.488 1.615 1.497 1.367 1.32 1.517 1.425
2.29 2.8675 2.659 3.063 2.61 2.434 2.497 2.398 2.241 2.158 2.129 2.12 1.808 1.759 1.8095 1.81 1.816 1.834 1.844 1.92 2.283 2.394 2.106 1.9 1.923 2.043 1.045 0.9845 1.249 1.146 1.114 1.199 1.231 1.276 1.284 -9999 -9999 -9999 1.255 1.293 0.9695 0.73 0.405 -0.043 0.338 0.077 -0.376 -0.307 -0.231 -0.499 -0.562 -0.748 -0.68 -0.501 -0.387 -0.274 0.189 0.732 0.939 0.94 1.02 1.11 1.338 1.394 1.282 1.048 1.258 1.528 1.571 1.473 1.511 1.6 1.601 1.627 1.585 1.514 1.492
2.823 2.835 2.6815 2.86 2.405 2.356 2.335 2.265 2.094 1.938 1.96 1.812 1.77 1.788 1.798 1.832 1.842 1.856 1.864 1.869 1.874 1.877 1.922 1.823 2.032 1.745 1.111 0.938 1.069 1.179 1.202 1.19 1.146 1.205 1.228 -9999 -9999 1.214 1.254 1.283 1.0115 0.775 0.462 0.257 0.429 0.111 -0.16 -0.233 -0.198 -0.346 -0.527 -0.52 -0.524 -0.3305 -0.51 -0.19 0.642 1.06 1.188 0.957 1.156 0.98 1.211 1.19 1.133 1.048 1.126 1.512 1.471 1.518 1.524 1.56 1.593 1.603 1.543 1.515 1.305
2.714 2.668 2.76 2.53 2.191 2.254 2.285 2.138 2.124 1.798 1.785 1.786 1.812 1.822 1.828 1.849 1.863 1.873 1.9 1.882 1.887 2.017 1.88 1.619 1.587 1.677 1.727 0.906 1.06 1.198 1.217 1.144 1.167 1.202 1.236 -9999 -9999 -9999 1.299 1.28 1.128 0.98 0.638 0.627 0.525 0.265 -0.125 -0.008 -0.045 -0.185 -0.257 -0.28 -0.286 -0.265 -0.2025 0.153 0.747 1.285 1.08 1.12 1.128 1.028 1.252 0.83 0.898 1.015 1.16 1.1105 1.487 1.305 1.438 1.388 1.398 1.302 1.13 1.295 1.095
2.6015 2.4295 2.32 2.037 1.9715 2.1285 2.0865 1.9955 1.8375 1.8085 1.835 1.85 1.8625 1.871 1.8795 1.88633333333333 1.89966666666667 1.936 2.0195 1.9705 2.0205 2.0225 1.7435 1.4195 1.6215 1.4845 1.5165 1.4825 0.762333333333333 0.757 0.9145 1.145 1.1685 1.191 1.229 1.201 -9999 -9999 1.2995 1.3355 1.3285 1.195 1.02833333333333 1.108 0.624 0.37 0.057 0.2625 0.355 0.414 0.4125 0.215 0.374 0.696 0.591666666666667 0.570333333333333 0.774 1.0485 1.384 1.2735 1.3155 1.104 0.924 0.797 0.828 0.859 1.1095 0.872 1.24633333333333 1.2595 1.22 1.1935 1.2605 1.177 1.15 1.196 1.154
2.154 2.1 2.069 1.798 1.823 1.887 1.827 1.853 1.874 1.888 1.947 1.9 1.909 1.919 1.92 1.92 1.939 2.129 1.8 1.536 1.735 1.831 1.53 1.27 1.361 0.599 0.637 0.672 0.656 0.515 0.583 0.65 0.67 1.173 1.205 1.196 -9999 -9999 -9999 1.319 1.34 1.349 1.289 1.141 -9999 -9999 -9999 0.887 0.954 1.021 1.093 0.858 0.96 1.167 1.135 0.816 0.827 1.351 1.404 1.328 1.224 1.111 0.979 0.806 0.657 0.675 0.79 0.928 0.8475 1.05 1.133 1.049 0.909 0.74 0.681 0.83 0.818
1.918 1.844 1.863 1.826 1.8635 2.235 1.911 1.92 1.926 1.926 1.667 1.931 1.941 1.941 1.94 1.967 2.113 2.08 1.664 1.336 1.491 1.732 1.459 1.195 1.375 0.551 0.556 0.603 0.653 0.55 0.5025 0.65 0.674 0.652 0.659 -9999 -9999 -9999 -9999 -9999 1.435 1.377 -9999 -9999 -9999 -9999 -9999 -9999 0.597 0.737 1.018 1.025 1.014 1.35 1.26 1.346 1.0265 1.451 1.428 1.361 1.272 1.177 1.018 0.888 0.666 0.705 0.665 0.75 0.7425 0.926 1.077 0.989 0.846 0.65 0.661 0.585 0.632
1.841 1.879 1.9 1.92 2.088 2.244 1.968 1.964 1.956 1.946 1.36 1.95 2 2.057 2.002 1.981 1.937 1.8615 1.6 1.241 1.206 1.495 1.384 1.24 1.128 0.498 0.49 0.501 0.502 0.54 0.4895 0.662 -9999 -9999 -9999 -9999 -9999 -9999 -9999 -9999 -9999 -9999 -9999 -9999 -9999 -9999 -9999 -9999 -9999 0.975 1.052 0.978 1.35 1.349 1.434 1.37 1.2365 1.437 1.423 1.343 1.323 1.209 0.854 0.874 0.738 0.743 0.701 0.88 0.751 0.7895 0.88 0.705 0.742 0.63 0.555 0.52 0.492
1.947 1.881 1.807 1.86 2.209 2.228 1.996 1.991 1.972 1.675 1.139 1.96 1.974 1.963 1.95 1.822 1.678 1.4885 1.31 1.144 1.21 1.22 1.12 1.207 1.083 0.29 0.41 0.436 0.416 0.498 0.459 0.642 -9999 -9999 -9999 -9999 -9999 -9999 -9999 -9999 -9999 -9999 -9999 -9999 -9999 -9999 -9999 -9999 0.792 0.919 0.968 1.014 1.339 1.333 1.313 1.3 1.269 1.277 1.269 1.38 1.36 1.261 0.879 0.867 0.56 0.667 0.635 0.836 0.745 0.735 0.781 0.69 0.58 0.614 0.562 0.534 0.487
1.73 1.99 1.738 1.977 2.058 2.0635 2.034 2 1.813 1.227 0.945 1.974 1.981 1.792 1.58 1.314 1.259 1.192 1.1385 1.175 0.585 0.663 0.653 0.608 0.557 0.598 0.29 0.339 -9999 -9999 -9999 -9999 -9999 -9999 -9999 -9999 -9999 -9999 -9999 -9999 -9999 -9999 -9999 -9999 -9999 -9999 -9999 -9999 -9999 0.915 0.994 0.989 1.031 1.162 1.19 1.258 1.146 0.97 1.118 1.313 1.275 0.906 0.916 0.849 0.65 0.52 0.453 0.39 0.8 0.604 0.788 0.706 0.678 0.584 0.521 0.515 0.453
2.026 1.758 1.02 1.827 2.073 2.087 2.034 2.009 1.435 0.88 0.967 1.493 1.807 1.46 1.139 1.043 0.715 0.678 0.6465 0.607 0.539 -9999 -9999 0.548 0.479 -9999 0.154 0.246 -9999 -9999 -9999 -9999 -9999 -9999 -9999 -9999 -9999 -9999 -9999 -9999 -9999 -9999 -9999 -9999 -9999 -9999 -9999 -9999 -9999 -9999 0.848 0.935 0.926 0.901 0.953 1.141 1.027 0.967 1.253 1.239 0.877 0.907 0.946 0.74 0.438 0.45 0.501 0.388 0.649 0.55 0.719 0.817 0.664 0.566 0.559 0.5 0.435
1.72 1.053 0.908 1.1 1.757 1.907 1.8265 1.455 1.003 0.855 0.943 1.3 1.266 0.873 0.743 0.691 0.657 0.61 -9999 0.57 -9999 -9999 -9999 0.498 -9999 -9999 -9999 -9999 -9999 -9999 -9999 -9999 -9999 -9999 -9999 -9999 -9999 -9999 -9999 -9999 -9999 -9999 -9999 -9999 -9999 -9999 -9999 -9999 -9999 -9999 -9999 -9999 -9999 -9999 -9999 -9999 -9999 -9999 0.948 0.918 0.76 0.75 0.982 0.735 0.571 0.423 0.423 0.349 0.57 0.55 0.654 0.802 0.682 0.615 0.511 0.504 0.5
1.686 1.026 0.874 0.906 1.04 1.41 1.537 1.112 0.786 0.686 0.711 1.03 0.788 0.746 0.698 0.656 -9999 -9999 -9999 -9999 -9999 -9999 -9999 -9999 -9999 -9999 -9999 -9999 -9999 -9999 -9999 -9999 -9999 -9999 -9999 -9999 -9999 -9999 -9999 -9999 -9999 -9999 -9999 -9999 -9999 -9999 -9999 -9999 -9999 -9999 -9999 -9999 -9999 -9999 -9999 -9999 -9999 -9999 0.9 0.87 0.793 0.72 0.87 0.945 0.33 0.41 0.427 0.358 0.583 0.504 0.696 0.738 0.676 0.657 0.585 0.466 0.477
1.503 1.053 0.946 0.837 0.922 1.108 1.198 0.823 -9999 -9999 0.687 0.707 0.743 0.697 0.67 0.62 -9999 -9999 -9999 -9999 -9999 -9999 -9999 -9999 -9999 -9999 -9999 -9999 -9999 -9999 -9999 -9999 -9999 -9999 -9999 -9999 -9999 -9999 -9999 -9999 -9999 -9999 -9999 -9999 -9999 -9999 -9999 -9999 -9999 -9999 -9999 -9999 -9999 -9999 -9999 -9999 -9999 -9999 -9999 -9999 -9999 0.741 0.787 -9999 -9999 0.397 0.558 -9999 -9999 0.625 -9999 -9999 -9999 -9999 0.566 0.544 0.458
1.203 1.07 0.961 0.811 0.908 1.064 1.132 0.819 -9999 -9999 -9999 0.653 0.673 0.631 0.626 -9999 -9999 -9999 -9999 -9999 -9999 -9999 -9999 -9999 -9999 -9999 -9999 -9999 -9999 -9999 -9999 -9999 -9999 -9999 -9999 -9999 -9999 -9999 -9999 -9999 -9999 -9999 -9999 -9999 -9999 -9999 -9999 -9999 -9999 -9999 -9999 -9999 -9999 -9999 -9999 -9999 -9999 -9999 -9999 -9999 -9999 -9999 -9999 -9999 -9999 -9999 -9999 -9999 -9999 -9999 -9999 -9999 -9999 -9999 -9999 -9999 -9999
1.151 1.056 0.872 0.79 0.889 1.03 0.906 0.7505 -9999 -9999 -9999 -9999 0.597 -9999 -9999 -9999 -9999 -9999 -9999 -9999 -9999 -9999 -9999 -9999 -9999 -9999 -9999 -9999 -9999 -9999 -9999 -9999 -9999 -9999 -9999 -9999 -9999 -9999 -9999 -9999 -9999 -9999 -9999 -9999 -9999 -9999 -9999 -9999 -9999 -9999 -9999 -9999 -9999 -9999 -9999 -9999 -9999 -9999 -9999 -9999 -9999 -9999 -9999 -9999 -9999 -9999 -9999 -9999 -9999 -9999 -9999 -9999 -9999 -9999 -9999 -9999 -9999
1.076 0.9795 0.8205 0.74 0.8095 0.8265 0.7945 0.711 0.6145 -9999 -9999 -9999 -9999 -9999 -9999 -9999 -9999 -9999 -9999 -9999 -9999 -9999 -9999 -9999 -9999 -9999 -9999 -9999 -9999 -9999 -9999 -9999 -9999 -9999 -9999 -9999 -9999 -9999 -9999 -9999 -9999 -9999 -9999 -9999 -9999 -9999 -9999 -9999 -9999 -9999 -9999 -9999 -9999 -9999 -9999 -9999 -9999 -9999 -9999 -9999 -9999 -9999 -9999 -9999 -9999 -9999 -9999 -9999 -9999 -9999 -9999 -9999 -9999 -9999 -9999 -9999 -9999
0.874 0.782 -9999 -9999 0.572 0.554 0.513 -9999 -9999 -9999 -9999 -9999 -9999 -9999 -9999 -9999 -9999 -9999 -9999 -9999 -9999 -9999 -9999 -9999 -9999 -9999 -9999 -9999 -9999 -9999 -9999 -9999 -9999 -9999 -9999 -9999 -9999 -9999 -9999 -9999 -9999 -9999 -9999 -9999 -9999 -9999 -9999 -9999 -9999 -9999 -9999 -9999 -9999 -9999 -9999 -9999 -9999 -9999 -9999 -9999 -9999 -9999 -9999 -9999 -9999 -9999 -9999 -9999 -9999 -9999 -9999 -9999 -9999 -9999 -9999 -9999 -9999
-9999 -9999 -9999 -9999 -9999 -9999 -9999 -9999 -9999 -9999 -9999 -9999 -9999 -9999 -9999 -9999 -9999 -9999 -9999 -9999 -9999 -9999 -9999 -9999 -9999 -9999 -9999 -9999 -9999 -9999 -9999 -9999 -9999 -9999 -9999 -9999 -9999 -9999 -9999 -9999 -9999 -9999 -9999 -9999 -9999 -9999 -9999 -9999 -9999 -9999 -9999 -9999 -9999 -9999 -9999 -9999 -9999 -9999 -9999 -9999 -9999 -9999 -9999 -9999 -9999 -9999 -9999 -9999 -9999 -9999 -9999 -9999 -9999 -9999 -9999 -9999 -9999
-9999 -9999 -9999 -9999 -9999 -9999 -9999 -9999 -9999 -9999 -9999 -9999 -9999 -9999 -9999 -9999 -9999 -9999 -9999 -9999 -9999 -9999 -9999 -9999 -9999 -9999 -9999 -9999 -9999 -9999 -9999 -9999 -9999 -9999 -9999 -9999 -9999 -9999 -9999 -9999 -9999 -9999 -9999 -9999 -9999 -9999 -9999 -9999 -9999 -9999 -9999 -9999 -9999 -9999 -9999 -9999 -9999 -9999 -9999 -9999 -9999 -9999 -9999 -9999 -9999 -9999 -9999 -9999 -9999 -9999 -9999 -9999 -9999 -9999 -9999 -9999 -9999
-9999 -9999 -9999 -9999 -9999 -9999 -9999 -9999 -9999 -9999 -9999 -9999 -9999 -9999 -9999 -9999 -9999 -9999 -9999 -9999 -9999 -9999 -9999 -9999 -9999 -9999 -9999 -9999 -9999 -9999 -9999 -9999 -9999 -9999 -9999 -9999 -9999 -9999 -9999 -9999 -9999 -9999 -9999 -9999 -9999 -9999 -9999 -9999 -9999 -9999 -9999 -9999 -9999 -9999 -9999 -9999 -9999 -9999 -9999 -9999 -9999 -9999 -9999 -9999 -9999 -9999 -9999 -9999 -9999 -9999 -9999 -9999 -9999 -9999 -9999 -9999 -9999
-9999 -9999 -9999 -9999 -9999 -9999 -9999 -9999 -9999 -9999 -9999 -9999 -9999 -9999 -9999 -9999 -9999 -9999 -9999 -9999 -9999 -9999 -9999 -9999 -9999 -9999 -9999 -9999 -9999 -9999 -9999 -9999 -9999 -9999 -9999 -9999 -9999 -9999 -9999 -9999 -9999 -9999 -9999 -9999 -9999 -9999 -9999 -9999 -9999 -9999 -9999 -9999 -9999 -9999 -9999 -9999 -9999 -9999 -9999 -9999 -9999 -9999 -9999 -9999 -9999 -9999 -9999 -9999 -9999 -9999 -9999 -9999 -9999 -9999 -9999 -9999 -9999
-9999 -9999 -9999 -9999 -9999 -9999 -9999 -9999 -9999 -9999 -9999 -9999 -9999 -9999 -9999 -9999 -9999 -9999 -9999 -9999 -9999 -9999 -9999 -9999 -9999 -9999 -9999 -9999 -9999 -9999 -9999 -9999 -9999 -9999 -9999 -9999 -9999 -9999 -9999 -9999 -9999 -9999 -9999 -9999 -9999 -9999 -9999 -9999 -9999 -9999 -9999 -9999 -9999 -9999 -9999 -9999 -9999 -9999 -9999 -9999 -9999 -9999 -9999 -9999 -9999 -9999 -9999 -9999 -9999 -9999 -9999 -9999 -9999 -9999 -9999 -9999 -9999
-9999 -9999 -9999 -9999 -9999 -9999 -9999 -9999 -9999 -9999 -9999 -9999 -9999 -9999 -9999 -9999 -9999 -9999 -9999 -9999 -9999 -9999 -9999 -9999 -9999 -9999 -9999 -9999 -9999 -9999 -9999 -9999 -9999 -9999 -9999 -9999 -9999 -9999 -9999 -9999 -9999 -9999 -9999 -9999 -9999 -9999 -9999 -9999 -9999 -9999 -9999 -9999 -9999 -9999 -9999 -9999 -9999 -9999 -9999 -9999 -9999 -9999 -9999 -9999 -9999 -9999 -9999 -9999 -9999 -9999 -9999 -9999 -9999 -9999 -9999 -9999 -9999
-9999 -9999 -9999 -9999 -9999 -9999 -9999 -9999 -9999 -9999 -9999 -9999 -9999 -9999 -9999 -9999 -9999 -9999 -9999 -9999 -9999 -9999 -9999 -9999 -9999 -9999 -9999 -9999 -9999 -9999 -9999 -9999 -9999 -9999 -9999 -9999 -9999 -9999 -9999 -9999 -9999 -9999 -9999 -9999 -9999 -9999 -9999 -9999 -9999 -9999 -9999 -9999 -9999 -9999 -9999 -9999 -9999 -9999 -9999 -9999 -9999 -9999 -9999 -9999 -9999 -9999 -9999 -9999 -9999 -9999 -9999 -9999 -9999 -9999 -9999 -9999 -9999
