data/derived/r_sen_tempsu.asc
NCOLS 186 
NROWS 74 
XLLCORNER 443300.206538099 
YLLCORNER 4085841.77455235 
CELLSIZE 500 
NODATA_value -9999 
[rows 33 to 65 of 74, columns 0 to 73 of 186]
-9999 -9999 -9999 -9999 -9999 -9999 -9999 -9999 -9999 -9999 -9999 -0.009 -0.012 -0.009 -0.0105 -0.007 -0.008 -0.006 -0.005 -9999 -0.004 -0.0105 -0.015 -0.014 0.006 0.004 0.006 0.008 0.008 0.017 0.012 0.014 0.015 0.022 0.0315 0.037 0.034 0.036 0.04 0.027 0.036 0.044 0.051 0.048 0.051 0.049 0.047 0.047 0.045 0.039 0.038 0.03 0.043 0.038 0.034 0.03 0.022 0.016 0.007 -0.002 -0.01 -0.011 -0.011 -0.056 -0.056 -0.06 -0.062 -0.067 -0.066 -0.067 -0.06 -0.06 -0.0615 -0.055
-9999 -9999 -9999 -9999 -9999 -9999 -9999 -9999 -9999 -9999 -9999 -9999 -9999 -9999 -0.013 -0.012 -0.012 -0.005 -0.004 -9999 -9999 -0.00875 -0.014 -0.0155 -0.0035 0.0125 0.0125 0.0125 0.017 0.0225 0.0255 0.0215 0.022 0.027 0.033 0.035 0.027 0.032 0.027 0.036 0.043 0.046 0.052 0.058 0.048 0.046 0.05 0.05 0.047 0.046 0.045 0.034 0.023 0.011 0.038 0.024 0.023 0.018 0.011 0.005 -0.0065 -0.017 -0.01 -0.064 -0.064 -0.067 -0.07 -0.07 -0.075 -0.077 -0.079 -0.084 -0.059 -0.0645
-9999 -9999 -9999 -9999 -9999 -9999 -9999 -9999 -9999 -9999 -9999 -9999 -9999 -9999 -0.009 -0.006 -0.006 -0.007 -0.01 -9999 -9999 -9999 -0.0115 -0.015 -0.014 0.022 0.022 0.023 0.024 0.02 0.027 0.024 0.03 0.025 0.0236666666666667 0.0273333333333333 0.0305 0.0355 0.037 0.043 0.0495 0.049 0.0535 0.0525 0.0535 0.0535 0.054 0.0543333333333333 0.0526666666666667 0.047 0.051 0.044 0.03 0.018 0.008 0.013 0.023 0.021 0.012 0.01 -0.0035 -0.013 -0.068 -0.07 -0.058 -0.075 -0.077 -0.079 -0.084 -0.088 -0.092 -0.092 -0.092 -0.0885
-9999 -9999 -9999 -9999 -9999 -9999 -9999 -9999 -9999 -9999 -9999 -9999 -9999 -9999 -0.005 -0.01 -0.007 -0.018 -0.01 -0.01 -9999 -0.01 -0.014 -0.009 -0.01 0.016 0.017 0.02 0.02 0.027 0.03 0.027 0.033 0.027 0.032 0.035 0.032 0.037 0.04 0.047 0.041 0.046 0.053 0.05 0.061 0.056 0.058 0.062 0.0585 0.0575 0.0545 0.047 0.0345 0.0245 0.01 0.006 0.0095 0.0015 0.0045 0 -0.02 -0.03125 -0.036 -0.052 -0.072 -0.0785 -0.082 -0.0915 -0.094 -0.093 -0.0925 -0.0895 -0.0935 -0.095
-9999 -9999 -9999 -9999 -9999 -9999 -9999 -9999 -9999 -9999 -9999 -9999 -9999 -9999 -9999 -0.01 -0.021 -0.02 -0.015 -0.012 -0.01 -0.013 -0.017 -0.0135 -0.012 0.016 0.016 0.027 0.023 0.026 0.031 0.03 0.032 0.028 0.034 0.038 0.037 0.035 0.042 0.036 0.04 0.046 0.052 0.056 0.06 0.062 0.065 0.069 0.068 0.066 0.05 0.047 0.032 0.022 0.01 0.006 0.003 -0.005 -0.007 -0.019 -0.024 -0.027 -0.0315 -0.045 -0.053 -0.086 -0.08 -0.088 -0.09 -0.092 -0.095 -0.098 -0.106 -0.107
-9999 -9999 -9999 -9999 -9999 -9999 -9999 -9999 -9999 -9999 -9999 -9999 -9999 -9999 -9999 -0.017 -0.017 -0.025 -0.02 -0.025 -0.015 -0.013 -0.015 -0.009 -0.012 0.017 0.017 0.019 0.022 0.025 0.032 0.027 0.035 0.023 0.027 0.03 0.0305 0.037 0.028 0.039 0.039 0.044 0.049 0.053 0.063 0.069 0.071 0.07 0.074 0.0705 0.059 0.044 0.03 0.02 0.007 0.003 -0.005 -0.002 -0.007 -0.011 -0.015 -0.024 -0.035 -0.046 -0.054 -0.064 -0.082 -0.094 -0.092 -0.095 -0.102 -0.11 -0.108 -0.112
-9999 -9999 -9999 -9999 -9999 -9999 -9999 -9999 -9999 -9999 -9999 -9999 -9999 -9999 -9999 -0.02 -0.012 -0.02 -0.02 -0.014 -0.018 -0.02 -0.01 -0.0125 -0.013 -0.014 0.018 0.021 0.025 0.026 0.028 0.036 0.04 0.024 0.027 0.028 0.033 0.028 0.032 0.034 0.04 0.047 0.048 0.05 0.061 0.072 0.075 0.075 0.072 0.0735 0.054 0.042 0.033 0.012 0.008 0 -0.005 -0.006 -0.013 -0.008 -0.021 -0.026 -0.0375 -0.048 -0.056 -0.067 -0.077 -0.09 -0.096 -0.107 -0.11 -0.109 -0.115 -0.12
-9999 -9999 -0.01 -9999 -9999 -9999 -9999 -9999 -9999 -9999 -9999 -9999 -9999 -9999 -9999 -0.012 -0.02 -0.015 -0.016 -0.014 -0.003 -0.004 -0.012 -0.012 -0.014 -0.014 0.022 0.02 0.023 0.029 0.031 0.037 0.037 0.023 0.03 0.025 0.028 0.025 0.032 0.035 0.042 0.046 0.048 0.049 0.057 0.072 0.077 0.072 0.073 0.077 0.059 0.04 0.028 0.014 0.002 -0.008 -0.01 -0.015 -0.02 -0.014 -0.025 -0.033 -0.037 -0.0435 -0.059 -0.068 -0.076 -0.083 -0.1 -0.111 -0.107 -0.114 -0.121 -0.125
-9999 -9999 -9999 -9999 -9999 -0.003 -0.007 -9999 -9999 -9999 -9999 -9999 -0.011 -0.012 -0.012 -0.018 -0.011 -0.011 -0.013 -0.013 -0.005 -0.004 -0.008 -0.01 -0.011 -0.014 0.022 0.02 0.025 0.028 0.03 0.032 0.04 0.026 0.034 0.039 0.012 0.017 0.023 0.031 0.038 0.043 0.051 0.055 0.062 0.068 0.073 0.068 0.07 0.072 0.0525 0.038 0.013 0.002 -0.013 -0.007 -0.016 -0.01 -0.016 -0.03 -0.03 -0.036 -0.041 -0.044 -0.062 -0.071 -0.08 -0.086 -0.094 -0.114 -0.11 -0.116 -0.124 -0.129
-9999 -9999 -9999 0.003 -9999 -9999 -9999 -0.013 -9999 -9999 -9999 -0.013 -0.0135 -0.012 -0.012 -0.011 -0.01 -0.004 -0.003 -0.004 -0.005 -0.003 -0.006 -0.008 -0.007 0.0055 0.017 0.025 0.029 0.025 0.028 0.013 0.016 0.017 0.017 0.004 0.008 0.01 0.014 0.024 0.034 0.038 0.044 0.048 0.053 0.064 0.069 0.066 0.063 0.062 0.062 0.03 -0.002 -0.015 -0.005 -0.018 -0.015 -0.033 -0.038 -0.042 -0.043 -0.037 -0.042 -0.05 -0.0545 -0.071 -0.086 -0.087 -0.1 -0.108 -0.11 -0.123 -0.127 -0.13
-9999 0 -0.003 0 -0.007 -0.007 -0.015 -0.015 -0.015 -0.016 -0.016 -0.017 -0.015 -0.011 -0.009 -0.009 -0.007 0.002 0.001 0.001 0 0 -0.008 -0.007 -0.01 0.0145 0.02 0.02 0.024 0.023 0.014 0.012 0.012 0.015 0.02 0.002 0.005 0.008 0.009 0.016 0.024 0.038 0.043 0.041 0.046 0.048 0.055 0.062 0.067 0.052 0.032 0.0185 -0.01 -0.007 -0.018 -0.032 -0.041 -0.045 -0.046 -0.049 -0.048 -0.042 -0.047 -0.049 -0.063 -0.073 -0.086 -0.111 -0.117 -0.121 -0.114 -0.124 -0.126 -0.128
0.00133333333333333 -0.005 -0.003 -0.007 -0.013 -0.01 -0.013 -0.019 -0.02 -0.02 -0.018 -0.016 -0.0125 -0.004 -0.003 -0.004 -0.001 0 -0.001 -0.001 -0.003 -0.004 -0.005 -0.001 0.015 0.0175 0.017 0.018 0.026 0.018 0.01 0.012 0.01 0.013 0.01 0 0.001 0.003 0.004 0.006 0.013 0.016 0.023 0.044 0.055 0.057 0.065 0.07 0.06 0.033 0.022 0.0035 -0.008 -0.013 -0.038 -0.048 -0.052 -0.054 -0.055 -0.055 -0.054 -0.055 -0.048 -0.085 -0.0895 -0.106 -0.102 -0.109 -0.115 -0.118 -0.115 -0.117 -0.126 -0.129
-9999 -0.013 -0.008 -0.005 -0.01 -0.0135 -0.017 -0.015 -0.02 -0.018 -0.0135 -0.0115 -0.0055 0.00075 0.003 0.003 0.004 0.003 -0.002 -0.002 -0.003 0 -0.003 -0.004 0.009 0.018 0.019 0.016 0.009 0.016 0.021 0.013 0.018 0.01 0.005 0.008 -0.006 -0.004 -0.002 -0.0025 0.001 0.004 0.009 0.01 0.024 0.023 0.023 0.023 0.016 0.005 -0.005 0.005 -0.012 -0.043 -0.055 -0.063 -0.07 -0.064 -0.063 -0.063 -0.061 -0.06 -0.086 -0.081 -0.086 -0.0975 -0.101 -0.107 -0.116 -0.113 -0.109 -0.116 -0.128 -0.127
-9999 -9999 -0.012 -0.01 -0.01 -0.013 -0.01 -0.01 -0.017 -0.02 -0.016 -0.01 -0.003 0.003 0.00433333333333333 0.0055 0.001 -0.0015 -0.001 -0.005 -0.001 -0.0045 -0.0075 -0.0095 -0.0085 -0.0095 0.00766666666666667 0.00166666666666667 0.006 0.012 0.018 0.013 0.014 0.002 -0.002 0.001 0 -0.002 -0.004 -0.0045 0.002 0.012 0.01 0.01 0.01 0.03 -0.001 0.007 0.012 0.007 0 -0.005 -0.034 -0.057 -0.066 -0.068 -0.072 -0.073 -0.071 -0.07 -0.067 -0.091 -0.084 -0.081 -0.084 -0.0935 -0.094 -0.101 -0.107 -0.11 -0.112 -0.114 -0.128 -0.13
-9999 -9999 -9999 -0.013 -0.015 -0.018 -0.01 -0.007 -0.017 -0.018 -0.016 -0.007 0 0.007 0.005 0.001 -0.008 -0.011 -0.007 -0.003 -0.008 -0.009 -0.01 -0.007 -0.01 -0.004 -0.007 -0.0035 0.003 0.003 0.008 0.016 -0.004 -0.012 -0.0135 -0.007 -0.0035 -0.001 -0.002 -0.003 0.003 0.0025 0.0035 0 -0.007 -0.003 0 0 0.001 -0.008 -0.015 -0.03 -0.043 -0.0615 -0.069 -0.067 -0.072 -0.077 -0.076 -0.078 -0.07 -0.09 -0.086 -0.082 -0.084 -0.088 -0.0975 -0.102 -0.107 -0.11 -0.111 -0.112 -0.127 -0.129
-9999 -9999 -9999 -9999 -9999 -0.01 -0.017 -0.018 -0.016 -0.015 -0.015 -0.011 -0.001 0.01 0 0.001 0 0.001 0.006 0 0.003 -0.007 -0.001 -0.003 -0.006 -0.005 -0.01 -0.016 -0.004 -0.001 0 0.009 -0.024 -0.023 -0.022 -0.017 -0.015 -0.013 -0.013 -0.011 -0.005 -0.005 -0.009 -0.009 -0.015 -0.0155 -0.0185 -0.023 -0.023 -0.031 -0.041 -0.0435 -0.0585 -0.0675 -0.0755 -0.08 -0.076 -0.0755 -0.076 -0.077 -0.0745 -0.0835 -0.0835 -0.085 -0.0845 -0.088 -0.0955 -0.101 -0.102 -0.112 -0.11 -0.11 -0.125 -0.129
-9999 -9999 -9999 -9999 -9999 -9999 -0.012 -0.013 -0.01 -0.012 -9999 -0.01 0.007 0 0.003 0.0175 0.017 0.015 0.004 0.004 0.003 -0.002 0.001 -0.001 -0.003 -0.007 -0.013 -0.017 -0.014 -0.004 -0.002 0.001 -0.029 -0.028 -0.027 -0.023 -0.023 -0.022 -0.02 -0.022 -0.023 0.0015 -0.007 -0.023 -0.028 -0.043 -0.04 -0.047 -0.054 -0.059 -0.064 -0.06 -0.06 -0.059 -0.074 -0.077 -0.08 -0.068 -0.073 -0.073 -0.073 -0.075 -0.077 -0.089 -0.081 -0.086 -0.093 -0.0936666666666667 -0.1045 -0.1085 -0.1095 -0.119 -0.122 -0.126
-9999 -9999 -9999 -9999 -9999 -0.01 -9999 -9999 -9999 -9999 -9999 -9999 -9999 0.02 0.019 0.0215 0.014 0.013 0.008 0.005 0.006 0.003 -0.001 -0.007 -0.008 -0.01 -0.015 -0.02 -0.019 -0.006 -0.007 -0.004 -0.033 -0.034 -0.033 -0.028 -0.022 -0.03 -0.031 -0.03 -0.03 -5e-04 -0.02 -0.027 -0.039 -0.046 -0.052 -0.062 -0.066 -0.07 -0.074 -0.071 -0.067 -0.067 -0.0715 -0.074 -0.08 -0.07 -0.071 -0.073 -0.071 -0.08 -0.085 -0.086 -0.086 -0.088 -0.09 -0.094 -0.1 -0.101 -0.107 -0.114 -0.121 -0.117
-9999 -9999 -9999 -9999 -9999 -0.013 -0.013 -9999 -9999 -9999 -9999 -9999 -9999 -9999 0.023 0.021 0.0185 0.015 0.014 0.008 0.008 0 -0.003 -0.007 -0.01 -0.013 -0.018 -0.022 -0.029 -0.049 -0.05 -0.061 -0.065 -0.032 -0.027 -0.023 -0.03 -0.032 -0.024 -0.025 -0.025 -0.018 -0.0215 -0.043 -0.049 -0.055 -0.062 -0.071 -0.074 -0.08 -0.083 -0.08 -0.077 -0.067 -0.073 -0.072 -0.08 -0.07 -0.069 -0.073 -0.072 -0.082 -0.079 -0.083 -0.083 -0.084 -0.085 -0.088 -0.0965 -0.1 -0.108 -0.117 -0.113 -0.113
-9999 -9999 -9999 -0.013 -0.01 -0.013 -9999 -9999 -9999 -9999 -9999 -9999 -9999 -9999 0.03 0.02 0.0205 0.017 0.014 0.01 0.007 0 -0.003 -0.007 -0.012 -0.016 -0.019 -0.025 -0.033 -0.0465 -0.05 -0.057 -0.062 -0.028 -0.028 -0.028 -0.028 -0.04 -0.03 -0.03 -0.025 -0.025 -0.0365 -0.048 -0.055 -0.06 -0.068 -0.076 -0.08 -0.088 -0.09 -0.088 -0.081 -0.072 -0.063 -0.0635 -0.066 -0.068 -0.072 -0.072 -0.072 -0.081 -0.083 -0.078 -0.076 -0.078 -0.085 -0.089 -0.0935 -0.1 -0.107 -0.113 -0.107 -0.109
-9999 -9999 -9999 -9999 -0.0185 -0.017 -9999 -9999 -9999 -9999 -9999 -9999 -9999 -9999 -9999 -9999 0.02 0.019 0.009 0.004 0.003 -0.003 -0.006 -0.01 -0.01 -0.013 -0.018 -0.03 -0.038 -0.039 -0.05 -0.059 -0.063 -0.032 -0.034 -0.033 -0.04 -0.032 -0.027 -0.023 -0.028 -0.037 -0.043 -0.0515 -0.059 -0.065 -0.071 -0.081 -0.083 -0.09 -0.091 -0.092 -0.085 -0.073 -0.068 -0.0695 -0.069 -0.061 -0.066 -0.066 -0.076 -0.083 -0.083 -0.075 -0.07 -0.079 -0.08 -0.087 -0.0935 -0.097 -0.105 -0.108 -0.104 -0.106
-9999 -9999 -9999 -9999 -0.011 -0.02 -9999 -9999 -9999 -9999 -9999 -9999 -9999 -9999 -9999 -9999 0.022 0.017 0.005 0.002 -0.001 -0.003 -0.005 -0.007 -0.006 -0.01 -0.031 -0.038 -0.037 -0.04 -0.045 -0.06 -0.064 -0.065 -0.037 -0.04 -0.045 -0.04 -0.04 -0.027 -0.037 -0.047 -0.05 -0.083 -0.084 -0.065 -0.073 -0.08 -0.082 -0.085 -0.092 -0.09 -0.081 -0.075 -0.07 -0.065 -0.0675 -0.061 -0.063 -0.059 -0.084 -0.082 -0.083 -0.074 -0.072 -0.078 -0.081 -0.083 -0.091 -0.0945 -0.106 -0.102 -0.103 -0.105
-9999 -9999 -9999 -9999 -9999 -0.012 -9999 -9999 -9999 -9999 -9999 -9999 -9999 -9999 -9999 -9999 0.023 0.013 0.006 0.003 -0.001 -0.005 0 -0.002 -0.021 -0.025 -0.035 -0.037 -0.039 -0.042 -0.0525 -0.06 -0.064 -0.072 -0.08 -0.05 -0.048 -0.043 -0.043 -0.033 -0.043 -0.047 -0.079 -0.081 -0.085 -0.085 -0.085 -0.075 -0.083 -0.081 -0.086 -0.082 -0.074 -0.074 -0.069 -0.065 -0.0615 -0.066 -0.063 -0.053 -0.078 -0.083 -0.087 -0.077 -0.075 -0.077 -0.079 -0.083 -0.09 -0.0975 -0.094 -0.093 -0.092 -0.098
-9999 -9999 -9999 -9999 -9999 -9999 -9999 -9999 -9999 -9999 -9999 -9999 -9999 -9999 -9999 -9999 0.022 0.018 0.008 0 0 -0.002 -0.002 -0.016 -0.022 -0.031 -0.037 -0.04 -0.042 -0.05 -0.056 -0.0605 -0.09 -0.064 -0.068 -0.064 -0.051 -0.057 -0.053 -0.047 -0.047 -0.074 -0.078 -0.079 -0.083 -0.084 -0.084 -0.085 -0.085 -0.087 -0.077 -0.077 -0.075 -0.074 -0.069 -0.067 -0.065 -0.0645 -0.059 -0.062 -0.083 -0.075 -0.078 -0.074 -0.075 -0.078 -0.074 -0.084 -0.09 -0.091 -0.089 -0.094 -0.092 -0.093
-9999 -9999 -9999 -9999 -9999 -9999 -9999 -9999 -9999 -9999 -9999 -9999 -9999 -9999 -9999 -9999 -9999 0.02 0.007 0.002 -0.003 -0.01 -0.017 -0.024 -0.027 -0.038 -0.037 -0.041 -0.043 -0.051 -0.061 -0.066 -0.063 -0.073 -0.07 -0.063 -0.099 -0.074 -0.057 -0.05 -0.078 -0.077 -0.075 -0.08 -0.0815 -0.081 -0.084 -0.084 -0.083 -0.082 -0.083 -0.07 -0.073 -0.072 -0.069 -0.068 -0.063 -0.0615 -0.059 -0.082 -0.075 -0.075 -0.073 -0.072 -0.077 -0.078 -0.078 -0.083 -0.09 -0.09 -0.0865 -0.087 -0.097 -0.09
-9999 -9999 -9999 -9999 -9999 -9999 -9999 -9999 -9999 -9999 -9999 -9999 -9999 -9999 -9999 -9999 -9999 -9999 -0.006 -0.003 -0.015 -0.016 -0.024 -0.0295 -0.0345 -0.037 -0.039 -0.042 -0.045 -0.059 -0.063 -0.067 -0.067 -0.066 -0.066 -0.063 -0.09 -0.096 -0.08 -0.07 -0.073 -0.07 -0.072 -0.077 -0.077 -0.078 -0.081 -0.08 -0.078 -0.079 -0.071 -0.073 -0.077 -0.08 -0.069 -0.067 -0.063 -0.062 -0.0555 -0.079 -0.078 -0.072 -0.072 -0.074 -0.077 -0.076 -0.078 -0.083 -0.087 -0.077 -0.083 -0.086 -0.09 -0.09
-9999 -9999 -9999 -9999 -9999 -9999 -9999 -9999 -9999 -9999 -9999 -9999 -9999 -9999 -9999 -9999 -9999 -9999 -9999 -0.0095 -0.015 -0.027 -0.031 -0.033 -0.036 -0.0375 -0.0375 -0.0425 -0.051 -0.057 -0.0615 -0.058 -0.05825 -0.0695 -0.0665 -0.0765 -0.0835 -0.085 -0.064 -0.0625 -0.061 -0.067 -0.069 -0.077 -0.079 -0.0775 -0.076 -0.072 -0.077 -0.071 -0.071 -0.07 -0.077 -0.082 -0.081 -0.079 -0.078 -0.058 -0.055 -0.08 -0.078 -0.075 -0.073 -0.075 -0.072 -0.073 -0.08 -0.086 -0.083 -0.077 -0.08 -0.0815 -0.08 -0.075
-9999 -9999 -9999 -9999 -9999 -9999 -9999 -9999 -9999 -9999 -9999 -9999 -9999 -9999 -9999 -9999 -9999 -9999 -9999 -0.014 -0.022 -0.031 -0.037 -0.038 -0.038 -0.039 -0.039 -0.044 -0.053 -0.047 -0.053 -0.049 -0.051 -0.0535 -0.055 -0.071 -0.08 -0.074 -0.061 -0.06 -0.055 -0.0545 -0.063 -0.064 -0.0705 -0.0706666666666667 -0.068 -0.0705 -0.066 -0.0665 -0.066 -0.072 -0.0765 -0.079 -0.078 -0.0785 -0.0765 -0.08 -0.071 -0.0813333333333333 -0.08 -0.078 -0.073 -0.076 -0.074 -0.075 -0.083 -0.087 -0.08 -0.074 -0.08 -0.082 -0.068 -0.069
-9999 -9999 -9999 -9999 -9999 -9999 -9999 -9999 -9999 -9999 -9999 -9999 -9999 -9999 -9999 -9999 -9999 -9999 -9999 -0.02 -0.0275 -0.036 -0.04 -0.044 -0.043 -0.046 -0.044 -0.045 -0.045 -0.048 -0.043 -0.045 -0.051 -0.054 -0.055 -0.057 -0.056 -0.06 -0.059 -0.054 -0.052 -0.051 -0.053 -0.06 -0.043 -0.062 -0.063 -0.064 -0.059 -0.067 -0.066 -0.07 -0.073 -0.076 -0.077 -0.077 -0.077 -0.075 -0.08 -0.0775 -0.065 -0.0695 -0.0685 -0.066 -0.0685 -0.06 -0.0605 -0.0625 -0.0805 -0.077 -0.08 -0.066 -0.071 -0.0705
-9999 -9999 -9999 -9999 -9999 -9999 -9999 -9999 -9999 -9999 -9999 -9999 -9999 -9999 -9999 -9999 -9999 -9999 -9999 -0.031 -0.027 -0.0365 -0.047 -0.049 -0.052 -0.051 -0.051 -0.048 -0.05 -0.042 -0.048 -0.048 -0.049 -0.052 -0.054 -0.055 -0.063 -0.063 -0.057 -0.053 -0.058 -0.048 -0.052 -0.053 -0.054 -0.048 -0.038 -0.065 -0.06 -0.063 -0.066 -0.067 -0.069 -0.073 -0.075 -0.073 -0.072 -0.073 -0.08 -0.069 -0.067 -0.062 -0.059 -0.059 -0.062 -0.062 -0.06 -0.066 -0.074 -0.08 -0.08 -0.081 -0.073 -0.0745
-9999 -9999 -9999 -9999 -9999 -9999 -9999 -9999 -9999 -9999 -9999 -9999 -9999 -9999 -9999 -9999 -9999 -9999 -9999 -0.034 -0.032 -0.0425 -0.047 -0.052 -0.054 -0.059 -0.057 -0.052 -0.045 -0.047 -0.046 -0.048 -0.053 -0.054 -0.055 -0.062 -0.061 -0.062 -0.065 -0.059 -0.056 -0.05 -0.046 -0.05 -0.046 -0.039 -0.04 -0.055 -0.067 -0.063 -0.065 -0.066 -0.067 -0.071 -0.07 -0.07 -0.071 -0.072 -0.071 -0.07 -0.063 -0.06 -0.057 -0.062 -0.062 -0.063 -0.062 -0.067 -0.07 -0.079 -0.077 -0.076 -0.073 -0.0685
-9999 -9999 -9999 -9999 -9999 -9999 -9999 -9999 -9999 -9999 -9999 -9999 -9999 -9999 -9999 -9999 -9999 -9999 -0.03 -0.037 -0.036 -0.0455 -0.055 -0.058 -0.057 -0.062 -0.06 -0.045 -0.044 -0.045 -0.045 -0.046 -0.052 -0.052 -0.0585 -0.064 -0.068 -0.07 -0.067 -0.067 -0.054 -0.053 -0.042 -0.046 -0.042 -0.036 -0.033 -0.037 -0.033 -0.068 -0.064 -0.064 -0.063 -0.067 -0.073 -0.067 -0.069 -0.066 -0.061 -0.06 -0.061 -0.06 -0.058 -0.063 -0.063 -0.055 -0.068 -0.068 -0.068 -0.072 -0.072 -0.07 -0.068 -0.063
-9999 -9999 -9999 -9999 -9999 -9999 -9999 -9999 -9999 -9999 -9999 -9999 -9999 -9999 -9999 -9999 -9999 -9999 -0.034 -0.048 -0.037 -0.038 -0.0325 -0.045 -0.052 -0.068 -0.04 -0.053 -0.045 -0.044 -9999 -9999 -0.049 -0.054 -0.056 -0.068 -0.073 -0.072 -0.071 -0.068 -0.058 -0.052 -0.043 -0.042 -0.037 -0.032 -0.028 -0.033 -0.0315 -0.038 -0.022 -0.068 -0.062 -0.067 -0.067 -0.063 -0.063 -0.063 -0.062 -0.063 -9999 -0.0585 -0.067 -0.063 -0.058 -0.069 -0.071 -0.07 -0.067 -0.068 -0.066 -0.064 -0.061 -0.06
