data/derived/r_sen_presp.asc
NCOLS 186 
NROWS 74 
XLLCORNER 443300.206538099 
YLLCORNER 4085841.77455235 
CELLSIZE 500 
NODATA_value -9999 
[rows 33 to 65 of 74, columns 73 to 145 of 186]
-4.628 -4.498 -4.418 -4.364 -4.247 -5.202 -5.216 -5.302 -5.446 -5.572 -5.452 -5.522 -5.762 -5.892 -5.872 -5.916 -5.998 -5.625 -5.27 -5.335 -5.565 -5.887 -5.53 -5.17 -5.333 -5.3065 -5.252 -5.083 -5.388 -3.945 -3.803 -3.642 -3.458 -3.21 -2.94 -2.609 -1.846 -2.037 -1.2125 -1.097 -1.058 -1.003 -1.142 -1.032 -0.647 -0.043 0.098 0.332 0.565 0.493 1.376 1.518 1.74 1.692 1.613 1.433 1.802 1.734 1.645 1.425 1.642 1.435 1.421 1.389 1.293 1.787 1.785 1.313 1.168 1.377 1.047 0.835 0.737
-4.51 -4.662 -4.72 -4.716 -4.654 -5.107 -5.383 -5.628 -5.66 -5.694 -5.674 -5.698 -5.808 -6.017 -6.038 -6.064 -6.118 -6.278 -6.452 -6.42 -6.83 -5.873 -5.77 -5.137 -5.187 -5.523 -5.69 -5.547 -5.407 -3.725 -3.605 -3.412 -3.153 -2.739 -1.783 -1.801 -1.867 -2.042 -1.829 -1.31 -0.791 -0.849 -0.924 -0.519 -0.429 -0.383 -0.406 0.52 0.492 1.282 1.29 1.324 1.323 1.344 1.486 1.576 1.554 1.494 1.554 1.676 1.476 1.688 1.67 1.579 1.149 1.17 1.795 1.645 1.448 1.3 1.192 1.103 0.983
-4.593 -4.636 -4.714 -4.758 -4.884 -5.14 -5.118 -5.413 -5.308 -5.662 -5.574 -5.588 -5.822 -5.863 -5.878 -5.836 -5.866 -6.032 -6.302 -6.614 -6.522 -6.025 -5.7 -5.17 -4.977 -5.423 -6.015 -6.29 -5.727 -3.398 -3.215 -3.083 -2.797 -1.91 -2.165 -2.147 -2.256 -2.013 -1.7 -1.196 -1.022 -1.01 -0.627 -0.427 -0.34 -0.386 -0.18 0.012 0.235 1.402 1.482 1.452 1.308 1.343 1.314 1.306 1.394 1.374 1.397 1.47 1.486 1.52 1.521 1.518 1.653 1.2705 1.204 1.1 1.69 1.575 1.442 1.345 1.2
-3.366 -3.476 -3.407 -3.692 -5.168 -5.094 -5.07 -5.022 -4.818 -5.38 -5.414 -5.384 -5.638 -5.658 -5.675 -5.64 -5.556 -5.778 -6.056 -6.388 -6.274 -5.855 -5.707 -5.117 -4.573 -5.343 -5.74 -6.17 -5.563 -3.025 -2.833 -2.668 -2.492 -2.1 -1.548 -1.58 -2.07 -1.897 -1.573 -1.303 -1.2615 -0.819 -0.669 -0.409 -0.301 -0.267 0.235 0.582 0.426 1.48 1.544 1.584 1.438 1.2315 1.19 1.236 1.297 1.23 1.271 1.333 1.344 1.324 1.422 1.42 1.467 1.538 1.6485 1.362 1.41 0.977 1.19 1.448 1.516
-3.257 -3.424 -3.8035 -3.9575 -3.766 -3.6745 -4.249 -4.6045 -4.132 -4.1615 -4.529 -4.681 -5.2 -5.137 -4.9765 -4.813 -4.3215 -5.544 -5.889 -6.168 -6.146 -5.6465 -5.2365 -4.885 -4.2865 -5 -5.13 -5.78 -4.47 -3.6235 -3.0585 -1.5325 -1.394 -1.606 -1.5015 -1.7885 -1.8245 -1.811 -1.4755 -1.2105 -0.85725 -0.741 -0.4455 -0.3565 -0.226 0.0925 0.4175 0.215 0.398 1.4845 1.288 1.532 1.39 1.2485 1.3 1.288 1.277 1.301 1.317 1.254 1.317 1.417 1.54 1.493 1.414 1.3745 1.4405 1.441 1.4 1.396 1.339 1.2495 1.1985
-3.21 -3.4 -4.09 -3.762 -3.707 -3.61 -3.292 -3.46 -3.508 -3.768 -4.43 -4.664 -4.84 -4.664 -4.496 -3.8235 -3.63 -4.232 -4.84 -4.944 -5.074 -3.878 -3.149 -4.892 -3.908 -4.023 -4.567 -5.05 -3.15 -3.288 -2.288 -1.65 -1.415 -1.305 -1.514 -1.583 -1.64 0.22 0.455 -1.124 -0.881 -0.5475 0.15 0.1 0.017 0.462 0.214 0.514 0.728 0.978 1.309 1.55 1.462 1.296 1.292 1.47 1.466 1.294 1.358 1.356 1.424 1.55 1.595 1.59 1.502 1.412 1.44 1.2885 1.472 1.366 1.466 1.376 1.402
-3.235 -3.875 -4.2525 -3.67 -3.817 -3.298 -3.308 -3.425 -2.835 -4.157 -4.35 -4.606 -4.768 -4.618 -4.408 -3.5475 -2.95 -3.67 -4.442 -4.34 -4.372 -3.455 -3.105 -3.126 -2.683 -2.655 -3.095 -3.293 -3.1465 -3.617 -2.043 -1.762 -1.619 -1.345 -1.427 -1.404 -1.439 0.528 -9999 -0.785 -0.768 -0.0725 0.492 0.283 0.308 0.576 0.198 0.462 0.776 0.774 1.18 1.536 1.454 1.334 1.295 1.478 1.542 1.44 1.376 1.456 1.47 1.556 1.304 1.325 1.561 1.426 1.514 1.336 1.132 1.356 1.364 1.408 1.448
-3.402 -3.967 -4.433 -3.8415 -3.883 -3.425 -3.248 -2.85 -2.827 -3.855 -4.337 -4.478 -4.652 -4.556 -4.4 -4.188 -2.987 -3.162 -4.032 -4.083 -3.64 -3.12 -3.091 -3.117 -2.748 -2.74 -2.675 -3.168 -2.94 -2.96 -1.858 -1.593 -1.886 -1.593 -1.419 -1.317 0.027 0.293 -9999 -0.483 -0.36 0.205 0.5035 0.462 0.457 0.322 0.426 0.602 1.035 1.044 1.015 1.356 1.488 1.374 1.254 1.424 1.276 1.464 1.434 1.454 1.546 1.427 1.097 0.884 1.451 1.408 1.451 1.137 1.121 0.777 0.498 0.466 0.466
-3.412 -3.992 -4.483 -3.786 -3.677 -3.257 -3.05 -2.845 -3.588 -3.638 -3.658 -3.775 -4.018 -4.424 -4.264 -4.132 -3.0625 -2.975 -3.403 -3.758 -3.082 -3.076 -3.065 -3.08 -2.6 -2.982 -2.293 -2.675 -2.01 -1.6775 -1.658 -1.408 -1.737 -1.686 -1.46 -1.223 -0.733 0.082 -9999 -0.065 0.045 0.625 0.605 0.623 0.637 0.268 0.612 0.806 1.02 1.249 0.814 1.195 1.482 1.41 1.274 1.422 1.23 1.237 1.506 1.514 1.318 1.194 0.831 0.971 1.289 1.35 1.066 0.91 0.935 0.758 0.518 0.562 0.538
-3.277 -3.825 -4.18 -3.913 -3.35 -2.891 -2.859 -2.81 -3.785 -3.747 -3.8 -3.983 -3.86 -3.776 -3.52 -3.5 -3.0445 -2.95 -3.048 -3.24 -3.085 -3.042 -3.024 -3.03 -2.995 -2.921 -2.991 -2.575 -1.838 -1.6935 -1.463 -1.247 -1.55 0.03 -0.008 -0.995 -0.973 -0.388 -9999 -9999 0.457 -9999 0.469 0.558 0.518 0.362 0.672 0.948 0.716 0.575 0.682 0.979 1.297 1.478 1.342 1.425 1.149 0.939 1.293 1.315 1.045 0.88 0.621 0.747 1.083 1.082 0.936 0.89 1.2085 1.012 0.576 0.536 0.482
-2.915 -3.822 -3.905 -3.323 -2.9265 -2.867 -2.812 -3.532 -3.81 -3.86 -3.916 -3.892 -3.724 -3.65 -3.44 -3.184 -2.963 -3.525 -3.018 -3.073 -3.037 -3.265 -3.555 -3.36 -2.968 -2.492 -2.945 -2.994 -3.038 -1.587 -1.373 -1.088 -0.985 0.454 0.355 -0.852 -0.732 -0.1 -9999 -9999 -9999 -9999 0.372 0.328 0.284 0.392 0.622 0.86 1.001 0.93 0.664 0.795 1.018 1.465 1.404 1.426 1.244 0.9 1.171 0.971 0.946 1.061 1.153 0.693 0.936 1.052 1.012 0.974 1.094 1.2925 0.857 0.534 0.56
-2.934 -3.845 -3.383 -2.955 -2.9025 -2.835 -3.407 -3.778 -3.575 -3.768 -3.732 -3.694 -3.55 -3.444 -3.218 -3.006 -3.027 -3.0265 -2.964 -3.053 -3.4 -3.496 -3.504 -3.435 -2.984 -2.597 -2.583 -2.565 -3.016 -1.415 -1.24 -1.204 -1.163 0.38 0.4 -0.462 -0.45 0.088 -9999 -9999 -9999 0.2 0.208 0.283 0.374 0.512 0.706 0.982 0.805 1 0.641 0.779 1.154 1.33 1.46 1.504 1.0855 0.892 0.874 0.787 0.616 0.426 1.121 0.539 0.727 0.969 1.102 0.99 1.078 1.396 1.1 0.624 0.596
-2.915 -3.433 -2.971 -2.931 -2.859 -2.874 -3.722 -3.48 -3.582 -3.552 -3.566 -3.558 -3.272 -3.112 -3.016 -3.052 -3.168 -2.848 -2.903 -2.963 -2.908 -3.306 -3.358 -3.548 -2.987 -2.673 -2.698 -2.652 -2.592 -1.505 -1.396 -1.3175 -0.328 0.355 0.115 -0.1 -0.01 0.05 0.255 -9999 -9999 -9999 0.388 0.42 0.454 0.644 0.816 1.006 0.701 0.558 0.614 0.742 0.87 1.175 1.405 1.291 1.086 0.928 0.811 0.696 0.541 0.33 1.117 0.487 0.679 0.814 1.029 1.012 1.042 1.452 1.261 0.634 0.588
-2.935 -3.207 -2.886 -2.873 -2.823 -3.1865 -3.76 -3.292 -3.325 -3.175 -3.45 -3.282 -3.008 -2.953 -3.05 -3.177 -2.84 -2.794 -2.9105 -2.958 -2.905 -2.842 -2.838 -3.356 -3.315 -2.758 -2.777 -2.697 -2.738 -3.041 -1.15 -0.882 -0.922 -0.392 0.113 0.363 0.164 0.427 0.442 -9999 -9999 -9999 0.223 0.522 0.59 0.724 0.894 0.796 1.23 0.525 0.567 0.685 0.818 1.06 1.121 1.002 0.99 0.8815 0.687 0.6 0.431 1.176 0.417 0.487 0.726 0.85 0.938 0.928 1.26 1.472 1.035 0.668 0.658
-2.878 -3.347 -2.882 -2.813 -2.892 -3.338 -3.5025 -3.108 -3.132 -3.188 -3.154 -3.028 -3.002 -3.15 -3.215 -2.852 -2.802 -2.826 -2.912 -2.981 -2.919 -2.838 -1.624 -2.861 -2.858 -1.6 -2.86 -2.713 -2.805 -0.694 -0.72 -0.175 -0.2815 -0.538 -0.05 0.135 0.295 0.195 0.247 -9999 -9999 0.434 0.111 0.292 0.653 0.82 0.751 0.609 1.369 0.441 0.502 0.628 0.746 1.117 0.96 0.914 0.895 0.7915 0.565 0.438 1.434 0.294 0.273 0.493 0.496 0.649 0.816 0.954 1.178 1.568 1.375 0.734 0.37
-2.845 -3.242 -2.863 -2.805 -3.775 -3.838 -3.4035 -2.864 -2.882 -2.994 -3.05 -3.017 -3.16 -2.816 -2.847 -2.82 -1.778 -2.845 -2.957 -2.9635 -2.948 -2.911 -1.522 -1.63 -2.868 -1.508 -1.796 -2.16 -0.454 -0.612 -0.55 -0.237 -0.201 -0.215 0.067 0.292 0.294 -0.012 0.179 -9999 -9999 -9999 0.579 0.12 0.375 0.556 0.565 0.38 1.384 0.336 0.41 0.521 0.71 1.204 0.745 0.753 0.742 0.694 0.491 0.196 1.411 0.087 0.074 0.143 0.214 0.339 0.567 0.799 1.04 1.48 1.502 1.0305 -0.045
-3.01 -2.837 -3.242 -3.598 -3.409 -3.25 -3.04133333333333 -2.94 -3.064 -3.1165 -3.0155 -3.0655 -2.872 -2.3195 -1.785 -1.703 -1.565 -2.9225 -2.974 -2.94866666666667 -2.90766666666667 -2.1935 -1.6105 -1.679 -1.611 -1.7 -1.9935 -1.925 -2.1015 -0.36 -0.393 -0.292 0.482666666666667 0.475666666666667 0.135 0.321 0.22 0.124 0.165 0.429 -9999 -9999 0.643 -0.0645 0.1165 0.241666666666667 0.175666666666667 0.851 0.91 0.191 0.263 0.229 1.143 1.3485 1.143 0.876 0.982 0.9725 0.846 0.815666666666667 0.83 -0.2405 -0.0905 0.321 0.704 0.539 0.358 0.611 0.979 1.178 1.572 1.094 0.0656666666666667
-3.035 -3.518 -3.227 -3.002 -2.868 -2.982 -3.098 -2.3425 -2.863 -2.943 -2.95 -2.915 -1.99 -1.552 -1.863 -1.726 -1.602 -2.95 -2.94 -2.917 -1.976 -1.593 -1.906 -2.171 -1.96 -1.856 -2.156 -1.703 -1.95 -0.451 -0.373 -0.34 0.547 0.548 0.162 -0.272 -0.424 0.332 0.103 0.568 -9999 -9999 -9999 0.259 -0.1 0.013 0.3895 1.239 -9999 -9999 -9999 0.82 1.51 0.969 0.409 0.661 0.271 -0.44 -0.604 -0.0715 0.156 0.08 0.424 0.463 0.363 0.324 0.376 0.479 0.713 0.902 0.982 1 0.9985
-3.064 -3.14 -3 -3.118 -2.88 -2.821 -2.88 -1.834 -2.262 -3.007 -2.974 -2.31 -1.529 -1.787 -2.143 -1.623 -2.08 -2.51 -2 -1.506 -1.526 -1.5905 -2.006 -2.073 -2.169 -1.921 -2.196 -1.578 -0.879 -0.497 -0.456 -0.41 0.437 0.522 0.19 -0.382 -0.471 -0.486 -0.489 -9999 -9999 -9999 -9999 -9999 0.386 0.253 -9999 -9999 -9999 -9999 -9999 -9999 0.987 0.504 -0.107 -0.421 -0.581 -0.328 -0.188 -0.033 -0.79 -0.731 -0.658 -0.621 -0.528 -0.477 -0.324 -0.124 0.194 0.493 0.82 0.961 1.0845
-3.177 -3.297 -3.02 -2.95 -2.899 -1.588 -1.617 -1.841 -2.304 -3.04 -2.52 -1.572 -1.811 -1.99 -2.332 -1.799 -1.529 -1.521 -1.637 -1.652 -1.727 -1.8155 -2.021 -1.973 -1.825 -2.127 -2.239 -1.87 -0.849 -0.11 -0.543 -0.514 -0.504 0.402 0.085 -0.366 -9999 -9999 -9999 -9999 -9999 -9999 -9999 -9999 -9999 -9999 -9999 -9999 -9999 -9999 -9999 -9999 -9999 0.354 -0.083 -0.648 -0.192 -0.16 -0.743 -1.308 -1.441 -1.447 -1.439 -1.343 -1.323 -1.036 -0.868 -0.587 -0.243 0.106 0.431 0.577 0.84
-3.141 -3.096 -3.035 -2.997 -1.552 -1.922 -2.074 -2.091 -2.3475 -3.085 -1.608 -1.836 -2.028 -2.219 -2.398 -1.98 -1.653 -1.741 -1.862 -1.923 -1.967 -2.09 -2.273 -1.758 -1.093 -2 -1.527 -1.1 -0.836 -0.733 -0.641 -0.58 -0.424 0.226 -0.1 -0.422 -9999 -9999 -9999 -9999 -9999 -9999 -9999 -9999 -9999 -9999 -9999 -9999 -9999 -9999 -9999 -9999 0.53 -0.05 -0.473 -0.454 -0.667 -1.366 -1.449 -1.262 -1.073 -1.125 -1.199 -1.342 -1.344 -1.296 -1.378 -1.017 -0.646 -0.242 -0.001 0.258 0.557
-3.18 -3.137 -3.095 -1.544 -1.914 -2.35 -2.52 -2.149 -1.752 -1.792 -1.822 -2.111 -2.236 -2.474 -1.697 -1.978 -1.793 -2.001 -2.073 -2.213 -2.274 -2.332 -1.9775 -1.069 -1.504 -0.83 -0.835 -1.534 -1.615 -1.572 -0.766 -0.605 -9999 -9999 -9999 -9999 -9999 -9999 -9999 -9999 -9999 -9999 -9999 -9999 -9999 -9999 -9999 -9999 -9999 -9999 -9999 -9999 -9999 -0.183 -0.462 -1.082 -1.484 -1.27 -1.055 -1.116 -1.447 -1.4345 -1.043 -1.167 -1.316 -1.433 -1.243 -1.354 -0.971 -0.69 -0.32 0.01 0.358
-3.206 -3.166 -3.133 -1.83 -2.237 -2.56 -1.433 -2.44 -2.181 -2.0165 -2.108 -2.231 -2.458 -1.84 -2.123 -2.241 -2.034 -2.162 -2.334 -2.055 -0.893 -0.782 -0.7925 -0.797 -1.525 -9999 -9999 -1.617 -0.929 -9999 -0.79 -0.586 -9999 -9999 -9999 -9999 -9999 -9999 -9999 -9999 -9999 -9999 -9999 -9999 -9999 -9999 -9999 -9999 -9999 -9999 -9999 -9999 -9999 -9999 -0.73 -1.306 -1.222 -1.001 -1.264 -1.745 -1.997 -1.907 -1.429 -1.043 -1.115 -1.266 -1.251 -1.121 -0.756 -0.351 -0.407 -0.114 0.146
-3.22 -3.196 -1.776 -2.094 -2.514 -2.023 -1.043 -2.55 -2.646 -2.423 -2.3435 -2.521 -1.987 -0.987 -0.986 -2.38 -2.13 -1.425 -1.209 -0.84 -0.768 -0.768 -9999 -1.494 -9999 -9999 -9999 -0.874 -9999 -9999 -9999 -9999 -9999 -9999 -9999 -9999 -9999 -9999 -9999 -9999 -9999 -9999 -9999 -9999 -9999 -9999 -9999 -9999 -9999 -9999 -9999 -9999 -9999 -9999 -9999 -9999 -9999 -9999 -9999 -9999 -9999 -9999 -1.844 -1.288 -1.004 -1.183 -0.963 -1.144 -0.817 -0.456 -0.04 -0.06 -0.014
-3.197 -1.84 -2.009 -2.353 -2.677 -1.593 -0.696 -0.97 -1.945 -2.587 -2.403 -1.517 -0.965 -1.076 -1.099 -1.718 -1.26 -1.179 -0.983 -0.761 -9999 -9999 -9999 -9999 -9999 -9999 -9999 -9999 -9999 -9999 -9999 -9999 -9999 -9999 -9999 -9999 -9999 -9999 -9999 -9999 -9999 -9999 -9999 -9999 -9999 -9999 -9999 -9999 -9999 -9999 -9999 -9999 -9999 -9999 -9999 -9999 -9999 -9999 -9999 -9999 -9999 -9999 -1.732 -1.395 -1.01 -1.143 -0.733 -0.949 -0.946 -0.551 -0.146 -0.367 -0.138
-2.05 -2.03 -2.211 -2.536 -2.82 -1.6 -1.115 -0.725 -1.091 -1.52 -1.9825 -0.977 -9999 -9999 -1.116 -1.143 -1.154 -1.073 -0.827 -0.768 -9999 -9999 -9999 -9999 -9999 -9999 -9999 -9999 -9999 -9999 -9999 -9999 -9999 -9999 -9999 -9999 -9999 -9999 -9999 -9999 -9999 -9999 -9999 -9999 -9999 -9999 -9999 -9999 -9999 -9999 -9999 -9999 -9999 -9999 -9999 -9999 -9999 -9999 -9999 -9999 -9999 -9999 -9999 -9999 -9999 -0.754 -0.689 -9999 -9999 -0.57 -0.194 -9999 -9999
-1.883 -2.229 -2.484 -2.729 -2.242 -1.335 -1.125 -0.69 -0.683 -1.3 -1.66 -1.0145 -9999 -9999 -9999 -1.007 -1.037 -0.746 -0.771 -9999 -9999 -9999 -9999 -9999 -9999 -9999 -9999 -9999 -9999 -9999 -9999 -9999 -9999 -9999 -9999 -9999 -9999 -9999 -9999 -9999 -9999 -9999 -9999 -9999 -9999 -9999 -9999 -9999 -9999 -9999 -9999 -9999 -9999 -9999 -9999 -9999 -9999 -9999 -9999 -9999 -9999 -9999 -9999 -9999 -9999 -9999 -9999 -9999 -9999 -9999 -9999 -9999 -9999
-2.124 -2.321 -2.57 -2.648 -1.875 -1.272 -0.645 -0.659 -0.674 -1.179 -1.12 -0.98 -9999 -9999 -9999 -9999 -0.732 -9999 -9999 -9999 -9999 -9999 -9999 -9999 -9999 -9999 -9999 -9999 -9999 -9999 -9999 -9999 -9999 -9999 -9999 -9999 -9999 -9999 -9999 -9999 -9999 -9999 -9999 -9999 -9999 -9999 -9999 -9999 -9999 -9999 -9999 -9999 -9999 -9999 -9999 -9999 -9999 -9999 -9999 -9999 -9999 -9999 -9999 -9999 -9999 -9999 -9999 -9999 -9999 -9999 -9999 -9999 -9999
-2.3805 -2.455 -2.575 -2.1765 -1.3575 -1.1965 -0.638 -0.669 -0.727 -1.0595 -1.075 -0.9685 -1.041 -9999 -9999 -9999 -9999 -9999 -9999 -9999 -9999 -9999 -9999 -9999 -9999 -9999 -9999 -9999 -9999 -9999 -9999 -9999 -9999 -9999 -9999 -9999 -9999 -9999 -9999 -9999 -9999 -9999 -9999 -9999 -9999 -9999 -9999 -9999 -9999 -9999 -9999 -9999 -9999 -9999 -9999 -9999 -9999 -9999 -9999 -9999 -9999 -9999 -9999 -9999 -9999 -9999 -9999 -9999 -9999 -9999 -9999 -9999 -9999
-2.135 -2.268 -2.287 -1.98 -1.19 -1.017 -9999 -9999 -0.858 -0.945 -1.019 -9999 -9999 -9999 -9999 -9999 -9999 -9999 -9999 -9999 -9999 -9999 -9999 -9999 -9999 -9999 -9999 -9999 -9999 -9999 -9999 -9999 -9999 -9999 -9999 -9999 -9999 -9999 -9999 -9999 -9999 -9999 -9999 -9999 -9999 -9999 -9999 -9999 -9999 -9999 -9999 -9999 -9999 -9999 -9999 -9999 -9999 -9999 -9999 -9999 -9999 -9999 -9999 -9999 -9999 -9999 -9999 -9999 -9999 -9999 -9999 -9999 -9999
-2.144 -1.608 -1.598 -1.46 -9999 -9999 -9999 -9999 -9999 -9999 -9999 -9999 -9999 -9999 -9999 -9999 -9999 -9999 -9999 -9999 -9999 -9999 -9999 -9999 -9999 -9999 -9999 -9999 -9999 -9999 -9999 -9999 -9999 -9999 -9999 -9999 -9999 -9999 -9999 -9999 -9999 -9999 -9999 -9999 -9999 -9999 -9999 -9999 -9999 -9999 -9999 -9999 -9999 -9999 -9999 -9999 -9999 -9999 -9999 -9999 -9999 -9999 -9999 -9999 -9999 -9999 -9999 -9999 -9999 -9999 -9999 -9999 -9999
-1.7135 -1.76 -1.315 -9999 -9999 -9999 -9999 -9999 -9999 -9999 -9999 -9999 -9999 -9999 -9999 -9999 -9999 -9999 -9999 -9999 -9999 -9999 -9999 -9999 -9999 -9999 -9999 -9999 -9999 -9999 -9999 -9999 -9999 -9999 -9999 -9999 -9999 -9999 -9999 -9999 -9999 -9999 -9999 -9999 -9999 -9999 -9999 -9999 -9999 -9999 -9999 -9999 -9999 -9999 -9999 -9999 -9999 -9999 -9999 -9999 -9999 -9999 -9999 -9999 -9999 -9999 -9999 -9999 -9999 -9999 -9999 -9999 -9999
-1.293 -9999 -9999 -9999 -9999 -9999 -9999 -9999 -9999 -9999 -9999 -9999 -9999 -9999 -9999 -9999 -9999 -9999 -9999 -9999 -9999 -9999 -9999 -9999 -9999 -9999 -9999 -9999 -9999 -9999 -9999 -9999 -9999 -9999 -9999 -9999 -9999 -9999 -9999 -9999 -9999 -9999 -9999 -9999 -9999 -9999 -9999 -9999 -9999 -9999 -9999 -9999 -9999 -9999 -9999 -9999 -9999 -9999 -9999 -9999 -9999 -9999 -9999 -9999 -9999 -9999 -9999 -9999 -9999 -9999 -9999 -9999 -9999
