data/derived/r_sen_pre_snow.asc
NCOLS 186 
NROWS 74 
XLLCORNER 443300.206538099 
YLLCORNER 4085841.77455235 
CELLSIZE 500 
NODATA_value -9999 
[rows 34 to 67 of 74, columns 76 to 151 of 186]
6.322 5.716 5.257 5.405 5.604 5.356 4.673 4.947 5.354 5.302 6.3715 4.906 4.057 3.932 5.468 5.252 4.579 8.755 8.015 6.017 4.619 3.693 5.164 4.788 6.26 6.413 7.65 8.125 7.965 5.18 2.004 1.633 1.57 1.234 0.552 3.05 5.575 5.795 3.585 1.538 2.609 3.395 3.69 0.836 1.089 1.119 1.461 1.318 1.459 1.5795 1.215 -1.476 -1.133 -1.17 -1.759 0.673 -0.079 -1.117 2.07 -0.215 1.37 -0.16 3.2465 2.284 0.638 1.77 1.425 1.659 0.771 1.054 0.925 0.72 0.656 0.272 -0.605 -0.2535
6.545 5.413 3.731 3.704 4.125 5.703 5.681 5.106 6.836 6.855 5.8315 3.929 2.726 2.987 5.196 6.631 8.703 7.433 6.224 5.66 3.805 4.13 4.86 7.2525 9.687 7.059 6.829 5.735 6.412 4.981 1.32 1.408 1.112 0.267 1.224 0.927 5.0775 3.815 3.721 1.892 3.413 2.983 2.777 0.473 -0.42 -0.095 1.042 -1 -0.588 0.649 3.58 1.537 1.463 4.285 1.74 1.829 3.851 3.077 2.65 0.77 -0.643 0.396 1.2945 2.024 0.715 1.48 1.396 1.2 0.058 1.557 -0.193 0.03 0.48 -0.394 -0.141 -0.1255
4.609 6.233 6.063 7.142 7.197 5.45 4.832 6.366 4.02 5.743 5.36 4.7 3.877 2.786 3.178 6.713 7.967 6.753 6.126 4.037 3.444 2.616 4.969 6.499 8.226 6.65 3.019 3.4 3.093 4.501 3.797 0.743 1.875 -0.113 0.481 1.352 4.05 2.8485 2.019 -0.349 0.3 0.18 -0.035 1.107 1.453 0.747 -0.153 0.173 0.219 0.04 1.641 0.316 1.728 2.817 0.057 0.73 0.945 0.101 -1.75 0.65 -1.237 -1.803 2.41 0.8685 1.953 0.926 -0.512 -0.028 -0.899 -0.2 -0.308 -0.31 -1.861 -2.09 -2.136 -1.346
4.239 5.2125 4.904 6.1845 5.3665 4.513 4.587 4.5025 4.494 7.156 5.6505 5.02975 4.507 3.468 3.031 5.17 7.3495 7.473 4.179 3.226 2.66 1.6675 3.878 2.774 6.1065 7.045 4.6305 1.9995 1.6115 1.9025 3.587 1.669 2.063 0.224 0.674 1.313 2.4525 1.26925 0.055 -1.391 -0.895 -0.3285 -0.2905 0.7325 -2.1965 -2.806 -2.073 -2.3795 -1.5685 -0.8205 -0.61525 -0.714 -0.6565 -0.405 -0.358 -0.04 -0.2685 0.349 1.0795 0.3505 0.058 -0.413 0.4025 0.405 -0.857 -3.215 -2.376 -3.6115 -1.913 -1.4415 -1.7565 -2.1155 -2.25 -1.779 -2.0835 -2.6775
5.488 5.359 5.239 4.742 4.275 5.108 5.777 3.842 6.469 7.871 5.273 6.233 2.74 3.784 6.671 4.187 4.544 4.025 3.293 1.432 2.321 0.674 0.544 2.113 2.67 7.1605 5.978 1.81 1.183 1.701 1.443 3.012 1.972 0.112 1.393 0.413 0.063 2.707 -1.8235 -3.908 -1.452 -1.243 -0.386 -4.099 -1.754 -2.64 -0.09 -2.147 -3.465 -2.631 -0.939 -0.248 -0.558 -0.573 0.602 1.847 1.167 2.107 0.752 0.274 -0.212 -0.356 -0.228 -0.254 -1.1765 -1.074 -0.068 -1.98 -3.796 -3.433 -3.085 -0.264 -0.855 -0.878 -1.74 -1.87
4.517 5.194 4.638 4.775 4.635 5.015 4.688 3.4 5.609 7.653 5.343 6.48 2.131 0.57 2.994 8.383 5.8 7.026 3.543 2.281 2.223 0.52 1.113 -0.133 2.679 2.5035 1.946 2.434 -0.222 -1.217 0.831 1.477 2.659 1.225 -0.861 -9999 -1.413 1.225 -2.5795 -3.061 -1.446 -0.403 -0.93 -1.013 -3.496 -2.647 -0.183 -3.477 -2.44 -1.42 -1.21 -0.6585 -0.067 1.096 1.367 1.324 1.734 1.004 2.481 2.077 0.902 0.118 -0.661 -1.627 -0.1915 -2.728 -3.489 -3.548 -3.18 -3.354 -3.261 -1.486 -1.217 0.77 0.415 0.398
4.841 4.879 4.685 3.782 4.632 3.689 2.148 4.916 7.552 7.1 5.786 5.758 5.724 1.496 2.55 6.747 6.673 5.675 1.395 1.986 1.842 0.809 2.295 0.739 1.278 2.463 2.218 1.67 1.193 0.583 -0.378 1.753 1.428 -0.525 1.264 -9999 -0.925 -1.22 -0.672 -1.744 -2.103 -0.115 -1.616 -3.101 -3.053 -2.853 0.396 -0.579 -2.602 -1.983 -1.031 0.026 0.603 1.708 3.33 3.092 3.48 3.051 2.788 1.755 0.856 1.641 -0.592 -1.312 -1.59 -2.7065 -3.602 -2.974 -4.242 -2.52 -2.573 -1.614 -0.257 -0.168 0.777 0.172
4.1185 4.568 4.165 4.293 3.222 1.09 3.47 5.28 6.164 7.816 7.674 6.647 5.997 1.25 0.189 4.083 5.923 1.435 1.732 1.58 1.436 1.547 1.338 1.472 -0.563 -0.1 1.322 2.277 1.92 1.019 -0.494 -0.426 1.982 0.064 1.24 -9999 0.892 -0.654 1.057 -2.1885 -3.169 -0.733 -3.645 -4.083 -0.301 -0.9 0.629 0.472 -0.025 -0.713 -1.727 -0.221 0.383 1.864 2.416 3.513 4.009 2.768 2.063 1.614 0.931 0.576 -1.538 -0.533 -0.774 -3.413 -3.612 -3.147 -3.085 -3.49 -1.478 -1.743 -1.79 -0.903 0.899 1.26
4.166 3.454 3.158 3.469 -0.402 -1.148 2.863 4.994 5.902 7.4 8.98 6.975 1.313 1.441 1.162 1.354 3.805 1.737 0.903 0.051 1.187 0.932 1.008 1.366 -0.158 -0.254 1.026 1.987 1.954 0.566 1.358 0.628 -0.079 0.259 1.261 -9999 -9999 0.472 -9999 -2.6155 -2.842 -2.127 -3.832 -2.055 -1.085 0.45 0.616 0.522 0.412 -0.838 -0.58 -0.804 0.7725 1.985 2.46 3.537 3.725 2.603 2 1.723 1.847 0.723 0.128 -0.794 -0.675 -1.825 -2.49 -2.425 -2.95 -3.389 -3.687 -4.241 -2.844 -1.533 0.65 0.991
3.352 2.5715 0.49 -0.608 -1.61 -1.79 0.27 3.963 4.838 7.747 8.627 7.583 0.532 -1.166 0.345 -0.573 2.064 1.204 0.623 0.882 1.227 1.243 0.887 1.072 -0.075 0.134 1.36 1.159 1.126 1.559 1.164 1.075 1.453 0.843 1.395 -9999 -9999 -9999 -9999 -3.524 -3.549 -4.022 -3.747 -4.72 -1.658 -0.932 0.482 0.567 0.715 0.685 -0.246 -0.468 1.124 2.218 2.315 2.693 2.475 2.367 1.822 1.739 1.674 0.37 0.086 -0.076 -0.377 -1.425 -2.5435 -2.465 -3.017 -2.286 -2.429 -4.106 -2.993 -2.942 -2.488 -1.357
3.383 1.639 -0.632 -2.231 -1.467 -0.246 0.639 2.916 6 6.736 7.964 3.319 0.84 -1.036 1.2685 -1.5 0.337 0.244 2.699 2.116 1.49 2.78 0.976 0.898 0.928 1.78 0.514 0.481 1.194 0.531 1.057 0.163 0.246 -0.69 -0.697 -9999 -9999 -9999 1.097 -0.288 -1.4075 -5.617 -5.12 -0.712 -2.375 0.086 0.307 -0.11 0.688 0.146 -0.904 -0.502 0.203 1.253 1.618 2.216 2.879 1.527 1.49 1.615 1.018 1.198 0.693 0.466 0.123 -1.248 -1.064 -1.637 -1.808 -1.981 -1.889 -2.424 -2.695 -2.971 -2.327 -1.501
3.132 -1.553 -1.9875 -1.442 0.017 -1.129 -2.713 2.204 5.62 3.24 3.233 1.691 -1.211 1.545 3.095 2.549 0.825 1.076 2.052 1.943 1.592 2.495 1.795 1.334 1.414 1.542 1.455 1.247 0.4965 1.987 -0.128 -0.353 -0.387 -0.737 -0.035 0.087 -9999 -9999 -9999 0.956 -0.397 -2.4765 -1.497 -1.206 -2.25 0.647 0.565 -0.332 0.418 0.286 -0.77 -0.724 -0.405 0.245 1.2555 1.691 1.487 0.575 0.364 0.9 0.88 0.767 0.726 -0.247 -0.07 -0.866 -1.184 -1.229 -1.742 -1.808 -0.883 -2.507 -2.685 -1.551 -1.365 1.68
-0.13 -2.581 -2.999 -1.073 0.46 0.034 -0.028 2.342 3.205 -0.005 -1.424 -2.064 3.272 6.118 4.7 2.584 1.927 1.368 2.722 2.305 1.49 2.642 1.662 1.422 0.25 0.856 1.638 2.126 2.2125 1.41 -0.361 0.15 0.264 -0.312 -1.061 -0.762 -9999 -9999 -9999 -0.294 0.48 -1.9955 -1.06 -2.22 -0.14 0.582 -0.072 -0.818 0.274 0.297 0.107 -0.469 -0.507 -0.495 -0.16 -0.402 -0.702 -0.252 0.047 0.749 -0.12 -0.289 -0.324 -0.391 -0.907 -0.8 -1.052 -0.6525 -1.248 -1.578 -1.008 -2.074 -2.315 -2.372 -2.362 -1.185
-3.464 -2.249 -2.58 -1.898 1.302 1.563 -1.122 -0.24 1.11 0.946 4.295 2.226 4.766 4.693 4.289 3.515 2.364 1.078 2.705 1.695 2.725 2.4 1.612 0.449 0.195 0.328 0.281 0.811 1.77 0.1195 -0.534 -0.531 0.244 -0.39 -0.369 -0.929 -9999 -9999 -0.129 0.089 0.337 -0.199 -1.028 0.124 0.626 0.339 -0.22 -0.871 -0.118 -0.063 -0.433 -0.368 -0.433 -0.17 -1.1545 -0.858 -0.808 -0.595 -0.66 0.295 -0.565 -0.578 -0.362 -0.419 -0.571 -0.754 -0.468 0.0095 -0.38 -0.509 -1.295 -1.54 -2.089 -2.487 -1.646 -0.636
-2.21 -1.768 -2.012 -0.3725 3.815 2.991 -0.028 2.475 -0.943 1.634 4.88 4.89 4.803 3.52 4.48 2.77 2.234 1.84 3.025 0.742 1.697 0.82 0.23 0.238 -0.04 -0.157 0.561 0.383 -0.06 0.125 -0.237 0.162 -0.502 -0.212 0.348 -0.64 -9999 -9999 -9999 -0.506 0.744 0.903 0.4845 0.795 0.046 -0.171 -0.695 -0.702 -0.655 -0.799 0.25 -0.227 -1.097 -0.612 -0.927 -1.2995 -1.143 -1.076 -0.748 -0.407 -0.142 0.483 0.617 0.381 0.8 0.115 0.288 -0.108 -0.3725 -1.138 -0.07 -0.065 -0.646 -1.197 -1.192 1.076
-1.6855 -0.945 0.1605 1.50566666666667 4.75366666666667 4.729 1.378 0.7085 2.308 4.442 5.7465 4.4755 3.8765 3.5575 4.5995 2.081 2.74766666666667 2.99333333333333 2.4305 0.9395 0.52 1.248 0.337 0.6145 -0.061 0.238 -0.003 5e-04 -0.4345 -0.767666666666667 -0.247666666666667 -0.451 -0.089 -0.0795 -0.2375 0.004 -0.087 -9999 -9999 -0.572 -0.0435 -0.2525 -0.00433333333333333 -0.122666666666667 -0.4505 -0.647 -0.56 -0.702 -0.7755 -0.858 -0.8295 -0.807 -1.025 -1.416 -1.493 -1.40733333333333 -0.904666666666667 -0.742 -0.818 -0.705 -0.7205 -0.4355 -0.3255 -0.147 -0.069 -0.025 -0.1775 -0.1295 -0.0866666666666667 -0.150333333333333 -0.1705 -0.465 -0.2495 -0.2455 -0.1645 0.2385
-0.629 2.547 2.339 1.914 4.475 4.855 2.782 1.782 4.306 4.855 4.004 2.753 3.843 4.917 2.73 3.37 2.497 2.415 0.735 0.411 0.252 0.61 0.057 0.081 -0.045 -0.11 0.095 0.114 -0.122 0.061 -0.1235 -0.073 0.03 -0.089 -0.16 -0.086 -0.243 -9999 -9999 -9999 -0.576 -0.359 -0.458 -0.454 -0.632 -9999 -9999 -9999 -0.7 -0.825 -0.912 -1.01 -0.965 -0.944 -1.716 -1.327 -0.622 -0.182 -0.846 -0.628 -0.245 -0.415 -0.329 -0.263 -0.186 -0.107 -0.18 0.367 0.07 -0.326 -0.313 -0.408 -0.57 -0.391 -0.104 -0.008
-0.346 3.778 5.028 4.103 4.797 4.856 2.629 3.224 5.53 5.235 4.097 1.374 4.183 4.981 1.982 3.414 2.668 2.489 1.398 0.637 -0.028 0.175 0.1 0.111 -0.041 -0.095 -0.128 0.179 0.128 0.255 0.194 0.072 -0.143 -0.068 -0.043 -0.107 -9999 -9999 -9999 -9999 -9999 -0.485 -0.374 -9999 -9999 -9999 -9999 -9999 -9999 -0.609 -0.821 -0.865 -1.026 -0.622 -1.093 -0.953 -0.614 -0.3125 -0.678 -0.559 -0.604 -0.324 -0.245 -0.407 -0.435 -0.371 -0.171 0.06 -0.253 -0.3635 -0.332 -0.385 -0.391 -0.215 -0.028 -0.009
1.968 4.425 5.13 5.63 4.776 3.323 1.576 4.542 4.808 4.635 3.907 0.845 3.822 4.75 4.166 2.938 3.026 1.812 1.0295 0.287 -0.075 -0.05 0.402 0.11 -0.094 -0.05 -0.067 -0.13 -0.102 -0.097 -0.11 -0.1055 -0.1 -9999 -9999 -9999 -9999 -9999 -9999 -9999 -9999 -9999 -9999 -9999 -9999 -9999 -9999 -9999 -9999 -9999 -0.642 -0.432 -0.792 -0.651 -0.851 -0.592 -0.577 -0.2965 -0.356 -0.405 -0.398 -0.392 -0.287 -0.091 -0.107 -0.185 -0.464 -0.298 -0.156 -0.077 -0.0685 -0.076 -0.046 -0.075 0 0
3.8 5.302 4.994 4.869 4.938 2.042 2.409 4.32 5.546 4.52 3.147 0.74 3.623 4.48 2.43 2.071 1.193 0.983 0.337 0.269 -0.05 -0.041 -0.05 -0.045 -0.04 -0.04 -0.11 -0.054 -0.077 -0.059 -0.078 -0.1155 -0.067 -9999 -9999 -9999 -9999 -9999 -9999 -9999 -9999 -9999 -9999 -9999 -9999 -9999 -9999 -9999 -9999 -0.15 -0.16 -0.253 -0.188 -0.377 -0.315 -0.464 -0.139 -0.046 -0.032 -0.034 -0.042 -0.293 -0.049 -0.083 -0.062 -0.064 -0.174 -0.09 -0.052 -0.048 -0.031 -0.013 -0.01 -0.005 0 0
4.474 4.457 4.536 4.212 5.133 4.098 4.2785 5.313 4.68 3.978 1.713 0.653 3.832 4.407 1.95 1.939 0.773 0.54 0.2 0.062 -0.04 -0.082 -0.074 -0.074 -0.083 -0.015 -0.077 -0.068 -0.122 -9999 -9999 -9999 -9999 -9999 -9999 -9999 -9999 -9999 -9999 -9999 -9999 -9999 -9999 -9999 -9999 -9999 -9999 -9999 -9999 -9999 -0.1 -0.095 -0.05 -0.091 -0.076 -0.034 -0.011 0.038 -0.0095 0.049 -0.032 -0.036 -0.008 -0.023 -0.023 -0.061 -0.027 -0.02 -0.01 -0.012 -0.012 -0.017 -0.003 0 0 0
5.109 5.923 4.213 1.613 5.4 5.7 6.039 4.948 4.983 3.119 1.228 1.167 2.449 3.372 1.98 0.688 0.124 0.047 -0.015 -0.031 -0.125 -0.011 -9999 -9999 -0.015 0 -9999 -0.025 -0.088 -9999 -9999 -9999 -9999 -9999 -9999 -9999 -9999 -9999 -9999 -9999 -9999 -9999 -9999 -9999 -9999 -9999 -9999 -9999 -9999 -9999 -9999 -0.05 -0.002 -0.007 -0.011 -0.009 0.02 0 -0.003 0.02 0 -0.006 -0.002 -0.006 0 0 -0.002 -0.005 -0.078 -0.013 -0.065 -0.011 -0.018 -0.01 0 0
4.986 5.061 3.58 2.083 4.316 6.421 4.633 5.2915 4.414 2.141 0.118 0.123 3.231 2.146 0.619 0.176 -0.001 -0.022 -0.013 -9999 -0.07 -9999 -9999 -9999 -0.01 -9999 -9999 -9999 -9999 -9999 -9999 -9999 -9999 -9999 -9999 -9999 -9999 -9999 -9999 -9999 -9999 -9999 -9999 -9999 -9999 -9999 -9999 -9999 -9999 -9999 -9999 -9999 -9999 -9999 -9999 -9999 -9999 -9999 -9999 0 -0.009 0 0 0 -0.006 -0.002 -0.012 -0.001 -0.012 -0.008 -0.019 -0.013 -0.0035 0 0 0
6.227 4.797 4.005 1.909 1.693 3.938 4.167 4.1665 3.705 1.399 0.12 0.205 1.714 0.917 0.283 0.16 -0.029 -9999 -9999 -9999 -9999 -9999 -9999 -9999 -9999 -9999 -9999 -9999 -9999 -9999 -9999 -9999 -9999 -9999 -9999 -9999 -9999 -9999 -9999 -9999 -9999 -9999 -9999 -9999 -9999 -9999 -9999 -9999 -9999 -9999 -9999 -9999 -9999 -9999 -9999 -9999 -9999 -9999 -9999 -0.004 0 0 0 0 0 0 0 0 -0.005 -0.01 -0.007 0 0 0 0 0
5.99 5.18 4.593 2.554 0.883 2.228 4.286 4.334 2.267 -9999 -9999 0.142 0.179 0.437 0.148 0.007 -0.013 -9999 -9999 -9999 -9999 -9999 -9999 -9999 -9999 -9999 -9999 -9999 -9999 -9999 -9999 -9999 -9999 -9999 -9999 -9999 -9999 -9999 -9999 -9999 -9999 -9999 -9999 -9999 -9999 -9999 -9999 -9999 -9999 -9999 -9999 -9999 -9999 -9999 -9999 -9999 -9999 -9999 -9999 -9999 -9999 -9999 0 0 -9999 -9999 0 0 -9999 -9999 0 -9999 -9999 -9999 -9999 0
6.168 5.323 4.839 3.632 0.683 1.804 4.16 4.245 2.3135 -9999 -9999 -9999 0.096 0.064 0.132 0.05 -9999 -9999 -9999 -9999 -9999 -9999 -9999 -9999 -9999 -9999 -9999 -9999 -9999 -9999 -9999 -9999 -9999 -9999 -9999 -9999 -9999 -9999 -9999 -9999 -9999 -9999 -9999 -9999 -9999 -9999 -9999 -9999 -9999 -9999 -9999 -9999 -9999 -9999 -9999 -9999 -9999 -9999 -9999 -9999 -9999 -9999 -9999 -9999 -9999 -9999 -9999 -9999 -9999 -9999 -9999 -9999 -9999 -9999 -9999 -9999
5.296 5.219 4.934 3.743 0.53 1.602 4.677 3.82 1.319 -9999 -9999 -9999 -9999 0.066 -9999 -9999 -9999 -9999 -9999 -9999 -9999 -9999 -9999 -9999 -9999 -9999 -9999 -9999 -9999 -9999 -9999 -9999 -9999 -9999 -9999 -9999 -9999 -9999 -9999 -9999 -9999 -9999 -9999 -9999 -9999 -9999 -9999 -9999 -9999 -9999 -9999 -9999 -9999 -9999 -9999 -9999 -9999 -9999 -9999 -9999 -9999 -9999 -9999 -9999 -9999 -9999 -9999 -9999 -9999 -9999 -9999 -9999 -9999 -9999 -9999 -9999
4.854 4.3665 3.8215 1.739 0.718 0.99 2.139 2.6855 1.839 0.5685 -9999 -9999 -9999 -9999 -9999 -9999 -9999 -9999 -9999 -9999 -9999 -9999 -9999 -9999 -9999 -9999 -9999 -9999 -9999 -9999 -9999 -9999 -9999 -9999 -9999 -9999 -9999 -9999 -9999 -9999 -9999 -9999 -9999 -9999 -9999 -9999 -9999 -9999 -9999 -9999 -9999 -9999 -9999 -9999 -9999 -9999 -9999 -9999 -9999 -9999 -9999 -9999 -9999 -9999 -9999 -9999 -9999 -9999 -9999 -9999 -9999 -9999 -9999 -9999 -9999 -9999
3.76 4.405 1.114 -9999 -9999 0.499 0.592 0.607 -9999 -9999 -9999 -9999 -9999 -9999 -9999 -9999 -9999 -9999 -9999 -9999 -9999 -9999 -9999 -9999 -9999 -9999 -9999 -9999 -9999 -9999 -9999 -9999 -9999 -9999 -9999 -9999 -9999 -9999 -9999 -9999 -9999 -9999 -9999 -9999 -9999 -9999 -9999 -9999 -9999 -9999 -9999 -9999 -9999 -9999 -9999 -9999 -9999 -9999 -9999 -9999 -9999 -9999 -9999 -9999 -9999 -9999 -9999 -9999 -9999 -9999 -9999 -9999 -9999 -9999 -9999 -9999
3.776 -9999 -9999 -9999 -9999 -9999 -9999 -9999 -9999 -9999 -9999 -9999 -9999 -9999 -9999 -9999 -9999 -9999 -9999 -9999 -9999 -9999 -9999 -9999 -9999 -9999 -9999 -9999 -9999 -9999 -9999 -9999 -9999 -9999 -9999 -9999 -9999 -9999 -9999 -9999 -9999 -9999 -9999 -9999 -9999 -9999 -9999 -9999 -9999 -9999 -9999 -9999 -9999 -9999 -9999 -9999 -9999 -9999 -9999 -9999 -9999 -9999 -9999 -9999 -9999 -9999 -9999 -9999 -9999 -9999 -9999 -9999 -9999 -9999 -9999 -9999
-9999 -9999 -9999 -9999 -9999 -9999 -9999 -9999 -9999 -9999 -9999 -9999 -9999 -9999 -9999 -9999 -9999 -9999 -9999 -9999 -9999 -9999 -9999 -9999 -9999 -9999 -9999 -9999 -9999 -9999 -9999 -9999 -9999 -9999 -9999 -9999 -9999 -9999 -9999 -9999 -9999 -9999 -9999 -9999 -9999 -9999 -9999 -9999 -9999 -9999 -9999 -9999 -9999 -9999 -9999 -9999 -9999 -9999 -9999 -9999 -9999 -9999 -9999 -9999 -9999 -9999 -9999 -9999 -9999 -9999 -9999 -9999 -9999 -9999 -9999 -9999
-9999 -9999 -9999 -9999 -9999 -9999 -9999 -9999 -9999 -9999 -9999 -9999 -9999 -9999 -9999 -9999 -9999 -9999 -9999 -9999 -9999 -9999 -9999 -9999 -9999 -9999 -9999 -9999 -9999 -9999 -9999 -9999 -9999 -9999 -9999 -9999 -9999 -9999 -9999 -9999 -9999 -9999 -9999 -9999 -9999 -9999 -9999 -9999 -9999 -9999 -9999 -9999 -9999 -9999 -9999 -9999 -9999 -9999 -9999 -9999 -9999 -9999 -9999 -9999 -9999 -9999 -9999 -9999 -9999 -9999 -9999 -9999 -9999 -9999 -9999 -9999
-9999 -9999 -9999 -9999 -9999 -9999 -9999 -9999 -9999 -9999 -9999 -9999 -9999 -9999 -9999 -9999 -9999 -9999 -9999 -9999 -9999 -9999 -9999 -9999 -9999 -9999 -9999 -9999 -9999 -9999 -9999 -9999 -9999 -9999 -9999 -9999 -9999 -9999 -9999 -9999 -9999 -9999 -9999 -9999 -9999 -9999 -9999 -9999 -9999 -9999 -9999 -9999 -9999 -9999 -9999 -9999 -9999 -9999 -9999 -9999 -9999 -9999 -9999 -9999 -9999 -9999 -9999 -9999 -9999 -9999 -9999 -9999 -9999 -9999 -9999 -9999
-9999 -9999 -9999 -9999 -9999 -9999 -9999 -9999 -9999 -9999 -9999 -9999 -9999 -9999 -9999 -9999 -9999 -9999 -9999 -9999 -9999 -9999 -9999 -9999 -9999 -9999 -9999 -9999 -9999 -9999 -9999 -9999 -9999 -9999 -9999 -9999 -9999 -9999 -9999 -9999 -9999 -9999 -9999 -9999 -9999 -9999 -9999 -9999 -9999 -9999 -9999 -9999 -9999 -9999 -9999 -9999 -9999 -9999 -9999 -9999 -9999 -9999 -9999 -9999 -9999 -9999 -9999 -9999 -9999 -9999 -9999 -9999 -9999 -9999 -9999 -9999
