data/derived/r_sen_pre_snow.asc
NCOLS 186 
NROWS 74 
XLLCORNER 443300.206538099 
YLLCORNER 4085841.77455235 
CELLSIZE 500 
NODATA_value -9999 
[rows 34 to 67 of 74, columns 0 to 75 of 186]
-9999 -9999 -9999 -9999 -9999 -9999 -9999 -9999 -9999 -9999 -9999 -9999 -9999 -9999 0.599 0.624 1.07 3.402 2.697 -9999 -9999 0.862 -1.9845 -2.9165 -3.257 -2.57 -3.743 -3.8945 -2.5275 -3.308 -2.5845 0.0585 0.564 0.283 -0.651 0.007 -1.256 0.013 0.209 -2.352 -2.478 0.272 1.669 3.888 4.296 7.29 8.236 5.3585 7.416 5.029 1.096 7.083 5.81 1.004 6.36 7.472 7.702 0.664 4.029 6.948 8.8055 8.755 12.967 8.221 7.549 6.499 6.196 6.766 9.418 7.71 4.831 5.45 3.796 4.4285 4.704 6.102
-9999 -9999 -9999 -9999 -9999 -9999 -9999 -9999 -9999 -9999 -9999 -9999 -9999 -9999 0.518 1.071 1.07 1.385 2.502 -9999 -9999 -9999 1.2355 -2.53 -0.497 -1.186 -0.746 -1.593 -2.086 -2.798 -1.506 -1.655 -1.0725 0.0165 0.0196666666666667 -1.04433333333333 -1.113 0.0385 0.3785 3.08 4.487 2.274 3.692 0.3565 5.0545 7.8445 9.08 6.86033333333333 9.94666666666667 5.654 3.996 4.245 1.12 1.829 4.336 7.38 7.798 3.636 5.603 6.153 8.1065 7.796 9.229 8.402 7.783 6.53 6.692 6.173 7.112 6.639 5.908 4.642 5.642 4.414 5.233 4.98
-9999 -9999 -9999 -9999 -9999 -9999 -9999 -9999 -9999 -9999 -9999 -9999 -9999 -9999 0.938 1.396 1.52 1.295 2.67 2.796 -9999 2.72 2.9335 2.289 -1.038 -1.52 -2.23 -6.216 -4.569 -2.443 -3.333 0.243 -1.017 6.849 7.244 4.863 3.604 8.153 6.551 6.854 6.108 5.114 5.445 5.985 5.29 10.356 9.622 10.159 11.3215 7.2865 2.8685 4.055 8.534 7.875 1.142 8.0105 6.606 4.5245 3.23 4.275 7.9485 8.839 9.4825 8.479 8.0765 6.998 6.85 6.772 6.519 6.0045 5.3225 4.779 4.901 5.307 5.25233333333333 5.833
-9999 -9999 -9999 -9999 -9999 -9999 -9999 -9999 -9999 -9999 -9999 -9999 -9999 -9999 -9999 1.369 1.851 1.522 1.565 2.081 2.091 2.507 3.205 1.03 -0.442 -1.195 -3.864 -4.18 -4.627 -5.938 -5.783 -0.53 3.034 2.75 7.889 7.98 8.748 6.689 6.891 7.392 7.498 6.633 6.85 8.098 7.717 9.97 16.124 15.037 10.269 12.0585 5.41 8.341 9.591 6.61 4.613 3.413 3.267 2.587 6.368 8.421 7.789 9.612 11.182 9.438 8.94 7.705 4.912 5.291 6.445 4.913 4.767 4.46 3.653 4.623 4.87233333333333 4.84
-9999 -9999 -9999 -9999 -9999 -9999 -9999 -9999 -9999 -9999 -9999 -9999 -9999 -9999 -9999 1.008 0.955 0.972 0.461 0.675 0.995 2.331 3.176 1.2775 0.032 -1.222 -3.113 -5.661 -4.214 -5.082 -6.027 -0.862 -0.773 -0.594 -0.424 2.165 6.1645 6.937 1.698 5.742 6.784 8.426 9.933 9.691 10.367 10.397 18.306 17.949 18.375 8.738 10.257 14.641 9.052 8.631 2.464 6.296 1.734 5.57 7.821 8.627 9.578 11.721 8.495 7.928 9.38 7.749 3.694 -1.48 4.946 1.32 2.87 2.427 4.788 4.746 4.621 4.776
-9999 -9999 -9999 -9999 -9999 -9999 -9999 -9999 -9999 -9999 -9999 -9999 -9999 -9999 -9999 0.426 0.05 0.085 0.87 2.69 1.674 1.472 1.486 2.326 3.294 3.184 -1.798 -1.021 -3.702 -6.126 -6.583 -0.131 -0.14 -1.308 -1.589 -1.773 -0.8545 -0.788 0.389 0.715 8.322 6.936 11.572 15.317 9.181 9.8 18.411 17.524 17.764 11.4235 11.439 18.295 9.02 4.104 5.543 10.013 9.543 6.489 10 8.274 11.11 11.705 9.405 9.674 7.024 6.276 5.893 1.604 -0.332 -0.878 -1.143 -2.61 4.412 3.96 5.457 4.4435
-9999 -9999 0.122 -9999 -9999 -9999 -9999 -9999 -9999 -9999 -9999 -9999 -9999 -9999 -9999 0.117 0.49 0.538 2.48 2.872 2.688 3.244 2.033 1.905 2.0115 3.08 -0.183 -0.845 -2.806 0.03 -1.057 -0.683 -2.776 -1.26 0.52 2.91 4.731 2.8435 5.179 3.01 4.945 7.308 9.974 15.859 16.386 16.29 17.975 17.654 17.253 17.38 14.4295 13.212 9.032 9.517 9.102 9.752 9.135 8.31 7.996 13.299 11.757 11.502 8.43 9.3325 8.281 7.26 7.398 5.808 1.576 -0.716 -1.111 0.26 4.138 4.495 5.012 3.425
-9999 -9999 -9999 -9999 -9999 0.158 0.031 -9999 -9999 -9999 -9999 -9999 0.012 0.045 0.03 0.416 1.117 1.351 2.095 1.596 2.882 4.331 4.452 2.37 3.0735 2.815 0.786 -1.208 -1.079 -3.055 -6.467 -3.397 -1.459 -2.03 3.131 7.55 2.248 6.553 7.09 7.512 5.048 6.538 6.445 9.162 10.206 18.426 17.981 18.032 17.551 17.768 17.864 11.546 11.515 10.8 10.542 9.404 11.14 8.754 9.31 13.445 12.525 11.272 12.595 8.13 8.74 9.086 7.011 5.727 4.82 0.413 -1.099 -1.597 3.521 3.779 4.385 3.169
-9999 -9999 -9999 0.077 -9999 -9999 -9999 0.023 -9999 -9999 -9999 0.119 0.1885 0.105 0.255 0.419 1.19 3.083 2.823 3.02 2.844 3.643 3.706 3.312 2.139 2.787 3.089 4.13 1.171 -3.979 -6.215 1.403 -3.779 -2.822 -0.45 0.275 4.57 7.05 7.283 8.158 7.352 7.493 9.175 9.749 11.517 16.8 18.344 17.483 16.809 18.591 16.5 16.1145 15.5 12.906 15.151 13.032 14.213 9.592 13.188 13.485 13.017 11.949 10.688 10.048 9.194 7.273 7.294 5.674 3.355 -0.584 -0.98 -0.768 4.004 3.502 4.107 4.434
-9999 0.092 0.265 0.34 0.518 0.628 0.33 0.653 0.327 0.415 0.441 0.66 0.238 0.452 0.435 0.557 1.04 2.14 3.164 3.213 4.071 3.11 -0.432 1.999 -0.266 2.391 4 3.784 1.582 -6.073 -0.329 -4.404 -2.494 -0.567 -0.343 1.395 2.009 6.379 8.7375 9.056 7.66 9.11 10.034 10.51 11.591 16.62 17.942 17.593 16.759 18.551 17.632 16.142 16.257 15.602 13.9 13.735 14.023 12.16 10.201 11.633 11.187 9.62 11.461 8.035 8.3385 7.348 5.525 4.703 0.744 -1.303 -0.945 -1.751 -0.754 3.267 3.973 3.83
0.271 0.423 0.986 0.214 0.702 1.637 1.65 2.003 1.712 1.8 1.406 1.314 1.0065 1.155 1.095 0.861 1.293 2.036 3.344 3.509 3.907 2.842 1.902 3.161 3.741 3.3045 2.825 0.965 0.452 -4.177 -6.1 -2.469 -4.205 4.203 -4.484 -1.187 1.968 2.32 9.0595 9.856 9.791 13.588 12.154 14.659 16.938 18.2 17.606 18.582 18.335 17.116 17.575 17.486 9.867 9.756 14.521 8.128 8.267 12.272 10.465 13.005 9.14 11.022 8.267 11.35 7.4445 5.657 4.297 3.704 1.178 -2.204 0.319 -1.492 -0.1 3.104 3.845 3.343
-9999 0.132 0.6635 1.3285 1.294 1.5485 1.721 2.47 2.8695 2.522 2.5715 1.784 1.9645 1.83175 1.865 2.167 0.989 1.747 1.99 3.17 4.507 4.129 3.379 3.343 3.805 3.853 3.326 0.985 -0.743 -0.675 1.691 4.506 3.972 4.753 -5.304 0.464 5.48 6.272 7.99 9.6375 11.867 17.255 14.94 15.31 16.036 18.47 16.735 18.349 17.6 11.706 11.049 13.618 11.5905 8.84 8.025 12.845 10.762 13.609 11.233 12.08 13.283 9.197 10.663 9.932 7.094 2.193 -0.54 1.328 0.111 0.772 0.715 -2.056 -1.262 3.519 3.516 2.959
-9999 -9999 0.33 1.025 1.35 0.686 1.546 2.913 2.793 2.223 1.573 1.606 1.544 1.557 2.629 0.996 0.543 1.7445 1.9615 0.977 2.2275 2.233 1.8655 1.9785 2.8845 2.0955 3.101 3.19233333333333 1.046 2.526 0.17 4.877 4.272 -1.349 -4.686 0.914 7.856 6 9.715 10.9135 12.445 15.057 16.886 12.507 16.34 18.053 13.718 15.844 17.23 11.101 10.654 10.965 11.8855 11.073 13.299 11.571 12.842 11.215 13.35 13.612 12.878 11.757 10.227 8.77 5.066 2.6345 1.933 2.54 1.689 0.526 1.831 -1.503 -0.332 3.971 3.401 0.44
-9999 -9999 -9999 0.352 0.3 0.473 1.327 1.774 1.699 1.097 0.943 1.655 1.166 1.501 1.888 1.905 -0.004 0.017 0.344 0.831 0.147 0.315 0.828 1.447 1.477 2.456 3.613 1.8585 0.756 0.5395 -0.4335 -0.585 -3.9655 -3.974 -0.5005 1.682 8.1065 8.7455 9.138 9.3055 13.07975 14.881 16.4495 14.315 11.4505 12.241 11.284 12.525 11.481 13.48 12.852 8.693 11.07 9.7095 12.002 8.746 12.695 10.528 10.213 11.927 11.123 11.855 12.271 9.028 6.668 4.334 1.4125 1.336 2.085 3.75 2.241 -1.545 -0.72 3.93 4.065 3.276
-9999 -9999 -9999 -9999 -9999 0.205 0.649 0.702 0.116 0.231 0.255 0.037 0.204 1.262 2.16 1.1275 0.1 1.383 2.501 4.144 1.937 0.532 1.595 3.28 2.899 2.774 2.4 0.606 -1.334 0.862 -6.71 -5.13 -5.303 -1.553 1.584 5.966 8.211 12.08 9.335 10.488 10.4315 12.883 11.612 9.997 9.28 9.8375 7.122 6.67 10.4795 11.608 12.6155 9.994 6.3175 7.47975 5.52 6.089 8.272 11.585 11.4225 10.5635 12.8725 13.166 11.488 9.981 6.6965 4.7005 1.13425 1.582 2.536 3.776 2.398 -0.922 1.108 4.482 4.283 3.312
-9999 -9999 -9999 -9999 -9999 -9999 0.225 0.227 0.217 0.012 -9999 0.042 0.044 0.381 1.08 0.2755 0.557 0.152 0.921 2.753 2.816 1.515 2.026 2.701 2.422 3.571 1.54 0.191 -3.8175 -6.203 -1.947 -1.646 -4.599 0.76 5.589 6.997 8.59 9.273 9.898 9.763 10.653 13.171 13.057 8.525 7.698 3.243 2.931 5.6 6.664 4.774 8.136 5.987 4.484 4.966 3.911 4.071 5.35 8.5 11.665 12.603 12.562 11.083 10.581 6.127 5.967 0.856 3.14 3.545 4.426 4.437 1.461 -1.2335 0.853 4.944 4.1875 0.6275
-9999 -9999 -9999 -9999 -9999 -0.012 -9999 -9999 -9999 -9999 -9999 -9999 -9999 -0.011 0.107 -0.005 1.982 1.959 2.204 3.19 2.037 2.532 2.871 2.314 3.741 3.293 1.141 -0.224 -4.861 -2.545 -2.516 1.341 2.339 3.341 7.119 8.898 8.208 10.313 8.9 8.417 11.032 13.7745 12.026 9.825 9.204 4.002 10.464 10.046 3.665 4.323 5.689 4.62 7.266 6.979 4.9855 2.735 4.597 6.094 10.456 12.197 11.336 8.068 6.06 3.447 1.402 2.372 3.578 4.957 4.294 3.815 2.838 -1.213 5.311 5.352 2.527 -0.606
-9999 -9999 -9999 -9999 -9999 -0.003 0.002 -9999 -9999 -9999 -9999 -9999 -9999 -9999 -0.01 0 1.268 0.953 0.418 1.09 1.774 2.86 3.605 2.623 1.281 1.203 0.015 0.478 -6.35 -6.519 -5.653 -0.475 1.504 6.653 9.57 8.042 8.267 9.257 8.404 12.046 12.258 15.263 13.7515 8.972 7.827 3.241 9.455 14.078 10.666 5.374 4.627 4.758 8.656 8.683 6.806 5.3935 3.807 5.758 10.574 10.734 11.539 5.556 1.818 1.204 2.99 4.321 4.095 6.069 5.4045 3.463 -0.619 2.268 4.083 3.904 2.646 -0.928
-9999 -9999 -9999 0 0 -0.004 -9999 -9999 -9999 -9999 -9999 -9999 -9999 -9999 0 0 -0.0065 0.513 0.673 1.279 2.024 3.02 3.627 1.989 1.291 0.239 -0.09 -2.354 -0.326 -2.8625 -7.39 -2.84 0.119 7.54 8.292 7.998 8.133 2.843 7.062 10.915 12.981 13.614 12.9675 8.082 6.39 9.851 11.385 15.383 12.015 11.044 10.748 11.34 10.78 11.957 11.09 5.8125 4.582 6.081 10.437 11.389 8.132 5.683 4.49 5.048 4.864 5.559 5.446 5.572 5.123 3.627 1.926 5.212 5.792 4.05 1.924 -0.068
-9999 -9999 -9999 -9999 0 0 -9999 -9999 -9999 -9999 -9999 -9999 -9999 -9999 -9999 -9999 0 1.206 3.657 2.365 2.424 4.031 4.489 1.619 1.227 1.564 -0.215 1.362 0.234 0.853 -1.2025 -5.159 -0.694 5.042 7.468 7.711 3.831 5.02 9.718 11.332 12.132 11.899 13.153 9.939 5.439 3.565 10.342 13.705 14.851 17.804 13.145 14.812 14.306 13.616 10.742 6.5665 4.01 8.122 9.315 11.651 8.16 5.517 4.302 5.947 7.862 7.353 6.262 4.965 4.824 4.911 2.248 4.524 5.193 3.027 -0.261 1.385
-9999 -9999 -9999 -9999 0 0 -9999 -9999 -9999 -9999 -9999 -9999 -9999 -9999 -9999 -9999 0.033 2.2305 4.125 4.911 4.994 3.665 3.948 3.781 3.637 2.403 4.542 3.797 0.185 0.444 -1.424 -3.719 1.501 4.888 3.924 3.075 0.791 5.662 9.887 11.332 10.761 8.716 6.678 7.871 5.086 4.667 8.983 11.682 15.393 14.045 16.828 15.846 12.437 13.504 14.178 6.817 5.885 7.924 8.438 6.934 5.53 3.166 4.348 5.122 7.457 6.452 5.312 3.65 5.615 5.396 4.628 5.254 5.71 4.74 0.244 2.529
-9999 -9999 -9999 -9999 -9999 -0.004 -9999 -9999 -9999 -9999 -9999 -9999 -9999 -9999 -9999 -9999 0 1.83 3.723 3.998 3.561 4.167 2.346 2.48 3.568 3.315 4.31 1.777 1.346 -0.464 -5.393 -1.211 0.78 3.537 -1.426 -4.059 1.326 6.482 10.14 11.426 9.309 6.666 4.241 6.8455 5.75 5.284 7.494 10.188 13.776 13.145 12.521 14.799 11.593 14.753 10.799 7.203 4.6685 7.878 7.73 6.399 4.55 4.855 5.885 5.121 8.293 7.72 4.218 3.993 6.09 4.055 2.672 4.65 4.93 2.718 0.472 2.853
-9999 -9999 -9999 -9999 -9999 -9999 -9999 -9999 -9999 -9999 -9999 -9999 -9999 -9999 -9999 -9999 -0.008 0.658 3.8635 3.91 3.33 2.401 1.961 2.726 2.891 4.592 1.566 1.273 -0.334 -4.349 -5.757 -0.633 3.093 -3.742 -0.2 -3.065 1.704 5.715 8.416 9.95 5.114 1.781 1.807 4.363 7.015 4.473 8.162 10.865 11.917 15.12 12.388 12.108 12.153 12.027 9.917 4.66 4.16 7.4055 3.383 3.223 7.025 7.496 7.822 10.09 8.27 7.555 3.436 4.721 6.272 6.336 0.568 3.589 3.548 0.002 1.316 3.837
-9999 -9999 -9999 -9999 -9999 -9999 -9999 -9999 -9999 -9999 -9999 -9999 -9999 -9999 -9999 -9999 -9999 0.072 1.421 1.362 0.993 0.942 1.007 1.125 2.86 4.833 1.733 1.862 -2.334 -7.981 -5.531 -1.373 -3.946 -1.343 -1.566 -2.129 2.506 4.831 6.359 6.037 4.202 2.647 2.543 4.148 3.9725 3.171 6.558 10.568 12.637 15.071 12.08 8.582 13.573 12.685 9.003 2.873 5.29 8.242 7.61 5.926 7.299 9.027 9.433 8.59 8.651 7.433 3.38 4.95 6.432 6.752 1.286 1.38 0.658 1.444 3.037 6.216
-9999 -9999 -9999 -9999 -9999 -9999 -9999 -9999 -9999 -9999 -9999 -9999 -9999 -9999 -9999 -9999 -9999 -9999 0.21 0.374333333333333 0.745 1.7545 1.7545 3.6675 5.4015 2.908 2.66 1.787 -1.798 -6.272 -2.224 -1.412 -1.9505 2.17 -0.38 0.071 -0.986 3.692 3.289 0.82 1.137 3.367 4.77 3.386 2.722 3.754 10.226 11.015 13.416 11.802 10.184 9.811 12.262 11.535 7.983 2.914 6.098 7.866 5.51 1.991 8.088 9.589 8.54 7.216 7.693 5.263 3.84 4.663 6.626 6.318 1.236 1.5995 1.689 1.778 5.849 5.668
-9999 -9999 -9999 -9999 -9999 -9999 -9999 -9999 -9999 -9999 -9999 -9999 -9999 -9999 -9999 -9999 -9999 -9999 -9999 0.2695 0.497 0.974 2.826 3.428 5.168 3.7965 2.5125 0.791 -3.2205 -4.515 -3.984 -3.4365 2.83 3.884 -1.05 -1.7485 -1.3005 0.6815 -1.2275 -1.409 2.0545 1.182 3.375 2.432 2.45 6.6695 10.31 12.694 11.853 9.153 7.032 10.176 11.446 10.154 6.671 5.381 2.457 6.764 6.2145 6.051 8.404 10.288 8.808 6.879 3.95 3.634 5.037 6.856 6.218 5.31 1.833 3.6785 5.8 4.838 5.146 6.552
-9999 -9999 -9999 -9999 -9999 -9999 -9999 -9999 -9999 -9999 -9999 -9999 -9999 -9999 -9999 -9999 -9999 -9999 -9999 0.097 0.894 1.834 3.872 3.61 5.26 4.34 1.711 1.573 -2.403 -3.296 -3.723 0.386 3.753 4.219 -1.748 0.857 -1.234 0.642 -1.496 3.723 6.986 5.782 2.9085 1.915 4.6185 6.55533333333333 10.9463333333333 8.6135 8.0205 5.9835 8.9615 12.4345 11.5425 9.738 5.4695 6.56 6.759 7.1615 5.669 6.892 8.1485 10.292 9.329 7.61 4.414 4.101 5.69 7.219 6.079 3.04 2.324 4.5805 5.723 5.19 5.361 6.186
-9999 -9999 -9999 -9999 -9999 -9999 -9999 -9999 -9999 -9999 -9999 -9999 -9999 -9999 -9999 -9999 -9999 -9999 -9999 0.238 0.7565 2.293 4.346 4.927 5.16 4.167 3.2 2.782 0.97 -3.597 1.865 1.035 6.73 5.4875 -1.068 -0.036 0.446 -1.125 -0.083 6.242 6.937 7.803 4.54 0.92 0.44 8.219 11.8635 6.41 3.682 7.14 10.02 10.689 10.317 9.232 5.773 6.017 5.62 7.512 7.987 7.3925 9.825 9.3365 8.541 5.7805 3.326 2.316 3 6.5135 5.1675 3.524 5.116 5.2895 5.27325 4.7015 4.92 4.7455
-9999 -9999 -9999 -9999 -9999 -9999 -9999 -9999 -9999 -9999 -9999 -9999 -9999 -9999 -9999 -9999 -9999 -9999 -9999 0.028 1 2.3575 4.195 4.262 5.907 5.6 4.196 3.531 0.446 -3.127 1.096 3.069 5.865 6.144 1.994 -1.682 -1.041 1.866 2.022 7.83 8.108 8.077 6.925 3.415 5.434 10.121 10.403 8.1725 2.716 5.954 10.211 11.094 13.774 9.995 8.23 8.88 8.127 8.606 7.961 7.778 9.871 8.176 7.168 4.578 2.94 1.313 3.081 6.664 4.93 5.1 5.533 5.414 4.378 4.6945 3.099 3.244
-9999 -9999 -9999 -9999 -9999 -9999 -9999 -9999 -9999 -9999 -9999 -9999 -9999 -9999 -9999 -9999 -9999 -9999 -9999 0.408 0.908 1.695 3.7 4.96 4.5 5.48 4.383 2.494 2.655 1.374 2.581 4.638 6.093 6.321 4.1955 1.25 2.762 3.9 6.51 7.287 6.609 9.185 6.42 6.001 7.741 10.093 10.957 4.521 1.394 6.261 6.34 10.67 10.69 10.96 9.009 13.152 11.29 10.77 11.515 11.1 9.816 8.44 6.661 4.827 1.8 1.5 1.962 7.035 5.401 4.83 4.263 4.449 4.802 5.175 3.647 3.738
-9999 -9999 -9999 -9999 -9999 -9999 -9999 -9999 -9999 -9999 -9999 -9999 -9999 -9999 -9999 -9999 -9999 -9999 0 0.204 0.448 1.5045 3.003 3.44 4.485 6.084 5.425 4.362 3.245 3.026 4.671 5.864 5.147 6.43 4.1955 3.681 5.839 6.426 5.69 6.954 4.371 8.626 9.069 7.052 7.586 10.205 10.567 4.2665 1.643 2.646 6.51 9.196 10.374 13.42 10.69 10.956 10.114 10.892 10.031 9.577 8.987 6.113 5.022 4.116 1.714 0.106 2.194 6.314 7.179 5.636 5.13 4.353 4.498 2.9 3.422 2.555
-9999 -9999 -9999 -9999 -9999 -9999 -9999 -9999 -9999 -9999 -9999 -9999 -9999 -9999 -9999 -9999 -9999 -9999 0.007 0.335 0.409 0.93 0.655 1.635 3.498 5.048 5.92 6.67 4.349 5.749 -9999 -9999 5.396 6.435 4.44 6.3695 6.073 6.22 6.255 6.592 3.9 8.085 8.337 8.107 9.02 9.35 9.832 5.86 1.7685 2.489 4.774 9.121 10.432 10.146 10.47 9.59 9.444 8.965 8.89 7.764 -9999 6.203 3.876 2.115 0.605 0.626 2.027 4.792 4.994 5.057 3.033 3.175 2.39 1.809 -9999 -9999
-9999 -9999 -9999 -9999 -9999 -9999 -9999 -9999 -9999 -9999 -9999 -9999 -9999 -9999 -9999 -9999 -9999 -9999 0.075 0.19 0.452 0.594 0.42 2.602 3.542 5.097 6.06 6.145 6.634 -9999 -9999 2.412 6.431 5.113 5.861 6.217 6.024 6.69 6.165 6.276 2.53 4.853 8.98 8.912 9.319 9.43 9.356 5.606 1.617 2.03 3.63 6.719 10.692 10.424 9.504 7.779 -9999 5.317 -9999 -9999 -9999 4.7365 2.077 0.11 0.322 0.319 3.392 2.416 2.278 2.261 1.895 2.745 1.984 1.038 -9999 -9999
-9999 -9999 -9999 -9999 -9999 -9999 -9999 -9999 -9999 -9999 -9999 -9999 -9999 -9999 -9999 -9999 -9999 0.015 0.403 0.302 0.394 0.395 0.341 1.6775 2.752 3.537 5.415 6.21 -9999 -9999 -9999 2.923 6.553 6.136 6.13 5.945 6.0165 6.058 5.996 3.976 1.911 4.583 8.274 -9999 9.077 9.746 8.562 4.693 2.22 0.964 3.71 6.419 10.583 9.891 6.28 -9999 -9999 -9999 -9999 -9999 -9999 3.452 2.508 -0.014 0.258 -9999 -9999 -9999 -9999 -9999 -9999 -9999 -9999 -9999 -9999 -9999
