data/derived/r_sen_preau.asc
NCOLS 186 
NROWS 74 
XLLCORNER 443300.206538099 
YLLCORNER 4085841.77455235 
CELLSIZE 500 
NODATA_value -9999 
[rows 33 to 65 of 74, columns 0 to 72 of 186]
-9999 -9999 -9999 -9999 -9999 -9999 -9999 -9999 -9999 -9999 -9999 3.05 2.079 2.0885 2.3015 2.3515 2.4485 2.38 1.73 -9999 1.409 2.7485 2.37 2.88 2.619 2.671 2.78 2.264 2.842 3.741 2.99 2.522 2.764 2.953 2.7905 2.624 2.787 2.517 2.752 1.33 1.11 0.917 -1.917 -1.643 -1.441 -1.274 -1.3215 -1.443 -1.453 -1.49 -1.653 -1.74 -1.037 -1.397 -0.992 -0.947 -1.403 -1.705 -1.985 -2.24 -2.24 -2.23 -2.183 -2.207 -2.207 -2.22 -2.242 -2.207 -2.15 -1.533 -1.563 -1.577 -1.6215
-9999 -9999 -9999 -9999 -9999 -9999 -9999 -9999 -9999 -9999 -9999 -9999 -9999 -9999 1.777 2.267 2.033 1.08 1.949 -9999 -9999 2.26075 2.5285 2.493 2.5215 2.47 2.585 2.519 2.359 2.2685 2.103 1.687 1.858 2.117 1.9435 2.013 1.77 1.773 1.433 1.563 1.387 -1.773 -1.934 -1.701 -1.433 -1.194 -1.233 -1.3935 -1.457 -1.557 -1.707 -1.777 -1.368 -1.622 -1.247 -0.832 -1.032 -1.513 -1.71 -2.077 -2.2565 -2.237 -2.187 -2.207 -2.237 -2.165 -2.063 -2.197 -2.14 -2.14 -1.643 -1.683 -1.587
-9999 -9999 -9999 -9999 -9999 -9999 -9999 -9999 -9999 -9999 -9999 -9999 -9999 -9999 1.493 2.16 1.065 1.253 1.585 -9999 -9999 -9999 3.005 2.38 3.142 3.283 3.046 2.09 1.61 2.145 1.576 1.42 1.575 1.605 1.55866666666667 1.60666666666667 1.69 1.282 1.323 -0.5885 -1.3935 -2.0315 -1.807 -1.63 -1.342 -1.1385 -1.2235 -1.37 -1.43233333333333 -1.603 -1.773 -1.81 -1.683 -1.738 -1.383 -0.955 -1.035 -1.387 -1.83 -1.858 -2.1355 -2.263 -2.193 -2.223 -2.243 -2.107 -2.038 -2.19 -2.147 -2.147 -2.173 -1.271 -1.363
-9999 -9999 -9999 -9999 -9999 -9999 -9999 -9999 -9999 -9999 -9999 -9999 -9999 -9999 0.477 0.573 0.603 0.793 1.581 1.96 -9999 1.88 2.365 2.903 2.76 1.82 1.79 1.551 1.577 1.862 1.661 1.287 1.39 0.901 0.941 0.909 1.047 1.023 -0.387 -0.463 -2.104 -1.88 -1.65 -1.447 -1.251 -1.143 -1.237 -1.353 -1.465 -1.657 -1.8265 -1.8265 -2.109 -1.9435 -1.6025 -1.09 -1.3035 -1.3685 -1.421 -1.65 -1.87 -2.194 -2.22 -2.245 -2.1765 -1.92 -1.9 -2.1035 -2.1335 -2.0875 -1.248 -1.248 -1.3115
-9999 -9999 -9999 -9999 -9999 -9999 -9999 -9999 -9999 -9999 -9999 -9999 -9999 -9999 -9999 0.3 0.526 0.447 2 1.737 2.293 2.07 1.75 1.937 1.4 1.967 1.493 1.277 1.253 1.15 1.157 1.28 0.734 0.756 0.919 0.967 0.597 -0.157 -0.293 -0.4 -2.054 -1.796 -1.529 -1.279 -1.103 -1.203 -1.23 -1.357 -1.473 -1.64 -1.85 -1.83 -2.323 -1.858 -1.363 -1.475 -1.475 -1.497 -1.838 -1.803 -1.997 -2.287 -2.195 -2.197 -2.21 -1.943 -1.582 -1.722 -1.835 -1.65 -1.363 -0.797 -0.607
-9999 -9999 -9999 -9999 -9999 -9999 -9999 -9999 -9999 -9999 -9999 -9999 -9999 -9999 -9999 0.46 0.187 0.497 2.25 2.457 2.85 2.319 2.216 1.877 1.604 1.287 0.185 1.087 0.897 1.07 1.123 0.92 1.153 1.093 1.127 0.533 0.5615 -0.163 -0.337 -0.42 -2.019 -1.67 -1.404 -1.166 -1.103 -1.23 -1.283 -1.387 -1.497 -1.698 -1.817 -1.787 -2.118 -1.948 -1.473 -1.783 -1.622 -1.712 -1.925 -2.208 -2.277 -2.227 -2.2335 -2.23 -2.237 -1.963 -1.552 -1.345 -1.533 -0.563 -0.567 -0.707 -0.807
-9999 -9999 -9999 -9999 -9999 -9999 -9999 -9999 -9999 -9999 -9999 -9999 -9999 -9999 -9999 0.567 1.429 1.67 1.533 0.973 2.123 2.69 1.853 2.1175 1.96 1.242 0.791 0.669 -0.08 0.415 0.64 0.982 0.772 1.083 0.513 0.507 0.44 -0.173 -0.34 -0.513 -2.033 -1.69 -1.307 -1.007 -1.123 -1.257 -1.347 -1.417 -1.497 -1.7365 -1.803 -1.823 -2.267 -1.722 -1.792 -2.09 -1.937 -1.703 -2.047 -2.253 -2.15 -2.203 -2.2235 -2.188 -1.923 -1.743 -1.717 -1.473 -0.65 -0.643 -0.787 -1.18 -0.99
-9999 -9999 2.124 -9999 -9999 -9999 -9999 -9999 -9999 -9999 -9999 -9999 -9999 -9999 -9999 1.183 0.64 0.663 0.34 1.68 2.912 1.397 1.913 2.245 2.2065 1.346 0.541 0.3 -0.215 0.063 0.051 -0.033 0.457 0.577 0.6 0.617 0.59 -0.01 -0.263 -0.47 -2.071 -1.63 -1.281 -0.98 -1.133 -1.273 -1.39 -1.47 -1.513 -1.707 -1.802 -1.887 -2.1 -2.023 -2.105 -2.13 -2.273 -2.105 -2.058 -2.197 -2.137 -2.137 -2.193 -2.166 -2.078 -2.01 -1.967 -1.597 -0.737 -0.7 -1.185 -1.347 -1.111
-9999 -9999 -9999 -9999 -9999 0.523 0.756 -9999 -9999 -9999 -9999 -9999 1.52 1.464 1.207 0.703 -0.487 0.587 0.293 1.083 2.833 0.99 1.8 2.25 1.4605 1.417 0.388 -0.167 -0.091 -0.137 0.104 0.159 0.396 0.63 0.677 0.687 0.657 0.09 -0.153 -0.383 -1.996 -1.633 -1.281 -1.123 -1.25 -1.313 -1.43 -1.54 -1.613 -1.743 -1.8215 -1.97 -2.327 -2.343 -2.31 -2.26 -2.213 -2.233 -2.243 -2.157 -2.11 -2.14 -2.16 -2.235 -2.217 -2.16 -1.962 -1.79 -0.833 -0.773 -1.152 -1.259 -1.323
-9999 -9999 -9999 0.465 -9999 -9999 -9999 0.604 -9999 -9999 -9999 1.99 1.3465 1.173 0.867 0.573 0.03 1.811 2.46 2.66 2.15 0.853 1.647 1.578 1.199 0.4765 0.913 0.689 0.137 -0.215 0.14 0.19 0.2 0.634 0.75 0.72 0.73 0.24 -0.012 -1.54 -1.86 -1.48 -1.123 -1.153 -1.307 -1.403 -1.54 -1.58 -1.603 -1.737 -1.75 -1.9435 -2.287 -2.27 -2.227 -2.17 -2.203 -2.217 -2.167 -2.157 -2.18 -2.18 -2.197 -2.217 -2.1785 -2.008 -1.88 -1.697 -0.913 -0.817 -1.123 -1.287 -1.47
-9999 0.76 0.54 0.655 0.167 -0.343 0.405 0.015 0.02 0.754 1.337 2.278 1.095 1.52 0.747 0.457 0.247 1.721 2.629 2.329 0.737 1.239 0.753 0.723 1.008 0.2525 0.007 -0.06 0.07 0.27 0.34 0.073 0.311 0.581 0.75 0.73 0.64 0.237 0.0015 -2.096 -1.709 -1.307 -1.02 -1.203 -1.347 -1.48 -1.59 -1.647 -1.693 -1.813 -1.897 -1.963 -2.257 -2.243 -2.17 -2.203 -2.18 -2.103 -2.047 -2.093 -2.19 -2.207 -2.193 -2.223 -2.031 -1.855 -1.723 -1.448 -0.677 -0.823 -1.14 -1.303 -1.323
-0.399333333333333 -1.4115 -1.353 -0.773 -1.29 -1.187 -1.213 -0.962 -0.942 -0.747 -0.059 0.69 2.228 1.89 1.294 0.823 1.577 2.9 2.519 0.832 1.39 1.14 1.007 0.707 0.012 -0.22 -0.048 0.216 0.31 0.353 0.11 0.123 0.02 0.343 0.516 0.687 0.343 0.18 0 -1.96 -1.569 -1.076 -1.067 -1.217 -1.4 -1.557 -1.63 -1.73 -1.853 -1.957 -2.007 -2.0185 -2.28 -2.247 -2.163 -2.187 -2.173 -2.1 -2.057 -2.107 -2.183 -2.2 -2.23 -2.223 -1.904 -1.64 -1.562 -1.417 -0.517 -0.777 -1.123 -1.356 -1.252
-9999 -0.35 -1.19 -1.1115 -1.1385 -1.2015 -1.2615 -1.152 -1.03 -1.0685 -1.015 -0.3305 0.0015 0.7945 2.11 2.039 2.78 1.71 2.253 1.994 1.273 1.142 0.8 1.119 0.062 0.069 0.0535 0.423 0.543 0.503 0.42 0.29 0.114 0.266 0.569 0.757 0.397 0.233 0.057 -0.958 -1.334 -0.894 -1.08 -1.22 -1.38 -1.57 -1.687 -1.833 -1.953 -2.09 -2.103 -2.09 -2.195 -2.213 -2.19 -2.193 -2.153 -2.083 -2.067 -2.1 -2.133 -2.173 -2.11 -2.098 -1.865 -1.52 -1.238 -1.06 -0.457 -0.753 -1.073 -1.28 -1.295
-9999 -9999 -1.02 -1.037 -1.593 -1.057 -1.743 -1.51 -0.99 -1.057 -1.7 -1.615 -1.347 -0.808 -0.268333333333333 1.126 1.732 2.138 2.026 2.229 1.9895 1.936 1.352 1.136 0.8205 0.543 0.447666666666667 0.657 0.717 0.863 0.393 0.354 0.293 0.264 0.577 0.76 0.467 0.273 0.037 -0.887 -1.12 -0.797 -1.057 -1.27 -1.513 -1.687 -1.87 -1.973 -2.05 -2.137 -2.22 -2.227 -2.25 -2.217 -2.118 -1.883 -2.073 -2.1 -2.063 -2.093 -2.147 -2.187 -2.105 -1.927 -1.72 -1.3555 -0.98 -0.28 -0.367 -0.567 -0.99 -1.202 -1.34
-9999 -9999 -9999 -0.68 -0.897 -1.327 -2.28 -2.26 -1.77 -1.35 -1.56 -2.18 -1.898 -1.62 -1.357 -0.681 0.932 0.847 2.61 2.38 2.136 1.719 1.397 1.128 0.884 0.13 -0.105 0.3815 0.702 0.4715 0.4315 0.3965 0.333 0.345 0.75 0.657 0.4685 0.32 0.0535 -1.9405 -1.10325 -0.997 -1.2215 -1.5165 -1.778 -1.857 -2.027 -2.093 -2.173 -2.187 -2.26 -2.31 -2.25 -2.039 -1.85 -1.598 -1.897 -2.117 -2.127 -2.107 -2.123 -2.18 -2.177 -2.008 -1.822 -1.653 -1.251 -0.76 -0.267 -0.47 -1.163 -1.345 -1.313
-9999 -9999 -9999 -9999 -9999 -0.823 -1.883 -1.953 -1.117 -1.25 -2.333 -2.521 -1.837 -2.017 -2.007 -1.1825 0.059 -0.854 -0.178 -0.69 1.345 1.9 1.123 0.993 0.469 -0.016 -0.31 0.136 0.447 0.457 0.287 -0.069 0.227 0.147 0.86 0.563 0.47 0.317 0.057 -1.656 -1.0815 -1.15 -1.443 -1.747 -2 -2.1065 -2.2615 -2.3735 -2.3935 -2.402 -2.3915 -2.4085 -2.38 -1.88925 -1.35 -1.2945 -1.486 -1.7865 -2.0185 -2.1465 -2.175 -2.1735 -2.16 -2.0725 -1.8555 -1.699 -1.333 -1.81 0.05 -0.197 -0.23 -0.323 -0.47
-9999 -9999 -9999 -9999 -9999 -9999 -0.937 -1.56 -0.553 -1.137 -9999 -2.068 -1.651 -1.732 -2.002 -0.935 -1.111 -0.563 -0.19 -0.703 -0.436 0.897 1.113 0.607 -0.137 -0.32 0.044 -0.08 0.17 0.009 0.233 0.313 0.137 0.037 -0.053 0.563 0.423 0.27 -1.45 -1.634 -1.084 -1.09 -1.53 -1.873 -2.12 -2.35 -2.467 -2.593 -2.603 -2.627 -2.607 -2.59 -2.513 -2.225 -1.31 -1.14 -1.34 -1.607 -1.858 -2.097 -2.173 -2.018 -1.977 -1.79 -1.627 -1.473 -1.245 -1.52933333333333 0.373 0.255 0.2965 0.005 -0.2885
-9999 -9999 -9999 -9999 -9999 -0.3 -9999 -9999 -9999 -9999 -9999 -9999 -9999 -1.217 -1.087 -0.8675 -1.937 -2.173 -1.077 -1.233 -0.656 0.395 1.505 1.819 1.21 0.653 0.41 0.276 0.165 0.273 0.32 0.32 0.053 -0.063 -0.167 0.547 0.407 0.08 -1.43 -1.463 -0.867 -1.175 -1.687 -1.94 -2.19 -2.413 -2.603 -2.727 -2.757 -2.777 -2.75 -2.723 -2.693 -2.053 -1.4085 -1.187 -1.435 -1.625 -1.852 -2.085 -2.123 -1.947 -1.82 -1.725 -1.542 -1.382 -1.133 -1.653 0.157 -0.71 -0.93 -1.533 -2.333
-9999 -9999 -9999 -9999 -9999 -0.377 -0.393 -9999 -9999 -9999 -9999 -9999 -9999 -9999 -0.907 -0.481 -0.537 -1.47 -0.762 -0.697 -0.653 -1.3 -0.06 1.135 1.629 1.147 0.807 0.677 0.02 -0.1015 0.033 -0.133 -0.153 -0.203 -0.263 0.52 0.207 -0.04 -1.861 -1.239 -0.853 -1.087 -1.5635 -2.057 -2.277 -2.517 -2.683 -2.787 -2.903 -2.913 -2.887 -2.867 -2.817 -2.335 -1.725 -1.3775 -1.555 -1.71 -1.935 -2.112 -2.11 -1.842 -1.6 -1.548 -1.405 -1.242 -1.012 -1.975 -1.0815 -1.683 -2.56 -2.751 -2.627
-9999 -9999 -9999 -1.213 -0.97 -0.713 -9999 -9999 -9999 -9999 -9999 -9999 -9999 -9999 -0.738 -0.802 -1.1635 -0.787 -1.3 -1.037 -1.163 -1.512 -1.07 0.27 1.255 1.533 1.249 0.99 0.801 0.645 -0.153 -0.503 -0.467 -0.423 -0.433 -0.533 0.117 -0.31 -1.639 -0.973 -0.91 -1.217 -1.67 -2.12 -2.357 -2.6 -2.783 -2.433 -2.98 -3.013 -3.013 -2.98 -2.947 -2.552 -1.92 -1.76 -1.798 -1.95 -2.118 -2.22 -2.003 -1.78 -1.44 -1.255 -1.115 -1.03 -2.043 -2.04 -1.04 -1.12 -2.68 -2.72 -1.91
-9999 -9999 -9999 -9999 -1.298 -1.237 -9999 -9999 -9999 -9999 -9999 -9999 -9999 -9999 -9999 -9999 -1.316 -0.339 -1.977 -2.128 -1.868 -2.039 -1.883 -1.03 0.635 1.7 1.47 1.063 0.857 0.779 0.508 -0.55 -0.78 -0.727 -0.733 -0.843 -0.143 -1.9 -1.37 -0.777 -1.04 -1.363 -1.61 -2.007 -2.36 -2.603 -2.78 -2.76 -1.743 -2.557 -3.083 -2.597 -2.88 -2.26 -2.278 -2.151 -2.065 -2.192 -2.27 -2.282 -2.135 -1.872 -1.562 -1.098 -0.813 -0.795 -2.013 -1.51 2.1715 3.026 2.33 1.82 1.139
-9999 -9999 -9999 -9999 -1.33 -1.445 -9999 -9999 -9999 -9999 -9999 -9999 -9999 -9999 -9999 -9999 -1.713 -0.6015 -0.126 -0.486 -0.544 -0.427 -0.64 -1.878 -2.596 -2.135 -0.38 0.84 0.43 0.635 0.2125 -0.777 -1.04 -0.977 -1.06 0.533 -0.31 -1.766 -1.187 -0.8 -1.13 -1.447 -1.743 -2.0585 -2.383 -2.58 -2.76 -2.913 -1.77 -1.517 -2.417 -2.507 -1.3 -2.113 -2.35 -2.377 -2.32 -2.38 -2.393 -2.208 -1.985 -1.863 -1.538 -1.238 -0.932 -0.645 -1.47 1.777 2.577 3.135 2.867 1.151 1.199
-9999 -9999 -9999 -9999 -9999 -2.75 -9999 -9999 -9999 -9999 -9999 -9999 -9999 -9999 -9999 -9999 -1.733 -1.1735 -0.23 -1.229 -1.311 -1.434 -1.374 -1.183 -1.137 -1.866 -1.62 -1.785 -1.815 -1.79 -1.5485 -1.21 -1.257 0.787 0.54 0.34 0.313 -1.536 -0.986 -0.937 -1.273 -1.523 -1.817 -2.078 -2.367 -2.553 -2.743 -2.883 -2.627 -1.417 -1.05 -1.78 -0.833 -2.533 -2.595 -2.518 -2.506 -2.49 -2.407 -2.115 -1.785 -1.653 -1.447 -1.293 -1.095 -0.747 1.833 2.217 3.07 3.2045 2.908 1.204 1.475
-9999 -9999 -9999 -9999 -9999 -9999 -9999 -9999 -9999 -9999 -9999 -9999 -9999 -9999 -9999 -9999 -1.48 -2.203 -1.2105 -2.153 -2.55 -2.433 -2.498 -2.261 -2.021 -0.993 -2.053 -3.26 -3.51 -1.39 -0.52 -0.975 0.81 0.637 0.41 0.38 0.343 0.263 -0.894 -1.04 -1.347 -1.623 -1.877 -2.02 -2.2535 -2.523 -2.687 -2.833 -2.91 -2.44 -1.05 -1.147 -1.25 -2.693 -2.748 -2.71 -2.67 -2.56 -2.39 -2.058 -1.617 -1.373 -1.325 -1.414 -1.78 -2.281 1.977 2.64 3.539 3.303 2.134 2.1 3.83
-9999 -9999 -9999 -9999 -9999 -9999 -9999 -9999 -9999 -9999 -9999 -9999 -9999 -9999 -9999 -9999 -9999 -2.068 -2.3745 -2.449 -2.312 -2.778 -2.889 -2.985 -2.581 -2.004 -1.064 -1.41 -0.44 0.73 -1.457 -1.1415 0.657 0.45 0.32 0.337 0.323 0.16 -0.913 -1.17 -1.417 -1.657 -1.917 -2.013 -2.262 -2.52 -2.643 -2.777 -2.853 -2.38 -1.363 -0.047 -2.017 -2.565 -2.727 -2.757 -2.653 -2.5815 -2.402 -0.407 -0.614 -1.001 -1.286 -1.593 -1.964 -0.57 2.267 3.243 3.496 3.279 1.9125 3.91 4.519
-9999 -9999 -9999 -9999 -9999 -9999 -9999 -9999 -9999 -9999 -9999 -9999 -9999 -9999 -9999 -9999 -9999 -9999 -2.519 -3.059 -2.828 -3.282 -3.406 -3.2335 -2.9025 -2.16 -1.38 0.03 -0.343 -1.707 1.64 2.07 0.2725 0.383 0.337 0.323 0.297 -0.31 -2.23 -1.277 -1.47 -1.72 -1.913 -2.02 -2.173 -2.4115 -2.633 -2.72 -1.993 -1.217 -0.63 -0.657 -2.227 -2.645 -2.795 -2.743 -1.287 -0.947 -0.49 -0.211 -0.649 -1.041 -1.47 -1.826 -2.197 2.433 2.947 3.407 3.483 1.44 2.09 4.0145 4.343
-9999 -9999 -9999 -9999 -9999 -9999 -9999 -9999 -9999 -9999 -9999 -9999 -9999 -9999 -9999 -9999 -9999 -9999 -9999 -3.95 -4.41 -3.19 -3.548 -3.05 -2.015 -1.3465 -0.4515 0.495 1.4195 2.66 2.59 -0.15 1.50875 0.4185 0.4285 0.4285 0.4015 0.2065 -1.635 -2.128 -1.704 -1.773 -1.923 -2.007 -2.17 -2.3965 -2.58 -1.757 -1.36 -0.417 0.27 -0.873 -2.36 -1.953 -1.68 -1.377 -1.03 -0.757 -0.25 -0.353 -0.721 -1.099 -1.526 -1.979 0.24 2.473 3.343 2.968 2.725 1.9 2.845 4.268 4.084
-9999 -9999 -9999 -9999 -9999 -9999 -9999 -9999 -9999 -9999 -9999 -9999 -9999 -9999 -9999 -9999 -9999 -9999 -9999 -4.07 -3.9985 -4.783 -3.863 -3.868 -2.498 -1.167 0.352 0.821 2.029 3.101 1.35 -0.155 1.45 1.4235 0.53 0.517 0.43 0.197 -0.03 -1.85 -2.121 -1.7605 -1.8965 -1.9915 -2.147 -2.34566666666667 -1.892 -0.618 -0.0785 0.5 -0.6785 -2.055 -2.157 -1.565 -1.2665 -1.018 -0.7465 -0.433 -0.140333333333333 -0.459666666666667 -0.886 -1.179 -1.631 -2.069 2.267 2.793 3.032 2.781 2.545 2.135 1.745 3.43 3.54
-9999 -9999 -9999 -9999 -9999 -9999 -9999 -9999 -9999 -9999 -9999 -9999 -9999 -9999 -9999 -9999 -9999 -9999 -9999 -4.753 -4.378 -5.028 -3.933 -4.014 -2.883 -1.155 0.43 0.847 2.067 3.197 -0.65 0.48 2.14 2.0975 0.637 0.623 0.48 0.24 -0.003 -0.26 -2.26 -1.941 -1.577 -1.72 -1.893 -2.1 -2.305 -1.947 -0.767 -1.543 -0.913 -2.277 -1.403 -1.19 -0.923 -0.697 -0.417 -0.127 -0.256 -0.6175 -1.181 -1.4415 -1.863 -0.485 2.52 2.981 2.786 1.991 1.735 1.7355 1.7445 1.7715 3.3
-9999 -9999 -9999 -9999 -9999 -9999 -9999 -9999 -9999 -9999 -9999 -9999 -9999 -9999 -9999 -9999 -9999 -9999 -9999 -5.657 -5.392 -4.9295 -3.663 -3.959 -2.92 -1.108 0.88 2.71 1.8 2.47 -0.08 1.42 3.09 2.385 1.2285 0.687 0.467 0.247 0.037 -0.22 -0.483 -2.233 -1.49 -1.58 -1.787 -1.977 -2.15 -2.165 -0.663 -1.597 -2.453 -2.46 -1.157 -0.973 -0.687 -0.5 -0.2 -0.216 -0.387 -0.646 -1.139 -1.706 -2.106 2.497 2.75 2.762 2.527 1.351 1.69 1.705 1.721 1.72 1.754
-9999 -9999 -9999 -9999 -9999 -9999 -9999 -9999 -9999 -9999 -9999 -9999 -9999 -9999 -9999 -9999 -9999 -9999 -9999 -6.592 -6.073 -5.1785 -3.457 -3.902 -2.8 -0.428 1.39 2.297 0.72 1.12 0.745 2.48 3.515 2.835 1.4165 0.693 0.553 0.327 0.093 -0.143 -0.417 -1.509 -1.353 -1.497 -1.637 -1.877 -2.047 -1.852 -0.463 -1.88 -2.353 -2.373 -0.94 -0.7 -0.483 -0.303 -0.223 -0.39 -0.631 -0.877 -1.325 -1.864 -0.67 2.723 2.815 2.626 1.433 1.348 1.29 1.348 1.4 1.465 1.54
-9999 -9999 -9999 -9999 -9999 -9999 -9999 -9999 -9999 -9999 -9999 -9999 -9999 -9999 -9999 -9999 -9999 -9999 -1.252 -2.892 -6.39 -5.316 -3.36 -4.032 -2.72 -1.136 0.551 1.183 1.47 0.235 1.765 3.485 3.884 3.15 1.9375 0.77 0.577 0.4 0.183 -0.09 -0.387 -1.853 -1.434 -1.357 -1.527 -1.73 -1.907 -1.94 -0.637 -1.41 -2.267 -2.283 -0.707 -0.5 -0.307 -0.217 -0.397 -0.606 -0.854 -1.089 -1.504 -2.05 1.47 2.833 2.66 0.23 1.41 1.325 1.314 1.363 1.405 1.456 1.522
-9999 -9999 -9999 -9999 -9999 -9999 -9999 -9999 -9999 -9999 -9999 -9999 -9999 -9999 -9999 -9999 -9999 -9999 -0.85 -2.893 -6.333 -5.85 -4.632 -3.602 -1.917 0.023 1.253 -0.345 -1.14 2.37 -9999 -9999 3.359 3.415 2.255 2.9125 0.653 0.427 0.26 -0.03 -0.303 -2.219 -1.794 -1.374 -1.39 -1.593 -1.77 -1.95 -1.36 -1.54 -2.197 -2.203 -2.21 -0.277 -0.221 -0.477 -0.654 -0.856 -1.081 -1.327 -9999 -1.355 2.48 1.258 1.451 1.467 1.387 1.299 1.33 1.37 1.435 1.458 1.519
