data/derived/r_sen_prewi.asc
NCOLS 186 
NROWS 74 
XLLCORNER 443300.206538099 
YLLCORNER 4085841.77455235 
CELLSIZE 500 
NODATA_value -9999 
[rows 34 to 67 of 74, columns 0 to 75 of 186]
-9999 -9999 -9999 -9999 -9999 -9999 -9999 -9999 -9999 -9999 -9999 -9999 -9999 -9999 0.585 0.147 0.143 0.303 -0.086 -9999 -9999 -0.5145 -0.127 -0.00499999999999999 0.0365 -0.1405 -0.0745 0.1295 0.0965 0.229 0.155 0.6715 0.435 -0.195 -0.1825 -0.401 0.15 0.165 2.357 2.026 2.507 6.175 6.855 7.481 8.378 9.185 9.099 8.8255 9.572 9.338 8.479 7.139 9.217 9.698 9.058 8.4 8.738 9.593 9.962 11.132 12.207 13.528 14.762 13.674 12.772 11.934 11.564 13.086 13.937 13.15 9.82 9.195 8.995 9.27 9.49 9.605
-9999 -9999 -9999 -9999 -9999 -9999 -9999 -9999 -9999 -9999 -9999 -9999 -9999 -9999 0.576 -0.096 0.074 0.452 0.177 -9999 -9999 -9999 -0.689 -0.503 0.474 0.268 0.632 1.068 1.578 1.99 -0.076 0.203 0.4625 0.6445 0.772 0.562666666666667 0.7885 2.473 2.71 6.3535 6.7845 7.0895 7.485 7.658 8.603 9.4145 9.8205 9.56133333333333 10.4216666666667 9.388 8.132 8.068 9.768 9.897 9.325 8.618 8.803 9.398 10.168 10.242 11.496 12.966 14.354 13.542 12.676 11.74 11.444 12.737 13.223 12.47 11.035 10.748 10.3 9.364 9.247 9.245
-9999 -9999 -9999 -9999 -9999 -9999 -9999 -9999 -9999 -9999 -9999 -9999 -9999 -9999 -0.063 0.311 0.12 0.292 -0.236 -0.07 -9999 2.024 0.048 0.59 1.33 1.17 1.46 0.059 0.07 1.973 1.828 0.237 0.739 1.737 1.885 1.759 2.178 2.565 6.58 7.055 7.637 7.887 8.27 8.446 8.775 9.885 10.382 10.363 10.872 9.88 8.3275 9.3595 10.848 10.2585 9.727 8.8725 9.267 9.396 9.5135 9.909 10.396 12.4275 13.647 12.655 12.042 10.918 10.912 11.4535 11.3875 11.084 10.6475 10.5065 10.0275 9.9915 10.604 10.562
-9999 -9999 -9999 -9999 -9999 -9999 -9999 -9999 -9999 -9999 -9999 -9999 -9999 -9999 -9999 -0.118 0.136 0.116 -0.626 0.066 0.526 1.757 2.394 2.073 0.905 -0.07 0.092 0.777 0.772 0.54 0.36 1.006 1.722 1.808 2.078 2.162 3.84 6.658 6.989 7.525 7.956 8.346 8.803 9.26 9.375 10.065 10.944 11.035 10.975 10.585 9.421 10.518 11.776 10.147 9.345 9.52 9.598 9.688 10.272 10.212 10.97 12.376 14.27 13.754 13.268 11.062 9.446 10.16 10.373 10.014 9.248 9.222 8.42 9.714 10.4186666666667 10.7135
-9999 -9999 -9999 -9999 -9999 -9999 -9999 -9999 -9999 -9999 -9999 -9999 -9999 -9999 -9999 -0.612 0.456 0.191 -0.573 -1.016 -0.322 1.132 1.768 1.984 1.52 1.067 1.363 0.492 1.37 0.591 0.847 1.19 1.1 1.152 1.203 2.717 3.65 6.218 6.476 7.371 8.176 8.936 9.365 9.647 9.804 10.328 11.168 11.434 11.565 10.662 10.659 11.756 10.9 10.317 9.582 10.12 9.848 10.092 10.668 12.008 12.672 13.91 13.401 12.866 12.412 11.206 9.324 8.544 9.438 8.758 8.306 8.146 8.491 9.156 10.103 10.769
-9999 -9999 -9999 -9999 -9999 -9999 -9999 -9999 -9999 -9999 -9999 -9999 -9999 -9999 -9999 0.421 0.15 0.113 -0.458 -0.07 0.404 0.554 0.152 0.032 -0.1 0.157 0.55 0.727 0.722 0.997 1.35 0.831 0.633 0.483 2.184 2.597 3.047 5.949 6.294 6.682 7.895 8.612 9.615 10.305 10.288 10.608 11.267 12.002 12.427 11.187 11.642 12.196 11.568 9.97 10.127 11.236 10.6 10.102 11.266 13.252 15.584 14.152 13.384 12.144 10.968 10.202 10.1 9.1 7.548 7.074 7.154 6.7 8.277 9.588 10.502 10.8
-9999 -9999 3.477 -9999 -9999 -9999 -9999 -9999 -9999 -9999 -9999 -9999 -9999 -9999 -9999 0.343 0.52 0.237 -0.108 0.07 -0.359 1.057 0.723 0.23 -0.42 -0.447 0.34 0.513 0.72 0.342 0.48 0.917 1.589 2.223 2.596 3.016 3.445 6.051 6.778 6.985 7.51 8.655 9.425 10.468 10.868 11.055 11.564 12.312 12.946 11.856 12.086 11.795 10.954 10.77 11.306 11.534 13.21 11.616 11.466 14.496 16.096 15.63 13.71 12.157 11.784 11.544 11.16 9.738 8.786 7.176 5.838 6.914 8.609 9.63 10.485 10.865
-9999 -9999 -9999 -9999 -9999 2.757 3.154 -9999 -9999 -9999 -9999 -9999 -0.32 0.389 0.368 0.557 -1.194 -0.442 -0.034 0.382 -0.667 2.66 2.457 0.497 0.032 -0.82 0.019 0.643 0.418 0.802 1.356 1.474 1.902 2.479 2.96 3.377 3.804 6.476 7.485 7.576 7.692 8.325 8.913 9.685 10.474 11.325 12.081 12.641 13.128 12.561 12.7105 11.743 12.904 12.442 12.758 13.514 14.052 13.554 13.382 15.038 16.144 15.444 14.748 13.004 12.996 12.204 11.327 10.317 9.034 7.226 5.763 7.21 8.504 9.31 10.359 10.777
-9999 -9999 -9999 2.894 -9999 -9999 -9999 3.398 -9999 -9999 -9999 0.966 -0.118 -0.176 0.143 0.409 -0.664 1.096 0.749 -0.241 0.17 3.413 1.81 0.76 1.047 0.2765 -0.809 -0.861 -0.23 1.011 1.606 2.021 2.265 2.907 3.221 3.649 4.134 6.48 7.444 8.164 8.327 8.815 9.45 10.119 10.444 11.408 11.942 13.102 14.05 13.578 14.4 12.66 14.18 13.788 14.444 15.28 14.562 13.658 14.774 14.912 14.33 14.444 14.172 13.36 12.416 11.456 10.89 10.18 8.288 7.17 5.678 6.776 8.438 8.952 9.718 10.356
-9999 2.733 3.159 3.273 3.726 4.082 3.837 4.217 4.191 3.813 3.503 2.566 0.768 -0.159 -0.004 0.225 -0.248 0.534 0.481 0.007 3.01 2.92 1.74 0.592 1.058 0.8635 0.072 0.764 1.007 1.548 1.965 2.335 2.662 3.092 3.236 3.568 3.79 6.174 7.6515 8.492 8.786 9.427 9.939 10.572 11.078 11.646 12.376 13.303 14.124 13.63 13.347 13.259 14.514 14.526 15.358 14.26 14.602 15.894 17.18 15.894 13.992 13.722 13.92 12.974 11.501 10.794 10.303 9.06 7.916 7.022 5.463 5.948 7.258 8.248 9.524 9.572
3.01266666666667 3.224 3.525 3.328 3.532 3.972 4.212 4.15 4.927 4.51 4.66 4.4 2.355 1.24 0.51 0.5 0.075 -0.158 -0.38 2 2.457 2.34 0.483 0.817 0.7 0.685 0.929 1.205 1.653 1.862 2.298 2.225 2.3 2.063 2.786 3.392 4.715 5.775 7.6005 8.904 9.243 10.256 10.311 11.175 11.663 12.254 13.192 13.601 13.302 12.875 12.762 13.2855 13.654 13.848 14.948 13.8 13.838 15.702 16.804 15.49 13.908 13.254 12.978 12.458 11.019 10.09 9.563 8.936 7.366 6.646 5.112 5.574 6.961 8.531 9.507 8.988
-9999 2.726 2.985 3.261 3.282 3.537 3.625 3.7175 3.6455 3.1385 2.7815 3.57 3.0135 2.30425 -0.1 -0.33 2.17 -0.117 1.457 1.273 1.387 1.07 0.397 0.032 0.579 0.524 0.5485 1.217 1.76 1.496 1.179 0.857 1.045 2.172 3.067 3.807 4.99 6.222 7.028 8.875 10.031 10.768 11.118 12.145 13.032 13.13 13.614 13.444 13.112 12.136 12.485 12.912 12.832 13.81 13.772 13.01 13.466 15.484 16.25 15.634 15.08 13.696 12.07 11.908 10.758 9.878 8.163 8.024 7.264 5.516 4.342 5.746 7.007 8.194 9.08 8.538
-9999 -9999 3.163 3.567 3.893 3.92 4.047 3.108 3.262 3.63 4.047 3.904 3.892 3.88 2.975 2.5665 1.946 1.4425 0.34 0.6245 0.3625 -0.6635 -0.606 -0.7575 -0.564 -0.6945 -0.587 -0.724666666666667 0.149 -0.211 0.508 1.577 1.523 2.313 3.178 3.961 5.364 6.588 7.316 9.1435 10.8 11.955 12.24 12.91 12.708 13.171 12.595 12.964 13.381 12.785 11.869 11.876 12.2305 13.374 12.774 12.04 12.864 14.366 15.528 15.126 14.736 13.866 12.116 11.304 10.22 9.5775 7.093 5.509 5.593 5.422 4.638 5.732 7.151 8.523 8.864 7.34
-9999 -9999 -9999 3.252 3.516 3.817 4.688 4.667 3.92 2.895 3.385 3.667 2.787 2.803 2.807 2.399 0.678 1.053 -0.808 -0.703 -1.248 -1.125 -1.052 -1.049 -0.713 -0.119 -0.187 0.00899999999999998 0.1265 0.7405 1.1095 1.696 2.5765 3.074 3.607 4.4675 6.1985 7.478 8.144 9.113 10.897 11.493 12.2675 12.13 11.8385 12.444 12.312 12.775 13.015 13.374 12.632 11.617 11.921 11.763 11.854 11.001 12.252 13.368 13.936 14.486 14.524 13.586 12.522 11.548 10.632 10.112 8.8795 5.632 4.864 4.16 4.722 5.968 7.199 8.329 9.121 7.616
-9999 -9999 -9999 -9999 -9999 3.015 4.098 4.377 3.497 3.334 2.488 1.92 1.057 1.445 1.575 1.0185 0.062 1.185 0.572 0.969 0.226 -1.037 -0.129 -0.146 -0.058 0.053 0.706 1.345 1.83 1.939 1.904 2.469 3.28 3.931 4.187 5.379 7.068 8.372 9.177 10.091 10.3755 11.828 11.904 11.441 11.462 11.721 11.5495 11.5515 12.282 12.7165 12.8145 12.091 11.341 11.1525 10.331 10.378 10.921 11.955 12.766 13.415 13.602 12.883 12.457 11.824 10.694 10.1575 9.29675 6.292 5.282 4.16 4.946 6.07 7.231 8.276 8.982 7.733
-9999 -9999 -9999 -9999 -9999 -9999 2.925 3.247 2.777 2.467 -9999 1.035 1.02 1.346 1.439 -0.2435 0.429 0.087 -0.403 0.777 0.687 -0.444 0.452 0.506 0.24 0.297 0.925 1.47 2.183 2.606 3.08 3.063 3.695 4.371 5.082 6.103 7.712 8.83 9.127 9.306 9.963 11.841 12.066 11.549 11.205 10.677 10.972 10.845 11.865 12.276 12.509 11.96 11.52 11.256 9.9085 9.935 10.434 11.036 11.96 12.588 12.688 11.734 11.328 10.406 10.023 9.775 9.34 5.62966666666667 4.4275 4.695 5.5215 6.429 7.517 8.8185 8.276 7.1495
-9999 -9999 -9999 -9999 -9999 2.223 -9999 -9999 -9999 -9999 -9999 -9999 -9999 0.54 0.635 -0.067 0.792 1.425 -0.034 0.763 0.332 0.269 0.832 1.442 1.167 0.576 1.032 1.017 2.619 3.119 3.336 3.59 4.535 4.981 5.69 7.37 8.332 8.534 8.425 9.358 10.516 12.1055 11.897 11.901 11.724 11.286 10.558 10.812 11.618 12.002 12.543 12.21 10.914 10.139 9.6625 9.793 10.38 10.792 11.49 12.284 12.264 11.206 10.484 10.17 9.823 9.572 9.123 5.5175 4.362 5.213 5.657 6.75 8.344 8.486 7.534 6.945
-9999 -9999 -9999 -9999 -9999 2.144 2.252 -9999 -9999 -9999 -9999 -9999 -9999 -9999 0.47 -0.167 0.844 0.108 -1.223 -0.726 -0.274 1.143 1.374 1.46 0.91 0.975 1.264 0.9 2.223 2.9685 3.306 4.612 5.014 5.612 6.353 7.98 8.068 8.516 8.602 9.918 11.169 12.255 12.4175 11.844 11.667 11.358 10.96 10.247 10.905 11.932 12.331 12.223 11.388 10.203 9.503 9.591 10.291 10.723 11.384 12.066 11.872 10.51 10.003 9.855 9.57 9.272 8.852 5.535 4.7095 5.404 6.631 7.857 9.332 8.383 7.635 7.158
-9999 -9999 -9999 1.536 1.709 1.899 -9999 -9999 -9999 -9999 -9999 -9999 -9999 -9999 0.511 0.1 -0.5085 0.498 -0.843 -0.652 0.09 1.112 1.338 1.36 0.933 1.175 1.057 0.923 0.857 1.555 2.363 3.87 5.017 5.814 6.815 7.573 8.402 7.803 9.052 10.552 11.634 12.228 12.2385 11.833 11.575 10.858 10.582 10.194 10.922 11.508 11.905 11.867 11.132 10.171 9.335 9.818 10.419 10.949 11.714 12.21 11.242 10.252 9.663 9.302 8.995 8.892 5.79 5.394 4.6145 5.77 7.873 8.924 9.532 8.313 7.766 7.343
-9999 -9999 -9999 -9999 1.3405 1.491 -9999 -9999 -9999 -9999 -9999 -9999 -9999 -9999 -9999 -9999 -0.5 1.0205 1.368 0.673 0.861 1.53 0.98 0.619 0.734 1.669 1.278 1.001 1.109 0.9 1.295 3.21 4.63 5.916 6.821 7.033 7.694 8.308 9.738 11.052 11.505 11.422 12.071 12.167 11.911 11.478 11.17 10.543 10.067 10.845 11.374 10.872 10.719 9.682 9.832 10.38 10.712 11.22 11.886 11.966 11.306 10.285 9.757 8.952 8.467 8.433 5.345 4.594 4.6875 5.781 7.898 9.958 8.911 8.426 7.961 7.358
-9999 -9999 -9999 -9999 1.163 1.137 -9999 -9999 -9999 -9999 -9999 -9999 -9999 -9999 -9999 -9999 -0.23 2.502 2.378 1.982 1.84 1.572 1.385 1.485 0.845 1.209 0.64 0.539 1.458 1.588 1.6705 3.39 5.203 6.13 6.255 7.24 7.414 8.705 10.04 11.312 11.267 11.212 11.232 12.067 12.255 11.904 11.474 10.923 10.097 10.088 10.782 10.752 9.608 9.669 9.748 10.382 10.8585 11.476 11.968 11.208 10.437 10.148 9.638 9.113 8.615 7.782 4.671 4.179 4.983 5.7685 8.771 9.119 8.855 8.468 7.989 7.479
-9999 -9999 -9999 -9999 -9999 1.508 -9999 -9999 -9999 -9999 -9999 -9999 -9999 -9999 -9999 -9999 -0.265 2.473 2.438 2.28 2.133 2.03 1.82 1.575 1.233 0.995 0.673 1.784 2.408 2.32 2.3295 4.842 5.683 7.029 6.548 6.468 7.687 9.272 10.463 10.925 10.86 10.818 10.774 12.0005 12.398 12.075 11.576 11.098 10.57 9.866 9.628 10.068 9.131 9.942 10.355 10.582 11.094 11.79 11.57 10.58 9.927 9.703 9.407 9.15 8.807 8.175 4.352 4.304 5.085 6.942 8.218 8.906 8.819 8.449 7.93 7.443
-9999 -9999 -9999 -9999 -9999 -9999 -9999 -9999 -9999 -9999 -9999 -9999 -9999 -9999 -9999 -9999 0.857 1.892 2.8045 2.62 2.677 2.718 2.417 2.165 1.875 1.225 1.957 2.618 2.918 3.303 3.25 4.115 6.593 6.379 5.933 6.922 8.09 9.285 10.416 10.818 10.459 10.326 10.192 11.342 12.1975 11.987 11.595 11.178 10.932 10.367 9.412 9.378 9.248 10.272 10.741 11.045 11.256 11.973 11.015 10.203 9.485 9.14 9.09 9.008 8.858 7.08 3.975 4.451 5.242 6.103 7.6 8.839 8.522 8.327 7.848 7.271
-9999 -9999 -9999 -9999 -9999 -9999 -9999 -9999 -9999 -9999 -9999 -9999 -9999 -9999 -9999 -9999 -9999 1.32 3.431 2.973 2.615 1.977 2.5 2.895 2.225 1.74 2.167 3.056 3.42 4.145 3.958 4.4075 6.182 5.618 5.809 6.94 8.061 9.122 10.071 10.248 10.178 10.077 9.857 11.194 11.713 11.543 11.236 10.902 10.425 10.121 9.382 8.49 9.578 9.968 10.77 11.248 11.464 12.08 10.925 9.925 9.325 8.798 8.713 8.737 8.357 6.327 3.979 4.812 5.313 5.751 8.474 8.65 8.277 7.928 7.688 7.192
-9999 -9999 -9999 -9999 -9999 -9999 -9999 -9999 -9999 -9999 -9999 -9999 -9999 -9999 -9999 -9999 -9999 -9999 1.275 2.36866666666667 2.0575 3.126 2.736 3.2675 2.6665 2.168 2.737 3.597 3.342 3.929 5.09 5.303 5.25 5.161 5.844 6.807 8.026 9.141 9.16 9.516 9.804 9.541 9.772 11.034 11.223 11.018 10.491 10.199 9.576 9.077 8.647 8.58 9.552 10.324 10.996 11.248 11.95 12.034 11.2685 10.232 9.515 8.96 8.45 7.81 6.96 5.477 5.188 4.584 5.455 7.96 8.666 8.348 8.173 7.831 7.244 7.047
-9999 -9999 -9999 -9999 -9999 -9999 -9999 -9999 -9999 -9999 -9999 -9999 -9999 -9999 -9999 -9999 -9999 -9999 -9999 1.8735 1.673 3.538 4.888 4.465 4.372 4.343 4.778 4.2 5.7505 5.6975 5.528 4.982 4.46325 5.265 6.2035 7.2195 8.2165 8.4885 8.429 8.2915 8.602 8.951 9.61 10.802 10.784 10.3705 9.858 9.141 8.929 8.305 8.013 8.549 9.482 10.439 10.988 11.416 11.658 11.364 10.823 10.015 9.518 9.142 8.622 7.107 5.291 5.052 5.615 6.918 7.515 8.151 8.583 8.1215 7.77 7.605 7.834 7.261
-9999 -9999 -9999 -9999 -9999 -9999 -9999 -9999 -9999 -9999 -9999 -9999 -9999 -9999 -9999 -9999 -9999 -9999 -9999 3.08 2.575 4.943 5.015 4.593 4.731 5.584 3.945 5.787 6.591 6.612 6.062 5.493 4.868 5.04 6.36 7.156 7.884 7.726 7.695 7.592 7.315 8.0515 9.414 10.097 10.233 9.78633333333333 8.84333333333333 8.1 7.867 7.6375 8.2035 9.1135 9.913 10.4905 11.0865 11.0315 10.8535 10.5985 10.3056666666667 9.87766666666667 9.5025 9.21 8.7 7.107 5.33 5.195 6.493 7.226 7.969 8.432 9.167 8.874 8.121 8.102 7.655 7.092
-9999 -9999 -9999 -9999 -9999 -9999 -9999 -9999 -9999 -9999 -9999 -9999 -9999 -9999 -9999 -9999 -9999 -9999 -9999 3.438 3.475 5.362 5.152 4.645 5.073 5.929 5.34 5.59 6.569 6.807 5.921 5.465 4.719 4.8205 6.345 7.291 7.355 7.285 7.148 6.919 6.948 7.309 9.645 10.298 10.361 9.788 9.007 8.308 7.907 8.305 8.131 9.033 9.668 10.076 10.406 10.246 10.111 9.888 9.728 9.6875 9.03 8.9225 7.772 5.9555 5.213 5.822 6.594 7.7315 8.6605 8.9975 8.8685 8.622 8.31925 7.7155 7.7815 7.3355
-9999 -9999 -9999 -9999 -9999 -9999 -9999 -9999 -9999 -9999 -9999 -9999 -9999 -9999 -9999 -9999 -9999 -9999 -9999 2.865 1.977 4.4845 5.345 4.773 4.931 5.483 6.492 4.97 6.441 6.696 5.806 5.16 4.362 4.776 5.764 6.884 6.821 6.752 6.614 6.448 6.322 6.962 9.16 9.821 9.713 9.165 8.762 8.2605 7.647 8.122 8.613 8.942 9.527 9.68 9.978 9.858 9.808 9.533 9.695 9.535 9.16 8.187 6.607 5.571 5.104 6.742 6.675 8.117 8.51 8.53 8.46 8.344 7.907 7.665 7.353 7.535
-9999 -9999 -9999 -9999 -9999 -9999 -9999 -9999 -9999 -9999 -9999 -9999 -9999 -9999 -9999 -9999 -9999 -9999 -9999 3.918 2.58 3.7075 5.51 4.83 4.385 5.383 6.373 5.14 6.258 6.483 5.605 4.823 4.349 4.727 5.792 6.412 6.348 6.279 6.208 5.988 5.675 8.057 8.562 9.244 9.285 8.647 8.438 7.8435 7.335 8.023 8.268 8.672 9.25 9.56 9.64 9.365 9.293 9.407 9.21 9.195 8.9025 7.38 6.04 5.642 6.703 6.927 7.88 7.948 8.37 8.22 8.127 7.997 7.847 7.7275 7.365 7.265
-9999 -9999 -9999 -9999 -9999 -9999 -9999 -9999 -9999 -9999 -9999 -9999 -9999 -9999 -9999 -9999 -9999 -9999 2.747 3.402 4.122 2.9885 5.558 4.93 4.3 5.114 6.115 6.37 5.685 5.983 5.321 4.515 4.265 4.751 5.6715 5.861 5.917 5.848 5.884 5.648 4.926 7.745 8.197 8.758 9.068 8.425 8.275 7.6915 7.175 7.592 8.113 8.522 9.165 9.378 9.303 9.177 9.135 9.038 8.86 8.797 8.4315 6.403 5.769 5.495 6.902 6.67 7.985 7.875 8.008 7.888 7.85 7.845 7.955 7.669 7.568 7.488
-9999 -9999 -9999 -9999 -9999 -9999 -9999 -9999 -9999 -9999 -9999 -9999 -9999 -9999 -9999 -9999 -9999 -9999 2.872 3.525 3.783 1.657 3.051 4.843 4.107 4.872 5.641 5.902 6.116 5.22 -9999 -9999 4.218 4.834 5.844 6.6235 5.574 5.496 5.415 5.052 4.628 7.355 7.845 8.362 8.512 8.408 8.088 7.725 7.1875 7.433 7.802 8.252 8.662 9.17 9.143 8.745 8.662 8.608 8.487 8.097 -9999 6.457 5.464 7.952 7.273 7.198 8.11 7.835 7.907 7.992 8.148 8.2 7.762 7.513 -9999 -9999
-9999 -9999 -9999 -9999 -9999 -9999 -9999 -9999 -9999 -9999 -9999 -9999 -9999 -9999 -9999 -9999 -9999 -9999 3.143 3.475 3.9 1.29 2.2285 4.502 4.039 4.778 5.23 5.441 5.555 -9999 -9999 3.729 4.465 5.477 5.19 6.165 6.241 6.259 5.112 4.789 4.82 6.935 7.61 7.893 8.2 8.233 7.977 7.687 7.0775 7.213 7.587 8.067 8.65 8.958 8.712 8.505 -9999 7.977 -9999 -9999 -9999 5.768 7.44 6.963 7.182 7.062 8.055 8.12 8.193 8.253 7.998 8.332 7.99 7.34 -9999 -9999
-9999 -9999 -9999 -9999 -9999 -9999 -9999 -9999 -9999 -9999 -9999 -9999 -9999 -9999 -9999 -9999 -9999 3.057 3.77 3.492 3.533 3.34 0.742 4.0995 4.035 4.482 4.707 5.205 -9999 -9999 -9999 3.785 4.576 4.794 4.517 5.977 5.7325 5.943 5.758 5.631 4.11 6.832 7.292 -9999 7.857 7.945 7.723 7.452 7.087 6.775 7.472 7.978 8.428 8.56 8.322 -9999 -9999 -9999 -9999 -9999 -9999 5.464 7.619 6.39 6.985 -9999 -9999 -9999 -9999 -9999 -9999 -9999 -9999 -9999 -9999 -9999
