data/derived/r_sen_tempwi.asc
NCOLS 186 
NROWS 74 
XLLCORNER 443300.206538099 
YLLCORNER 4085841.77455235 
CELLSIZE 500 
NODATA_value -9999 
[rows 32 to 63 of 74, columns 74 to 147 of 186]
-0.042 -0.024 -0.023 -0.027 -0.026 -0.024 -0.025 -0.028 -0.038 -0.028 -0.027 -0.0265 -0.025 -0.028 -0.031 -0.025 0 -0.001 -0.01 -0.022 -0.005 -0.007 -0.045 -0.055 -0.057 -0.063 -0.06 -0.052 -0.057 -0.059 -0.059 -0.05 -0.07 -0.064 -0.06 -0.027 -0.052 -0.0235 -0.02 -0.017 -0.013 -0.011 -0.018 -0.015 -0.015 -0.02 -0.018 -0.025 -0.023 -0.022 -0.0285 -0.027 -0.018 -0.02 -0.02 -0.018 -0.03 -0.028 -0.023 -0.022 -0.019 -0.018 -0.013 -0.005 0.004 0.004 0.005 0.005 0.005 0.013 0.013 0.016 0.011 0.012
-0.044 -0.035 -0.025 -0.021 -0.026 -0.027 -0.03 -0.038 -0.038 -0.029 -0.03 -0.0385 -0.038 -0.032 -0.029 -0.029 -0.028 -0.029 -0.029 -0.03 -0.03 -0.077 -0.058 -0.065 -0.0765 -0.071 -0.068 -0.073 -0.074 -0.073 -0.072 -0.076 -0.066 -0.062 -0.062 -0.055 -0.034 -0.0235 -0.027 -0.018 -0.013 -0.009 -0.008 -0.007 -0.008 -0.013 -0.008 -0.009 -0.009 -0.008 -0.02 -0.022 -0.034 -0.028 -0.023 -0.015 -0.011 -0.017 -0.025 -0.02 -0.021 -0.018 -0.023 -0.008 0 0.003 0.004 0.005 0.005 0.008 0.007 0.011 0.013 0.008
-0.044 -0.038 -0.036 -0.042 -0.032 -0.034 -0.036 -0.038 -0.042 -0.034 -0.038 -0.039 -0.045 -0.043 -0.041 -0.037 -0.04 -0.038 -0.042 -0.067 -0.073 -0.062 -0.054 -0.08 -0.084 -0.081 -0.087 -0.086 -0.089 -0.086 -0.088 -0.078 -0.065 -0.057 -0.055 -0.054 -0.037 -0.027 -0.0225 -0.034 -0.025 -0.013 -0.006 -0.003 -0.007 -0.013 -0.008 -0.009 -0.007 -0.007 -0.013 -0.02 -0.03 -0.024 -0.018 -0.012 -0.017 -0.014 -0.014 -0.01 -0.03 -0.025 -0.032 -0.016 -0.0135 -0.01 -0.018 0.004 0.004 0.007 0.006 0.005 0.006 0.007
-0.026 -0.03 -0.026 -0.034 -0.043 -0.046 -0.048 -0.044 -0.036 -0.032 -0.04 -0.044 -0.04 -0.039 -0.036 -0.031 -0.069 -0.071 -0.068 -0.075 -0.076 -0.063 -0.07 -0.075 -0.098 -0.0865 -0.077 -0.093 -0.088 -0.085 -0.09 -0.08 -0.067 -0.054 -0.038 -0.038 -0.04 -0.046 -0.025 -0.02 -0.01 -0.007 -0.001 -0.003 -0.02 -0.027 -0.022 -0.022 -0.017 -0.02 -0.028 -0.029 -0.025 -0.022 -0.019 -0.01 -0.01 -0.01 -0.006 -0.01 -0.05 -0.047 -0.041 -0.025 -0.0205 -0.023 -0.023 -0.017 0.004 0.006 -0.018 0.007 -0.005 0.008
-0.043 -0.041 -0.049 -0.051 -0.047 -0.047 -0.046 -0.04 -0.037 -0.038 -0.035 -0.032 -0.032 -0.044 -0.067 -0.06 -0.062 -0.076 -0.071 -0.079 -0.078 -0.08 -0.08 -0.077 -0.085 -0.103 -0.095 -0.101 -0.095 -0.08 -0.08 -0.09 -0.077 -0.068 -0.057 -0.043 -0.043 -0.046 -0.021 -0.014 -0.015 -0.03 -0.018 -0.018 -0.02 -0.018 -0.02 -0.02 -0.024 -0.02 -0.016 -0.034 -0.0245 -0.018 -0.015 -0.011 -0.014 -0.011 -0.047 -0.047 -0.042 -0.039 -0.04 -0.042 -0.034 -0.0285 -0.017 -0.03 -0.02 -0.022 -0.016 -0.02 -0.02 -0.02
-0.045 -0.0545 -0.056 -0.0555 -0.0535 -0.0505 -0.0445 -0.045 -0.043 -0.039 -0.042 -0.0505 -0.0575 -0.06075 -0.0585 -0.062 -0.0655 -0.079 -0.079 -0.084 -0.089 -0.087 -0.089 -0.0965 -0.096 -0.1125 -0.119 -0.1215 -0.105 -0.0775 -0.0745 -0.073 -0.0815 -0.072 -0.06 -0.0455 -0.04 -0.0485 -0.0395 -0.027 -0.021 -0.025 -0.028 -0.0245 -0.0325 -0.031 -0.018 -0.0265 -0.0225 -0.0245 -0.0255 -0.0245 -0.016 -0.0145 -0.02 -0.024 -0.0275 -0.0345 -0.0395 -0.0375 -0.0305 -0.027 -0.028 -0.0315 -0.0365 -0.01575 -0.01 0.002 -0.012 0 -0.0115 -0.0145 -0.016 -0.0185
-0.05 -0.05 -0.06 -0.056 -0.055 -0.05 -0.055 -0.056 -0.05 -0.04 -0.054 -0.052 -0.054 -0.063 -0.062 -0.063 -0.08 -0.085 -0.09 -0.093 -0.092 -0.095 -0.097 -0.101 -0.098 -0.09 -0.118 -0.129 -0.125 -0.09 -0.076 -0.072 -0.115 -0.08 -0.07 -0.05 -0.04 -0.042 -0.054 -0.052 -0.0155 -0.019 -0.021 -0.023 -0.023 -0.016 -0.016 -0.02 -0.018 -0.017 -0.018 -0.014 -0.011 -0.0185 -0.022 -0.028 -0.031 -0.03 -0.028 -0.03 -0.03 -0.018 -0.026 -0.023 -0.028 -0.024 -0.022 -0.017 0.006 0 0 0 0.001 -0.019
-0.06 -0.0665 -0.056 -0.059 -0.053 -0.052 -0.057 -0.051 -0.055 -0.04 -0.052 -0.054 -0.053 -0.062 -0.062 -0.068 -0.078 -0.088 -0.09 -0.092 -0.098 -0.098 -0.097 -0.101 -0.103 -0.074 -0.1 -0.129 -0.126 -0.09 -0.08 -0.077 -0.07 -0.119 -0.09 -0.062 -0.053 -9999 -0.054 -0.054 -0.03 -0.014 -0.014 -0.015 -0.017 -0.017 -0.018 -0.013 -0.016 -0.014 -0.011 -0.011 -0.014 -0.026 -0.023 -0.027 -0.036 -0.036 -0.034 -0.036 -0.024 -0.015 -0.009 -0.014 -0.021 -0.01 -0.0145 -0.017 -0.01 -0.01 -0.005 0 0.004 0.01
-0.061 -0.074 -0.0625 -0.061 -0.057 -0.054 -0.05 -0.046 -0.037 -0.047 -0.056 -0.055 -0.053 -0.06 -0.064 -0.0665 -0.08 -0.09 -0.099 -0.1 -0.1 -0.1 -0.103 -0.102 -0.096 -0.104 -0.078 -0.089 -0.1125 -0.11 -0.08 -0.06 -0.077 -0.075 -0.07 -0.066 -0.064 -9999 -0.059 -0.054 -0.05 -0.0095 -0.009 -0.01 -0.012 -0.012 -0.01 -0.01 -0.006 -0.004 -0.01 -0.013 -0.013 -0.027 -0.0245 -0.02 -0.021 -0.042 -0.038 -0.024 -0.017 -0.015 -0.005 -0.005 -0.01 -0.006 -0.01 -0.006 0.002 0.005 0.001 0.003 0.01 0.018
-0.062 -0.075 -0.0635 -0.061 -0.06 -0.053 -0.043 -0.031 -0.04 -0.05 -0.055 -0.058 -0.054 -0.064 -0.066 -0.069 -0.079 -0.092 -0.101 -0.098 -0.101 -0.104 -0.106 -0.104 -0.104 -0.105 -0.074 -0.075 -0.0805 -0.125 -0.081 -0.07 -0.067 -0.074 -0.071 -0.067 -0.066 -9999 -0.061 -0.059 -0.057 -0.005 -0.003 -0.003 -0.006 -0.005 -0.004 -0.002 0 0 -0.012 -0.011 -0.013 -0.024 -0.0235 -0.023 -0.026 -0.038 -0.032 -0.024 -0.021 -0.02 -0.012 -0.001 -0.008 -0.001 -0.002 -0.001 0.002 0.008 0.014 0.018 0.012 0.022
-0.063 -0.066 -0.065 -0.063 -0.047 -0.04 -0.032 -0.023 -0.04 -0.058 -0.053 -0.052 -0.06 -0.065 -0.068 -0.0725 -0.09 -0.095 -0.103 -0.105 -0.105 -0.105 -0.103 -0.108 -0.106 -0.11 -0.097 -0.097 -0.0865 -0.095 -0.08 -0.086 -0.086 -0.073 -0.073 -0.087 -0.08 -9999 -9999 -0.061 -9999 -0.002 -0.001 0.001 -0.003 -0.009 -0.01 0.004 0.005 0 0.011 0.003 -0.004 -0.017 -0.016 -0.025 -0.025 -0.032 -0.031 -0.031 -0.025 -0.015 -0.009 -0.002 -0.001 0 0.002 0.0045 0.01 0.014 0.016 0.019 0.02 0.018
-0.064 -0.065 -0.067 -0.049 -0.04 -0.021 -0.021 -0.022 -0.03 -0.046 -0.051 -0.053 -0.06 -0.068 -0.067 -0.074 -0.086 -0.097 -0.105 -0.107 -0.108 -0.106 -0.106 -0.11 -0.11 -0.111 -0.099 -0.099 -0.096 -0.092 -0.084 -0.088 -0.089 -0.087 -0.09 -0.089 -0.084 -9999 -9999 -9999 -9999 -0.007 -0.0065 -0.003 -0.01 -0.01 -0.006 0.004 0.015 0.013 0.006 0.012 0.002 -0.009 -0.007 -0.0155 -0.023 -0.037 -0.032 -0.022 -0.005 0.007 -0.007 -0.003 0 0.005 0.009 0.01 0.0145 0.019 0.018 0.019 0.019 0.018
-0.065 -0.066 -0.053 -0.042 -0.018 -0.018 -0.024 -0.026 -0.031 -0.04 -0.043 -0.052 -0.064 -0.067 -0.071 -0.078 -0.096 -0.1 -0.108 -0.111 -0.104 -0.105 -0.104 -0.11 -0.12 -0.112 -0.097 -0.102 -0.099 -0.096 -0.091 -0.093 -0.093 -0.072 -0.076 -0.067 -0.062 -9999 -9999 -9999 -0.063 -0.004 -0.0075 -0.008 -0.006 -0.002 0.009 0.016 0.015 0.025 0.011 0.019 0.009 0.002 0.001 -0.0095 -0.005 -0.021 -0.025 -0.001 0.01 0.017 0.019 0.017 0.013 0.013 0.015 0.015 0.019 0.02 0.019 0.017 0.017 0.016
-0.066 -0.059 -0.047 -0.02 -0.02 -0.019 -0.021 -0.03 -0.03 -0.038 -0.039 -0.048 -0.055 -0.065 -0.069 -0.076 -0.095 -0.101 -0.107 -0.106 -0.106 -0.107 -0.109 -0.111 -0.12 -0.115 -0.115 -0.108 -0.103 -0.1 -0.098 -0.096 -0.08 -0.067 -0.07 -0.073 -0.066 -0.043 -9999 -9999 -9999 0.005 0.01 0.0015 0 0.007 0.011 0.016 0.02 0.033 0.02 0.019 0.018 0.013 0.017 0.009 0.005 0.012 0.012 0.02 0.022 0.024 0.024 0.018 0.019 0.02 0.022 0.02 0.021 0.0185 0.017 0.016 0.014 0.011
-0.063 -0.037 -0.02 -0.018 -0.018 -0.019 -0.023 -0.034 -0.039 -0.038 -0.042 -0.044 -0.045 -0.063 -0.069 -0.083 -0.088 -0.104 -0.107 -0.107 -0.109 -0.11 -0.111 -0.114 -0.117 -0.115 -0.11 -0.108 -0.11 -0.105 -0.1005 -0.106 -0.093 -0.071 -0.063 -0.059 -0.067 -0.058 -9999 -9999 -9999 -0.016 0.015 0.0115 0.008 0.014 0.019 0.03 0.035 0.043 0.035 0.023 0.035 0.027 0.028 0.025 0.04 0.037 0.033 0.033 0.032 0.031 0.025 0.019 0.02 0.022 0.022 0.019 0.02 0.018 0.015 0.014 0.012 0.011
-0.063 -0.042 -0.017 -0.018 -0.017 -0.021 -0.023 -0.029 -0.04 -0.035 -0.042 -0.04 -0.051 -0.062 -0.08 -0.088 -0.087 -0.099 -0.1125 -0.105 -0.11 -0.113 -0.111 -0.119 -0.117 -0.112 -0.11 -0.11 -0.108 -0.114 -0.114 -0.1075 -0.1 -0.075 -0.07 -0.058 -0.055 -0.053 -9999 -9999 -0.018 -0.013 0.011 0.0165 0.017 0.022 0.019 0.03 0.035 0.05 0.045 0.043 0.046 0.047 0.051 0.057 0.068 0.077 0.07 0.053 0.043 0.04 0.035 0.032 0.028 0.026 0.02 0.019 0.017 0.023 0.012 0.032 0.013 0.012
-0.064 -0.04 -0.017 -0.015 -0.019 -0.0215 -0.02 -0.024 -0.03 -0.039 -0.04 -0.04 -0.048 -0.062 -0.084 -0.088 -0.09 -0.106 -0.104 -0.099 -0.101 -0.113 -0.119 -0.126 -0.115 -0.115 -0.107 -0.113 -0.113 -0.111 -0.11 -0.1 -0.088 -0.079 -0.065 -0.07 -0.058 -0.051 -9999 -9999 -9999 -0.011 0.017 0.013 0.0215 0.019 0.03 0.037 0.041 0.048 0.045 0.046 0.049 0.052 0.061 0.068 0.082 0.096 0.092 0.082 0.06 0.048 0.04 0.033 0.026 0.022 0.02 0.016 0.016 0.035 0.0315 0.038 0.038 0.035
-0.0425 -0.0235 -0.0155 -0.0185 -0.015 -0.024 -0.0206666666666667 -0.0215 -0.0315 -0.038 -0.038 -0.048 -0.0545 -0.083 -0.088 -0.09 -0.0995 -0.109 -0.0976666666666667 -0.104 -0.115 -0.11 -0.114 -0.1185 -0.12 -0.118 -0.118 -0.1175 -0.119 -0.1195 -0.11 -0.104333333333333 -0.0956666666666667 -0.084 -0.076 -0.0755 -0.0595 -0.051 -0.043 -9999 -9999 -0.0095 -0.0055 0.013 0.019 0.025 0.034 0.04 0.043 0.052 0.0505 0.0535 0.0595 0.0665 0.0755 0.082 0.0895 0.106333333333333 0.113333333333333 0.096 0.078 0.0545 0.0365 0.028 0.0325 0.052 0.0485 0.0445 0.039 0.041 0.0416666666666667 0.0393333333333333 0.04 0.042
-0.045 -0.011 -0.013 -0.012 -0.011 -0.023 -0.017 -0.024 -0.037 -0.04 -0.047 -0.05 -0.08 -0.087 -0.088 -0.089 -0.105 -0.094 -0.098 -0.114 -0.11 -0.116 -0.116 -0.121 -0.12 -0.122 -0.125 -0.125 -0.123 -0.114 -0.114 -0.11 -0.101 -0.089 -0.089 -0.083 -0.067 -0.06 -0.048 -9999 -9999 -9999 -0.005 0.002 0.053 0.0555 0.058 -9999 -9999 -9999 0.073 0.052 0.059 0.066 0.081 0.087 0.088 0.097 0.108 0.098 0.061 0.035 0.024 0.06 0.054 0.054 0.06 0.052 0.048 0.044 0.044 0.055 0.052 0.047
-0.054 -0.008 -0.011 -0.009 0 -0.018 -0.015 -0.0205 -0.036 -0.045 -0.047 -0.052 -0.083 -0.089 -0.087 -0.094 -0.096 -0.095 -0.1 -0.123 -0.1125 -0.118 -0.117 -0.121 -0.122 -0.124 -0.125 -0.128 -0.124 -0.121 -0.116 -0.114 -0.107 -0.096 -0.092 -0.085 -0.075 -0.067 -9999 -9999 -9999 -9999 -9999 -0.005 0.052 -9999 -9999 -9999 -9999 -9999 -9999 0.073 0.054 0.06 0.069 0.083 0.085 0.091 0.093 0.0895 0.078 0.067 0.058 0.06 0.068 0.063 0.062 0.064 0.061 0.05 0.055 0.055 0.055 0.055
-0.025 -0.02 -0.01 -0.003 0.003 -0.013 -0.012 -0.0285 -0.04 -0.045 -0.048 -0.052 -0.082 -0.087 -0.089 -0.095 -0.092 -0.096 -0.116 -0.115 -0.109 -0.117 -0.121 -0.123 -0.124 -0.124 -0.127 -0.129 -0.125 -0.124 -0.12 -0.116 -0.113 -0.1035 -0.093 -9999 -9999 -9999 -9999 -9999 -9999 -9999 -9999 -9999 -9999 -9999 -9999 -9999 -9999 -9999 -9999 -9999 0.073 0.08 0.083 0.058 0.06 0.089 0.083 0.078 0.065 0.065 0.063 0.06 0.061 0.057 0.05 0.055 0.06 0.061 0.05 0.04 0.037 0.038
-0.01 -0.007 -0.005 -0.003 -0.006 -0.015 -0.022 -0.0325 -0.045 -0.047 -0.049 -0.078 -0.083 -0.087 -0.086 -0.094 -0.095 -0.099 -0.11 -0.095 -0.11 -0.119 -0.123 -0.126 -0.125 -0.128 -0.129 -0.13 -0.129 -0.126 -0.124 -0.119 -0.114 -0.1065 -0.096 -9999 -9999 -9999 -9999 -9999 -9999 -9999 -9999 -9999 -9999 -9999 -9999 -9999 -9999 -9999 -9999 0.065 0.08 0.08 0.085 0.077 0.08 0.071 0.063 0.0535 0.047 0.048 0.05 0.049 0.052 0.042 0.045 0.04 0.052 0.047 0.035 0.037 0.036 0.036
-0.008 -0.008 0.002 -0.002 -0.018 -0.02 -0.024 -0.034 -0.0465 -0.047 -0.073 -0.077 -0.082 -0.086 -0.089 -0.09 -0.096 -0.108 -0.082 -0.09 -0.107 -0.1105 -0.124 -0.128 -0.128 -0.129 -0.129 -0.131 -0.131 -0.129 -0.125 -9999 -9999 -9999 -9999 -9999 -9999 -9999 -9999 -9999 -9999 -9999 -9999 -9999 -9999 -9999 -9999 -9999 -9999 -9999 -9999 -9999 0.065 0.075 0.06 0.062 0.057 0.048 0.035 0.025 0.015 0.028 0.039 0.043 0.035 0.028 0.035 0.04 0.032 0.033 0.034 0.033 0.035 0.0335
-0.008 -0.016 0 0.01 -0.015 -0.015 -0.023 -0.036 -0.0415 -0.045 -0.06 -0.076 -0.082 -0.085 -0.08 -0.091 -0.094 -0.083 -0.08 -0.094 -0.098 -0.11 -0.125 -0.128 -9999 -9999 -0.132 -0.126 -9999 -0.129 -0.126 -9999 -9999 -9999 -9999 -9999 -9999 -9999 -9999 -9999 -9999 -9999 -9999 -9999 -9999 -9999 -9999 -9999 -9999 -9999 -9999 -9999 -9999 0.046 0.047 0.042 0.035 0.018 0 -0.007 -0.0035 0.018 0.024 0.026 0.023 0.025 0.027 0.029 0.029 0.033 0.033 0.032 0.033 0.0325
-0.016 -0.01 0.006 0.011 -0.012 -0.009 -0.023 -0.031 -0.038 -0.0465 -0.072 -0.077 -0.081 -0.064 -0.08 -0.086 -0.093 -0.071 -0.079 -0.096 -0.092 -9999 -0.12 -9999 -9999 -9999 -0.126 -9999 -9999 -9999 -9999 -9999 -9999 -9999 -9999 -9999 -9999 -9999 -9999 -9999 -9999 -9999 -9999 -9999 -9999 -9999 -9999 -9999 -9999 -9999 -9999 -9999 -9999 -9999 -9999 -9999 -9999 -9999 -9999 -9999 -9999 -0.0045 0.012 0.025 0.018 0.023 0.025 0.025 0.028 0.03 0.031 0.031 0.032 0.033
-0.022 -0.03 0 0.009 -0.016 -0.009 -0.015 -0.028 -0.033 -0.044 -0.07 -0.075 -0.048 -0.058 -0.074 -0.064 -0.08 -0.072 -0.077 -9999 -9999 -9999 -9999 -9999 -9999 -9999 -9999 -9999 -9999 -9999 -9999 -9999 -9999 -9999 -9999 -9999 -9999 -9999 -9999 -9999 -9999 -9999 -9999 -9999 -9999 -9999 -9999 -9999 -9999 -9999 -9999 -9999 -9999 -9999 -9999 -9999 -9999 -9999 -9999 -9999 -9999 -0.003 0.004 0.012 0.017 0.025 0.032 0.029 0.026 0.028 0.03 0.031 0.032 0.032
-0.027 -0.037 -0.02 0.009 -0.018 -0.014 -0.012 -0.03 -0.041 -0.044 -0.067 -9999 -9999 -0.055 -0.05 -0.063 -0.07 -0.067 -0.077 -9999 -9999 -9999 -9999 -9999 -9999 -9999 -9999 -9999 -9999 -9999 -9999 -9999 -9999 -9999 -9999 -9999 -9999 -9999 -9999 -9999 -9999 -9999 -9999 -9999 -9999 -9999 -9999 -9999 -9999 -9999 -9999 -9999 -9999 -9999 -9999 -9999 -9999 -9999 -9999 -9999 -9999 -9999 -9999 -9999 0.022 0.027 -9999 -9999 0.024 0.026 -9999 -9999 0.03 -9999
-0.033 -0.027 -0.01 0.01 -0.026 -0.02 -0.01 -0.028 -0.038 -0.043 -0.0375 -9999 -9999 -9999 -0.044 -0.066 -0.056 -0.065 -9999 -9999 -9999 -9999 -9999 -9999 -9999 -9999 -9999 -9999 -9999 -9999 -9999 -9999 -9999 -9999 -9999 -9999 -9999 -9999 -9999 -9999 -9999 -9999 -9999 -9999 -9999 -9999 -9999 -9999 -9999 -9999 -9999 -9999 -9999 -9999 -9999 -9999 -9999 -9999 -9999 -9999 -9999 -9999 -9999 -9999 -9999 -9999 -9999 -9999 -9999 -9999 -9999 -9999 -9999 -9999
-0.03 -0.016 -0.01 -0.02 -0.021 -0.022 -0.008 -0.015 -0.026 -0.027 -0.029 -9999 -9999 -9999 -9999 -0.061 -9999 -9999 -9999 -9999 -9999 -9999 -9999 -9999 -9999 -9999 -9999 -9999 -9999 -9999 -9999 -9999 -9999 -9999 -9999 -9999 -9999 -9999 -9999 -9999 -9999 -9999 -9999 -9999 -9999 -9999 -9999 -9999 -9999 -9999 -9999 -9999 -9999 -9999 -9999 -9999 -9999 -9999 -9999 -9999 -9999 -9999 -9999 -9999 -9999 -9999 -9999 -9999 -9999 -9999 -9999 -9999 -9999 -9999
-0.013 -0.0105 -0.001 -0.015 -0.0135 -0.007 -0.006 -0.009 -0.0165 -0.0205 -0.0205 -0.016 -9999 -9999 -9999 -9999 -9999 -9999 -9999 -9999 -9999 -9999 -9999 -9999 -9999 -9999 -9999 -9999 -9999 -9999 -9999 -9999 -9999 -9999 -9999 -9999 -9999 -9999 -9999 -9999 -9999 -9999 -9999 -9999 -9999 -9999 -9999 -9999 -9999 -9999 -9999 -9999 -9999 -9999 -9999 -9999 -9999 -9999 -9999 -9999 -9999 -9999 -9999 -9999 -9999 -9999 -9999 -9999 -9999 -9999 -9999 -9999 -9999 -9999
0.014 0.012 0.012 -0.008 -0.002 -9999 -9999 -0.002 -0.006 -0.01 -9999 -9999 -9999 -9999 -9999 -9999 -9999 -9999 -9999 -9999 -9999 -9999 -9999 -9999 -9999 -9999 -9999 -9999 -9999 -9999 -9999 -9999 -9999 -9999 -9999 -9999 -9999 -9999 -9999 -9999 -9999 -9999 -9999 -9999 -9999 -9999 -9999 -9999 -9999 -9999 -9999 -9999 -9999 -9999 -9999 -9999 -9999 -9999 -9999 -9999 -9999 -9999 -9999 -9999 -9999 -9999 -9999 -9999 -9999 -9999 -9999 -9999 -9999 -9999
0.023 0.018 0.016 -9999 -9999 -9999 -9999 -9999 -9999 -9999 -9999 -9999 -9999 -9999 -9999 -9999 -9999 -9999 -9999 -9999 -9999 -9999 -9999 -9999 -9999 -9999 -9999 -9999 -9999 -9999 -9999 -9999 -9999 -9999 -9999 -9999 -9999 -9999 -9999 -9999 -9999 -9999 -9999 -9999 -9999 -9999 -9999 -9999 -9999 -9999 -9999 -9999 -9999 -9999 -9999 -9999 -9999 -9999 -9999 -9999 -9999 -9999 -9999 -9999 -9999 -9999 -9999 -9999 -9999 -9999 -9999 -9999 -9999 -9999
