data/derived/r_sen_pnwi.asc
NCOLS 186 
NROWS 74 
XLLCORNER 443300.206538099 
YLLCORNER 4085841.77455235 
CELLSIZE 500 
NODATA_value -9999 
[rows 34 to 67 of 74, columns 0 to 76 of 186]
-9999 -9999 -9999 -9999 -9999 -9999 -9999 -9999 -9999 -9999 -9999 -9999 -9999 -9999 0.54 0.625 1.074 3.504 3.396 -9999 -9999 3.794 4.9245 6.029 5.6365 5.684 5.463 5.4255 5.158 4.7995 5.3685 7.065 8.76 7.486 7.196 6.542 5.744 6.06 6.677 5.791 6.741 8.028 9.861 11.604 10.56 11.572 11.789 11.446 11.987 11.541 8.803 8.893 8.25 9.541 7.963 7.552 8.553 8.827 9.502 12.058 12.091 14.25 14.742 12.752 11.949 12.873 12.373 11.437 13.493 12.627 10.231 10.151 9.89 9.584 10.018 9.854 10.603
-9999 -9999 -9999 -9999 -9999 -9999 -9999 -9999 -9999 -9999 -9999 -9999 -9999 -9999 0.53 0.924 0.908 1.235 2.537 -9999 -9999 -9999 2.9965 3.942 3.205 2.207 2.634 4.03 3.339 4.218 5.785 6.95 8.5885 7.466 8.09533333333333 7.20366666666667 7.4665 9.838 10.099 10.149 10.02 10.754 10.597 9.7765 11.5275 10.8005 10.628 11.6716666666667 11.102 11.675 9.35 8.878 9.917 9.973 8.509 8.381 8.541 8.237 10.45 10.077 11.8365 13.012 14.302 12.614 11.835 12.217 12.49 11.326 12.07 11.303 10.978 10.222 10.296 9.6195 9.721 9.974 10.605
-9999 -9999 -9999 -9999 -9999 -9999 -9999 -9999 -9999 -9999 -9999 -9999 -9999 -9999 0.668 1.208 1.042 1.086 3.045 2.803 -9999 2.881 3.38 3.403 3.06 4.065 5.53 5.64 5.22 4.457 3.58 7.562 8.208 8.679 8.917 8.5285 9.775 10.466 9.878 10.43 10.576 10.716 12.407 11.965 12.875 10.472 11.207 10.829 12.035 11.555 9.2885 10.8505 11.03 11.193 9.4625 9.1915 8.712 9.35 8.325 9.6215 12.031 12.287 14.042 11.9085 12.4295 12.369 11.861 11.602 11.097 10.806 10.8415 10.1305 9.8475 9.789 9.99733333333333 10.036 10.436
-9999 -9999 -9999 -9999 -9999 -9999 -9999 -9999 -9999 -9999 -9999 -9999 -9999 -9999 -9999 1.14 1.443 1.319 0.836 1.819 1.9 2.821 2.77 3.562 3.215 3.933 5.097 5.378 5.068 5.876 6.068 8.264 7.546 7.179 9.192 8.283 10.5515 10.697 10.862 10.903 11.528 11.067 10.852 10.713 10.523 10.712 12.584 12.573 11.63 12.16 12.06 10.923 11.308 10.767 8.916 8.538 8.904 8.288 9.725 10.703 11.908 12.483 14.25 13.75 13.367 12.527 8.768 10.201 11.487 10.215 8.22 8.637 6.294 9.23 10.301 10.188 10.0505
-9999 -9999 -9999 -9999 -9999 -9999 -9999 -9999 -9999 -9999 -9999 -9999 -9999 -9999 -9999 0.69 0.894 0.63 0.285 0.64 0.51 1.593 2.833 3.82 3.523 3.306 4.563 5.607 4.31 4.7 3.843 8.707 8.235 10.76 10.779 9.175 10.4315 9.547 9.813 10.382 11.172 10.375 10.565 10.535 10.544 11.189 12.786 12.957 12.997 11.7065 11.43 13.298 12.148 10.723 8.758 9.171 9.654 10.163 11.74 10.985 12.664 13.904 13.41 12.124 11.562 11.703 8.502 7.39 7.897 6.863 5.69 5.117 6.503 8.83 10.224 10.194 9.556
-9999 -9999 -9999 -9999 -9999 -9999 -9999 -9999 -9999 -9999 -9999 -9999 -9999 -9999 -9999 0.34 0.139 0.148 0.49 2.208 1.076 0.83 0.905 2.0555 2.955 3.053 2.423 3.93 4.078 4.608 3.668 6.047 5.303 6.539 8.176 9.632 9.101 9.022 9.186 9.547 11.237 10.63 11.164 12.358 11.602 11.485 12.834 13.527 13.682 11.8705 12.929 13.333 10.97 10.948 9.968 12.088 11.232 9.115 11.96 13.366 15.562 14.146 14.16 11.833 11.683 11.068 10.961 7.868 6.032 6.16 5.485 5.592 6.183 9.657 9.556 9.954 9.908
-9999 -9999 0.082 -9999 -9999 -9999 -9999 -9999 -9999 -9999 -9999 -9999 -9999 -9999 -9999 0.149 0.325 0.25 1.716 2.825 2.77 2.824 1.672 1.506 2.39 3.549 2.724 3.17 3.561 3.478 3.973 5.197 7.943 9.375 8.742 10.277 10.193 10.3375 10.645 11.669 11.132 11.473 10.545 12.496 12.654 12.7 13.093 13.597 14.032 13.094 12.7705 13.399 12.088 11.807 12.199 12.302 13.924 12.349 12.16 14.46 16.074 15.592 14.534 12.0635 11.045 11.338 11.414 10.296 7 6.397 3.288 6.098 7.08 9.765 9.32 10.117 9.9705
-9999 -9999 -9999 -9999 -9999 0.085 0.067 -9999 -9999 -9999 -9999 -9999 0.164 0.137 0.144 0.406 0.91 1.262 1.48 1.308 2.866 3.881 3.64 2.331 3.431 2.87 2.26 3.38 2.458 2.802 4.77 6.951 8.31 8.57 11.046 8.733 11.187 10.1435 10.808 11.268 10.39 12.73 11.278 10.976 11.536 12.932 13.652 13.914 14.173 13.816 13.686 13.419 13.666 12.372 13.285 14.31 14.904 14.34 14.836 15.002 16.104 15.408 14.712 12.3465 12.148 11.174 11.632 10.1 7.077 6.45 2.892 6.293 6.756 9.158 9.132 10.012 9.294
-9999 -9999 -9999 0.087 -9999 -9999 -9999 0.072 -9999 -9999 -9999 0.206 0.2215 0.264 0.24 0.407 1.026 2.821 2.979 2.92 2.596 3.364 3.533 2.903 2.433 2.978 1.94 4.012 3.808 3.034 5.397 5.647 6.098 8.428 11.55 11.508 12.215 10.822 10.3095 10.437 11.658 11.713 11.023 11.012 11.508 12.969 13.39 14.182 13.974 14.162 14.402 13.672 14.988 14.648 15.278 15.242 14.526 14.482 14.738 14.876 15.168 14.408 14.148 14.122 11.8135 11.919 11.622 11.015 4.954 6.312 2.863 4.637 7.04 9.032 8.833 9.364 8.785
-9999 0.093 0.19 0.19 0.118 0.257 0.127 0.278 0.141 0.214 0.225 0.285 0.2265 0.295 0.424 0.29 0.78 1.481 2.965 3.158 3.979 3.623 4.633 4.468 5.079 4.4685 3.572 3.95 3.81 4.55 3.614 6.291 8.092 11.277 11.29 10.052 9.73 10.168 10.425 10.76 10.877 11.136 11.36 12.34 13.062 13.182 13.805 14.35 14.008 14.186 14.168 13.9315 14.492 15.364 15.32 15.116 14.566 15.856 17.156 15.854 14.822 14.546 14.748 12.57 11.948 11.456 11.15 7.736 7.397 5.373 2.413 4.244 5.755 6.672 9.395 8.605 8.658
0.126666666666667 0.101 0.602 0.102 0.24 1.383 1.36 1.445 1.291 1.211 1.126 0.95 0.5785 0.876 0.979 0.482 0.808 1.387 2.7 3.213 3.48 3.566 4.643 3.254 3.96 4.045 2.87 4.886 3.943 3.131 3.291 6.145 6.278 5.897 6.241 9.508 10.044 10.783 10.6355 11.461 11.241 13.194 12.08 13.524 13.358 13.683 14.285 14.615 14.213 13.918 13.829 13.9775 14.466 14.64 14.91 14.626 14.702 15.664 16.762 15.452 14.776 13.798 12.717 12.781 12.1765 9.173 8.284 7.503 5.807 4.904 3.629 2.616 5.717 8.23 9.37 8.637 6.958
-9999 0.075 0.2395 0.901 0.7965 1.3325 1.445 1.7835 2.409 2.223 2.2805 1.2075 1.6695 1.54 1.499 1.678 0.58 1.363 1.542 2.218 3.943 3.74 2.996 3.097 3.775 4.057 3.369 5.526 3.699 3.367 4.317 4.511 4.721 6.425 6.699 9.177 11.598 10.288 11.08 11.681 13.132 13.261 13.392 13.653 13.852 14.282 14.282 14.404 14.114 13.764 14.376 14.476 13.9845 14.68 14.638 13.382 14.26 15.448 16.21 15.596 15.028 14.558 14.023 13.9 11.642 8.984 6.929 8.236 5.52 2.858 3.868 3.92 5.31 6.781 9.388 8.201 5.919
-9999 -9999 0.144 0.5 1.108 0.327 1.308 2.261 2.463 1.72 1.224 1.078 1.057 1.126 1.92633333333333 0.7195 0.083 0.8265 1.0955 0.6925 1.5625 1.5165 1.607 1.4515 2.015 1.75 3.07866666666667 2.936 3.019 2.797 3.415 5.179 5.304 5.641 7.461 12.422 10.012 10.666 10.783 11.85 12.842 13.14 13.789 13.777 14.09 14.27 14.616 14.693 14.46 14.618 13.643 13.778 12.4555 13.872 13.135 12.752 13.125 14.386 15.49 15.074 14.686 13.856 13.97 12.892 10 8.154 5.167 4.435 3.936 3.252 3.264 3.727 5.291 8.054 8.972 5.719 5.81
-9999 -9999 -9999 0.113 0.16 0.046 1.235 1.458 1.472 0.675 0.506 1.173 0.73 0.97 1.7545 1.275 0 0 0.265 0.067 0.16 0.39 0.495 1.586 1.571 2.417 2.92 2.7065 2.97 3.967 3.8695 5.0385 7.1715 6.674 9.421 11.2455 9.9365 9.7925 10.49 12.074 12.898 13.775 14.1335 14.143 13.373 14.635 13.315 14.934 15.158 14.875 14.192 14.189 14.285 13.6845 13.353 12.406 13.261 13.366 14.792 14.474 15.374 13.284 13.214 13.636 10.982 12.451 7.6505 5.05 4.053 4.45 3.37 4.336 5.83 6.868 9.051 4.81 4.631
-9999 -9999 -9999 -9999 -9999 0.07 0.053 0.305 0.047 0.042 0.046 0.148 0.093 0.66 1.458 0.687 0.023 0.714 1.745 2.927 1.791 0.055 1.795 2.58 2.067 2.562 3.172 4.48 3.624 3.375 1.814 5.878 6.287 9.861 10.857 9.573 9.2 10.077 11.931 12.721 13.009 14.062 14.295 13.632 15.812 13.9465 13.856 12.439 14.5415 15.212 14.7865 15.421 12.553 12.248 9.7185 9.604 12.1565 13.3935 13.225 13.985 14.1625 13.582 13.929 14.6035 11.349 11.2075 7.6045 6.695 5.14 4.743 3.68 4.815 6.299 6.42 8.943 4.81 5.716
-9999 -9999 -9999 -9999 -9999 -9999 0.056 0.05 0.049 0.03 -9999 0.032 0.038 0.059 0.248 0.07 0.137 0.027 1.19 2.501 2.364 1.511 1.745 2.639 2.552 3.36 3.6 4.293 3.247 4.513 8.242 8.656 7.724 10.278 9.221 8.825 10.343 11.511 12.055 11.108 11.602 14.1225 14.405 14.618 16.155 10.779 10.609 11.938 15.068 16.062 16.15 14.892 12.642 12.437 7.943 8.373 10.208 12.22 13.189 13.525 13.128 14.318 13.15 11.293 9.333 8.126 7.522 5.80033333333333 4.555 4.9335 4.0365 5.802 6.859 7.9675 6.9165 6.8 5.155
-9999 -9999 -9999 -9999 -9999 -0.017 -9999 -9999 -9999 -9999 -9999 -9999 -9999 0 0.015 0 1.269 1.504 1.622 2.54 2.185 2.201 2.59 4.031 3.764 3.733 3.447 3.853 6.0375 8.655 7.986 11.39 9.44 8.99 8.57 10.342 11.176 10.727 11.123 10.683 13.054 14.138 12.727 14.86 14.71 12.764 12.997 13.002 12.293 13.008 16.761 15.197 11.429 10.395 7.7785 7.671 9.331 11.248 13.62 14.555 14.503 12.796 11.001 10.169 8.959 8.302 6.972 5.628 3.87 5.152 5.176 6.063 6.622 7.494 6.85 5.704 4.395
-9999 -9999 -9999 -9999 -9999 0 -0.005 -9999 -9999 -9999 -9999 -9999 -9999 -9999 0 0 0.6545 0.278 0.268 1.219 1.618 3.149 4.194 4.545 3.183 3.407 4.39 5.232 3.942 5.1055 8.694 11.708 9.352 9.61 9.901 10.09 10.445 10.446 11.706 12.368 13.394 13.665 14.291 16.38 16.427 12.184 12.65 11.79 11.097 13.42 13.497 13.44 12.339 10.4 8.839 8.808 9.761 10.99 12.565 14.793 14.489 11.397 8.72 8.915 8.4 8.418 7.111 4.935 4.6035 6.14 7.401 6.867 10.269 6.978 7.174 5.801 5.662
-9999 -9999 -9999 -0.006 -0.004 -0.002 -9999 -9999 -9999 -9999 -9999 -9999 -9999 -9999 0 0 0 0.068 1.185 1.199 2.34 3.207 3.894 4.41 3.79 4.824 4.605 5.394 5.365 4.372 3.638 9.093 11.8 10.36 9.711 10.279 10.687 13.136 11.879 13.105 13.646 14.236 14.0275 15.848 14.896 12.437 10.901 12.356 11.894 11.59 12.778 13.959 11.555 10.832 9.853 8.4635 10.022 11.897 14.358 14.957 12.747 10.796 7.55 8.388 7.764 8.04 6.692 4.717 4.5865 6.476 7.261 8.352 9.379 8.09 7.778 6.895 6.922
-9999 -9999 -9999 -9999 -0.01 -0.006 -9999 -9999 -9999 -9999 -9999 -9999 -9999 -9999 -9999 -9999 0 0.7305 2.543 2.32 3.026 4.557 4.722 3.484 3.487 4.435 5.127 2.555 3.864 5.17 4.0875 7.3 12.234 10.211 9.721 9.975 11.023 11.828 11.995 13.095 13.48 12.695 14.483 15.4205 15.673 12.003 12.695 12.252 10.278 13.808 11.26 12.272 12.302 9.58 10.585 10.6375 10.653 13.176 14.436 14.682 13.06 11.19 9.049 7.901 6.135 6.08 5.092 4.43 4.6595 6.808 7.639 10.606 11.888 9.757 8.233 8.033 7.492
-9999 -9999 -9999 -9999 -0.01 -0.01 -9999 -9999 -9999 -9999 -9999 -9999 -9999 -9999 -9999 -9999 0.03 1.5165 3.504 4.316 4.12 4.398 4.637 4.735 4.113 4.225 4.972 4.53 4.32 5.536 5.1835 8.093 12.963 10.827 11.168 10.865 10.468 12.132 12.295 13.282 13.336 14.364 14.655 15.7795 17.094 13.283 13.139 12.325 10.293 9.803 13.18 12.763 8.713 9.49 9.713 10.509 11.209 13.812 14.538 12.773 11.803 9.798 8.266 8.382 6.377 4.99 4.236 2.955 5.175 6.8145 9.157 12.324 10.237 10.043 8.102 8.422 7.317
-9999 -9999 -9999 -9999 -9999 -0.001 -9999 -9999 -9999 -9999 -9999 -9999 -9999 -9999 -9999 -9999 0.001 0.995 3.122 3.38 3.377 3.153 3.441 2.523 2.924 2.729 4.224 5.266 6.286 5.569 6.24 9.786 10.524 13.195 9.826 7.355 12.545 10.45 12.32 12.742 14.501 14.172 12.958 15.839 16.874 14.402 12.94 11.775 11.545 9.15 8.56 10.253 7.085 11.647 10.358 11.536 12.0665 14.85 14.75 11.442 9.48 8.176 8.783 8.526 7.847 5.432 3.128 3.098 5.057 7.812 8.64 10.763 11.027 8.678 8.934 8.742 6.691
-9999 -9999 -9999 -9999 -9999 -9999 -9999 -9999 -9999 -9999 -9999 -9999 -9999 -9999 -9999 -9999 0 0.08 2.63 3.231 2.79 1.917 2.496 2.696 2.761 4.462 4.854 5.366 5.249 6.724 6.082 11.815 12.133 8.672 6.34 9.098 12.853 10.967 12.922 13.317 13.496 11.88 10.7 14.975 15.9805 13.823 14.3 11.908 11.336 12.523 8.095 8.284 8.276 11.004 11.897 11.055 11.972 14.558 12.85 9.784 10.002 8.337 8.118 8.736 7.435 5.163 2.264 3.39 5.333 8.122 8.3255 9.697 8.97 9.244 9.718 8.515 7.147
-9999 -9999 -9999 -9999 -9999 -9999 -9999 -9999 -9999 -9999 -9999 -9999 -9999 -9999 -9999 -9999 -9999 0 0.8925 0.482 0.384 0.21 0.244 0.475 3.287 4.247 4.639 5.271 5.359 6.417 8.649 10.9815 8.603 5.437 8.192 8.569 12.652 13.302 12.991 13.426 13.798 11.32 10.438 12.964 14.7975 12.497 12.439 12.026 11.193 12.23 8.974 4.8 9.563 10.522 12.051 11.865 12.56 15.3535 12.318 9.813 10.115 6.973 6.83 6.736 6.722 4.917 2.272 4.56 5.465 7.465 8.634 9.168 9.263 8.31 9.927 8.255 7.235
-9999 -9999 -9999 -9999 -9999 -9999 -9999 -9999 -9999 -9999 -9999 -9999 -9999 -9999 -9999 -9999 -9999 -9999 0.067 0.133333333333333 0.108 0.962 1.063 2.6575 4.52 4.393 4.767 5.967 5.493 6.52 8.959 10.584 5.623 7.756 8.56 6.893 9.624 13.49 14.098 11.13 10.335 9.936 10.282 12.823 12.635 12.2155 10.543 10.958 9.655 8.385 6.214 5.86 9 10.489 12.268 11.7 14.92 15.038 13.365 10.382 10.068 7.735 5.622 5.474 5.396 3.705 2.748 4.195 6.157 8.52 8.546 8.492 9.954 10.077 7.66 7.923 7.141
-9999 -9999 -9999 -9999 -9999 -9999 -9999 -9999 -9999 -9999 -9999 -9999 -9999 -9999 -9999 -9999 -9999 -9999 -9999 0.068 0.138 0.358 2.272 3.708 4.96 5.3875 5.2645 6.005 7.551 7.5955 8.888 6.983 6.217 8.066 7.999 8.0465 10.0365 11.2225 8.732 7.9935 8.3195 7.45 8.418 11.938 11.82 11.101 10.31 9.01 8.725 5.333 3.59 6.391 9.215 10.806 12.108 11.633 13.375 13.463 11.5325 8.421 10.38 9.56 6.971 4.735 2.815 2.221 3.647 5.89 8.17 8.9 8.36 9.463 8.302 8.39 7.549 7.57 6.57
-9999 -9999 -9999 -9999 -9999 -9999 -9999 -9999 -9999 -9999 -9999 -9999 -9999 -9999 -9999 -9999 -9999 -9999 -9999 0.03 0.252 1.5 2.946 3.737 5.118 5.988 5.9 6.792 7.585 7.677 7.623 6.29 6.37 6.7805 5.965 5.644 9.111 7.066 8.086 6.432 8.463 9.2225 8.143 10.525 10.49 9.67766666666667 8.87366666666667 6.2555 4.7315 3.223 6.0735 8.741 10.169 11.8365 11.4985 11.33 11.0465 9.78 10.566 10.4036666666667 10.3515 10.634 7.037 5.524 3.018 2.672 4.287 6.245 8.564 9.845 10.094 8.142 6.577 7.103 7.572 6.618 5.472
-9999 -9999 -9999 -9999 -9999 -9999 -9999 -9999 -9999 -9999 -9999 -9999 -9999 -9999 -9999 -9999 -9999 -9999 -9999 0.037 0.102 1.929 2.57 4.23 5.512 6.246 6.579 6.66 7.806 8.283 4.369 5.93 5.838 5.7295 7.777 6.344 5.734 7.597 6.58 8.421 8.804 9.415 8.063 7.747 5.113 9.573 9.43 4.718 2.16 4.325 6.498 10.3 10.138 10.751 10.346 9.919 9.93 11.293 11.025 10.025 8.024 7.7675 5.979 3.948 2.221 1.087 2.8555 5.3435 7.544 8.985 7.789 6.944 6.01975 5.434 5.517 5.32 4.7125
-9999 -9999 -9999 -9999 -9999 -9999 -9999 -9999 -9999 -9999 -9999 -9999 -9999 -9999 -9999 -9999 -9999 -9999 -9999 0 0.417 1.293 2.97 3.662 5.243 5.907 5.42 6.307 6.892 8.115 6.153 5.592 4.827 5.668 6.5425 8.995 8.013 7.562 8.356 8.065 7.544 8.32 9.187 7.254 9.708 9.905 8.48 5.147 1.566 3.546 6.392 7.93 11.097 10.66 11.322 10.912 11.382 10.188 11.029 10.134 9.2645 6.077 4.156 3.02 1.768 0.561 2.817 4.663 6.629 7.155 6.356 5.339 4.27 4.1015 4.095 4.176 4.178
-9999 -9999 -9999 -9999 -9999 -9999 -9999 -9999 -9999 -9999 -9999 -9999 -9999 -9999 -9999 -9999 -9999 -9999 -9999 0.086 0.257 0.503 2.478 3.453 3.52 5.612 5.46 7.05 6.97 8.033 5.387 5.545 4.346 5.535 6.8415 7.375 8.717 7.712 7.705 7.293 5.298 8.368 9.912 9.252 9.688 8.904 7.451 3.251 1.087 3.34 4.901 7.415 8.68 11.823 10.447 10.837 10 11.443 9.785 9.969 7.2725 5.384 4.233 3.118 1.225 0.657 1.62 4.261 5.445 5.18 4.933 4.81 4.225 3.5925 2.335 2.454 2.486
-9999 -9999 -9999 -9999 -9999 -9999 -9999 -9999 -9999 -9999 -9999 -9999 -9999 -9999 -9999 -9999 -9999 -9999 0 0.05 0.262 0.319 0.977 2.415 2.608 5.096 5.69 6.632 7.848 7.16 5.148 4.607 4.221 5.331 6.5945 7.404 7.406 7.242 7.695 6.412 3.235 7.09 8.592 9.658 9.412 8.263 7.229 2.882 0.982 1.744 4.213 6.409 8.296 10.4 9.55 8.252 8.159 7.704 7.558 7.256 6.6045 4.17 3.175 2.868 1.18 0.323 1.241 4.243 4.474 4.3 4.175 3.889 3.67 2.328 2.38 2.146 -9999
-9999 -9999 -9999 -9999 -9999 -9999 -9999 -9999 -9999 -9999 -9999 -9999 -9999 -9999 -9999 -9999 -9999 -9999 0 0.178 0.2 0.281 0.2925 0.37 2.511 3.78 5.742 5.458 6.71 5.803 -9999 -9999 3.405 5.523 6.898 7.0025 7.219 7.09 6.323 4.537 2.955 5.173 7.158 9.707 10.216 8.86 6.66 4.053 1.171 1.537 2.73 5.784 7.362 8.261 8.234 6.23 6.264 5.92 5.263 5.266 -9999 3.8775 2.512 1.423 0.474 0.474 0.965 4.223 3.632 3.961 2.386 2.307 2.042 1.351 -9999 -9999 -9999
-9999 -9999 -9999 -9999 -9999 -9999 -9999 -9999 -9999 -9999 -9999 -9999 -9999 -9999 -9999 -9999 -9999 -9999 0.035 0.045 0.275 0.383 0.248 0.723 2.299 3.345 4.6 6.076 5.91 -9999 -9999 1.186 4.602 6.458 5.918 6.2255 6.015 5.704 5.143 3.994 1.696 3.255 6.959 7.571 8.712 8.138 6.565 4.26 1.0995 1.292 2.212 5.187 7.668 7.58 6.117 5.322 -9999 3.647 -9999 -9999 -9999 3.12 1.237 0.368 0.432 0.386 2.743 2.224 1.408 1.63 1.526 2.365 1.856 0.619 -9999 -9999 -9999
-9999 -9999 -9999 -9999 -9999 -9999 -9999 -9999 -9999 -9999 -9999 -9999 -9999 -9999 -9999 -9999 -9999 0 0.203 0.065 0.222 0.217 0.23 0.5095 1.345 1.37 3.663 4.521 -9999 -9999 -9999 1.091 4.848 5.269 4.303 4.445 4.438 4.545 3.653 2.875 1.209 3.061 5.113 -9999 7.009 7.115 5.259 3.367 1.509 0.549 2.205 5.065 7.641 5.804 4.368 -9999 -9999 -9999 -9999 -9999 -9999 2.165 1.534 0.162 0.356 -9999 -9999 -9999 -9999 -9999 -9999 -9999 -9999 -9999 -9999 -9999 -9999
