data/derived/r_sen_pnwi.asc
NCOLS 186 
NROWS 74 
XLLCORNER 443300.206538099 
YLLCORNER 4085841.77455235 
CELLSIZE 500 
NODATA_value -9999 
[rows 34 to 67 of 74, columns 77 to 153 of 186]
9.16 8.575 8.5 7.957 8.003 9.093 10.425 10.543 6.695 6.5815 6.537 6.532 6.452 6.668 6.907 6.154 9.047 6.94 7.93 6.342 6.583 6.97 8.1765 8.51 6.036 8.696 8.528 8.726 7.78 5.546 6 5.923 5.79 4.717 7.163 9.052 12.07 11.604 11.58 10.561 10.518 10.553 10.042 10.019 10.25 12.007 11.886 11.072 10.6805 10.161 9.452 8.393 8.698 9.38 8.626 7.909 8.24 8.278 9.89 7.759 5.707 4.5 3.721 4.538 2.97 2.403 3.241 3.47 2.53 2.497 2.28 2.971 2.908 3.528 3.1535 2.258 2.658
9.77 9.705 9.86 9.258 8.493 7.935 10.598 5.9 8.028 6.4425 5.428 6.061 5.7 8.074 6.61 8.93 6.78 6.758 6.442 6.05 6.069 6.057 7.6975 8.013 9.392 8.42 7.715 8.758 6.355 5.959 5.282 5.094 5.345 5.595 7.115 9.447 10.458 10.654 10.872 9.227 10.67 10.002 8.932 8.895 9.285 9.942 8.835 9.584 10.928 11.722 12.622 10.715 12.262 10.323 10.373 10.815 10.488 10.457 8.81 9.51 7.101 5.16 5.376 4.68 3.923 3.53 3.765 4.514 3.3 4.198 3.872 3.622 3.418 3.152 2.95 3.029 2.746
9.355 9.335 9.435 10.057 9.48 9.923 5.06 4.972 6.302 5.752 5.735 6.584 4.987 6.887 8.167 6.698 8.511 8.107 7.103 4.9 3.532 6.632 5.71 8.179 5.94 6.387 6.16 6.288 8.426 7.072 5.957 5.882 5.456 5.276 6.964 8.203 10.9515 9.623 8.897 11.438 11.478 10.438 8.061 8.476 7.843 8.722 7.923 8.07 8.262 11.1655 9.886 10.116 10.507 10.346 10.256 10.454 10.369 10.056 8.813 8.813 8.2 8.433 6.4805 5.134 6.894 5.06 5.053 4.967 4.958 4.701 4.746 4.43 3.902 3.725 2.9845 2.9425 2.7355
9.977 10.1 9.5825 10.2865 10.1495 8.34 6.633 6.689 8.4695 6.861 8.23175 6.164 5.5655 5.5525 8.168 7.3815 8.389 6.805 6.2475 3.698 4.765 4.9855 4.819 6.89925 6.9515 6.4125 5.7205 5.6195 6.2875 6.6765 6.7425 6.4025 5.666 5.786 6.0405 7.412 8.94525 7.544 6.771 8.758 9.8385 8.6815 8.167 5.692 5.9275 6.306 5.2185 6.4735 8.647 9.367 9.3375 9.351 9.608 9.2345 9.1455 9.887 9.141 8.0625 7.248 8.328 8.905 9.1225 8.97325 8.13 8.4045 8.2075 8.075 7.9375 7.615 6.4715 6.2265 5.238 5.0365 4.6085 4.202 3.56166666666667 3.077
9.496 9.552 10.432 10.815 9.383 9.192 8.76 9.359 9.212 8.352 9.51 5.882 6.106 7.6 7.81 7.96 8.803 7.688 3.991 5.412 3.694 3.954 6.302 5.43 7.7325 7.342 5.819 5.465 5.494 6.945 7.447 6.725 5.494 3.687 4.696 7.136 8.637 6.9555 4.569 7.894 8.77 8.96 5.218 5.464 4.611 4.341 5.599 5.753 6.337 8.254 8.6385 4.796 4.801 9.041 7.766 8.327 7.133 5.016 5.14 4.425 6.854 9.259 9.035 9.1285 5.51 6.705 6.693 4.433 4.078 3.65 4.37 4.152 4.125 4.506 4.532 3.958 3.8195
9.516 10.044 9.259 9.328 7.993 8.04 7.939 10.22 9.978 8.444 9.427 5.526 5.051 6.037 6.738 8.136 8.424 6.204 5.08 5.267 5.276 3.962 5.693 6.638 7.3045 7.667 6.37 5.96 5.257 6.314 6.902 7.216 5.585 4.056 -9999 5.725 7.424 5.7435 5.181 7.648 9.044 7.908 7.002 5.405 4.393 2.99 4.347 4.537 6.097 7.973 8.5255 5.013 4.31 6.692 6.987 6.511 5.191 6.202 3.963 4.142 5.076 6.803 5.036 7.864 6.583 3.892 4.409 3.416 3.595 4.065 2.642 2.196 3.059 3.828 3.502 2.893 3.2245
9.305 10.093 8.984 7.033 6.78 6.779 8.137 9.233 9.182 8.872 9.945 6.554 4.648 5.798 7.38 8.084 6.488 5.043 5.758 6.236 5.561 2.523 4.716 6.174 5.28 6.0315 6.322 5.521 3.293 6.043 6.803 6.802 5.688 3.741 -9999 5.235 6.14 4.94 5.4565 6.972 9.12 6.767 5.024 5.204 3.537 2.373 3.251 3.81 4.51 6.311 8.689 4.8375 3.364 4.138 6.867 6.883 4.7 4.141 3.124 2.396 4.597 5.326 3.887 5.246 5.7035 4.6 3.933 5.045 3.634 3.189 2.023 1.285 1.162 2.095 2.419 2.07 1.627
9.175 9.027 8.427 5.606 6.477 6.969 9.972 10.417 11.431 8.294 9.881 7.052 4.8215 4.74 6.009 7.444 5.705 5.738 6.492 6.94 3.857 2.477 3.955 5.814 5.242 6.025 6.212 6.293 3.423 3.422 6.082 7.255 6.083 3.568 -9999 4.508 5.074 3.984 4.423 6.891 8.134 6.024 4.393 3.705 3.363 2.157 2.673 3.493 3.695 4.728 7.497 4.481 3.593 3.14 5.579 5.572 3.582 3.44 3.012 2.993 3.548 4.769 3.552 4.268 5.5125 4.367 3.279 3.247 2.46 2.271 2.563 2.267 1.006 1.685 1.825 1.862 1.582
9.1965 6.2 5.073 6.14 5.61 5.334 9.148 9.227 9.75 9.31 9.959 5.453 4.1015 6.508 5.02 6.075 6.202 6.557 5.727 4.8 3.594 1.465 2.723 3.519 2.928 5.793 6.456 6.439 3.275 3.045 3.863 6.492 4.9 3.726 -9999 -9999 4.377 -9999 3.949 6.374 8.014 5.203 4.327 3.292 2.63 1.849 1.933 2.647 3.578 3.454 5.033 4.407 3.257 2.861 3.691 3.691 3.139 3.19 2.749 3.172 3.83 3.49 3.419 3.34 4.1925 3.904 3.862 3.638 3.578 3.135 3.212 2.412 1.345 0.925 1.067 1.163 0.984
6.8795 5.661 5.798 5.55 5.333 6.218 5.802 7.586 6.823 8.743 8.37 8.98 6.547 6.819 7.67 5.565 6.482 5.962 3.959 4.203 2.703 1.445 1.509 1.84 2.693 3.434 5.6325 5.838 3.429 2.404 2.952 4.132 4.426 3.022 -9999 -9999 -9999 -9999 3.861 4.5565 5.73 6.609 4.338 4.013 3.19 1.858 2.093 1.959 2.63 3.234 4.1 4.26 3.587 2.643 3.19 3.2 2.772 2.718 2.065 3.022 2.561 3.057 2.533 2.49 3.035 2.6695 2.573 3.222 2.534 2.369 2.625 2.19 2.005 2.586 1.222 1.667 1.21
5.6675 5.567 4.43 3.206 3.462 6.07 9.966 8.075 8.415 10.39 8.101 7.824 6.572 7.546 7.145 7.171 6.648 5.674 4.871 5.38 4.249 2.115 1.626 1.705 2.993 3.36 4.3215 6.24 3.307 1.754 1.497 2.818 3.38 2.188 -9999 -9999 -9999 3.07 3.052 4.13 4.333 4.371 4.261 3.375 2.155 1.772 1.078 1.635 1.942 3.132 3.287 3.271 3.053 2.243 2.985 2.945 2.421 1.869 1.977 1.91 2.505 2.393 2.173 2.798 2.669 2.5015 2.511 2.487 2.406 2.346 2.033 2.047 1.79 1.39 1.24 2.493 2.542
4.864 5.0375 2.81 3.457 3.82 5.263 6.93 7.661 6.931 7.454 7.194 7.185 7.916 7.212 7.307 8.404 7.181 4.724 4.652 5.235 4.452 2.742 1.434 1.768 2.771 3.054 3.687 4.9725 4.255 2.28 1.55 2.19 2.503 2.523 2.303 -9999 -9999 -9999 2.489 3.036 3.7195 3.801 3.305 3.419 1.796 1.681 0.858 1.602 1.472 2.33 2.958 2.714 2.029 1.961 1.835 1.893 1.147 0.737 1.239 2.021 2.23 2.22 1.788 1.502 2.456 2.583 2.36 2.521 2.461 2.58 2.076 1.956 1.83 1.328 1.343 2.426 1.797
4.492 4.1665 2.779 3.949 4.472 6.143 7.185 6.692 6.772 6.402 7.605 8.01 6.688 4.905 7.7115 7.238 6.23 5.71 4.738 4.83 4.484 3.301 1.771 1.083 1.777 3.422 4.474 4.306 4.41 3.145 1.339 1.298 1.71 1.945 2.252 -9999 -9999 -9999 2.317 2.223 3.256 3.242 2.978 2.31 1.941 1.507 0.303 1.353 1.486 1.872 1.755 1.578 1.377 1.2465 0.76 0.3 0.939 1.352 2.547 1.683 2.599 2.566 2.674 2.641 2.603 2.569 2.507 2.284 1.837 1.532 2.08 2.045 2.023 1.747 1.298 1.34 1.868
3.941 3.862 4.0785 4.442 4.703 6.362 6.703 6.662 7.699 7.218 7.866 6.751 4.944 5.103 8.102 8.5725 6.216 4.514 3.556 5.072 4.586 3.474 1.269 0.662 1.713 3.072 3.55 3.61 3.689 3.784 2.301 1.364 0.852 1.871 1.993 -9999 -9999 1.089 1.527 2.32 2.6475 3.059 2.159 2.23 1.768 1.055 0.264 1.101 2.102 1.533 1.396 0.995 0.816 0.9845 0.175 0.173 0.871 1.348 1.591 2.499 2.043 2.177 1.927 1.969 2.362 2.352 2.0685 2.014 1.594 2.248 2.432 2.062 1.358 1.815 1.377 1.586 1.576
4.37 5.21 3.5555 4.953 5.944 5.808 7.959 7.055 7.787 6.058 6.61 5.415 3.703 5.166 8.682 8.276 6.641 5.819 2.048 4.052 4.621 2.108 1.42 0.141 1.33 2.603 2.998 2.704 2.952 2.681 1.46 0.884 0.175 1.523 1.903 -9999 -9999 -9999 1.085 2.335 2.793 2.159 2.091 2.408 1.25 0.813 0.119 0.92 1.082 1.458 1.296 1.158 0.824 0.936 0.457 0.216 0.428 1.039 2.064 2.168 1.845 2.016 2.172 1.843 1.832 2.04 1.322 1.5615 1.924 1.105 1.46 1.433 1.26 1.311 1.234 1.333 0.964
3.888 4.7055 4.84566666666667 5.282 6.0225 7.836 7.821 7.613 7.049 5.9305 4.2495 4.082 3.6305 7.2995 8.3665 7.48766666666667 5.735 4.535 2.617 1.7895 2.709 1.746 0.8895 0.0205 0.475 1.253 1.7085 1.585 1.60066666666667 1.541 1.251 0.4595 0.1065 0.703 1.1455 0.256 -9999 -9999 0.7235 1.045 1.9675 2.01733333333333 1.42366666666667 1.091 0.302 0.183 0.035 0.251 0.7755 1.016 1.1 0.641 0.965 0.974 0.310333333333333 0.0576666666666667 0.154 0.224 1.269 1.8275 2.3905 1.4235 1.115 1.1315 1.3485 1.6025 1.6255 1.26566666666667 1.422 1.009 0.7255 0.705 0.568 0.473 0.642 0.1855 0.189
5.117 6.442 6.642 5.079 6.925 7.97 8.148 7.51 5.737 4.743 2.158 3.508 5.286 6.408 6.549 5.7 5.033 2.126 1.425 0.303 1.237 1.413 0.235 0.008 0.016 0.56 1.035 1.16 0.783 0.9085 0.75 0.197 0 0.174 0.364 0.152 -9999 -9999 -9999 0.758 0.912 1.104 1.0735 0.298 -9999 -9999 -9999 0.018 0.269 0.402 1.349 0.27 0.45 1.325 0.469 0.23 0 0.473 1.489 2.423 1.391 1.19 0.662 0.541 0.839 0.847 1.285 1.129 0.2735 0.033 0.32 0.263 0.078 0 0 0 0
5.873 5.498 6.65 5.509 5.683 9.086 8.378 6.734 5.465 3.741 1.649 4.727 5.855 5.803 5.709 5.367 4.39 3.2295 1.33 0.063 0.34 1.346 0.255 0.008 0 0.008 0.467 0.646 0.528 0.521 0.438 0.002 0 0.004 0.205 -9999 -9999 -9999 -9999 -9999 0.382 0.749 -9999 -9999 -9999 -9999 -9999 -9999 0.195 0.307 0.359 0.343 0.24 1.135 0.487 0.241 0 1.206 1.495 1.281 0.705 0.208 0.089 0.078 0.257 0.479 0.823 0.33 0.064 0.244 0.046 0.075 0 0 0 0 0
5.527 5.717 5.798 4.526 7.3155 8.668 7.763 6.171 5.64 3.531 1.094 3.83 5.481 5.49 4.352 3.814 3.491 2.0465 1.384 0.038 0.022 0.735 0.178 0.023 0 0.004 0.008 0.033 0.01 0.024 0.039 0 -9999 -9999 -9999 -9999 -9999 -9999 -9999 -9999 -9999 -9999 -9999 -9999 -9999 -9999 -9999 -9999 -9999 0.033 0 0.207 0.407 0.462 0.678 0.22 0 0.677 0.703 0.452 0.526 0.53 0 0 0.093 0.121 0.302 0.038 0 0 0 0 0 0 0 0 0
6.195 5.178 4.607 4.719 8.6585 9.005 7.559 5.578 4.035 2.282 1 3.675 5.241 4.231 3.647 2.114 1.97 1.264 0.235 0.024 0 0.025 0.008 0 0 0 0 0.006 0 0 0 0 -9999 -9999 -9999 -9999 -9999 -9999 -9999 -9999 -9999 -9999 -9999 -9999 -9999 -9999 -9999 -9999 0 0 0 0 0.495 0.372 0.189 0.53 0 0.166 0.141 0.291 0.701 0.112 0 0 0 0.085 0 0 0 0 0 0 0 0 0 0 0
6.344 4.055 3.776 6.039 8.641 9.3515 7.392 5.247 3.7 1.764 0.695 4.434 5.234 2.623 2.03 1.407 0.821 0.385 0.142 0.005 0 0 0 0 0 0 0 0 -9999 -9999 -9999 -9999 -9999 -9999 -9999 -9999 -9999 -9999 -9999 -9999 -9999 -9999 -9999 -9999 -9999 -9999 -9999 -9999 -9999 0 0 0 0 0 0 0.16 0.066 0 0.084 0.279 0.135 0 0 0 0 0 0 0 0 0 0 0 0 0 0 0 0
6.157 4.383 1.973 5.871 6.994 8.217 5.97 5.855 3.389 1.433 1.224 2.682 4.108 2.096 1.406 0.594 0.215 0.012 0.001 0 0 -9999 -9999 0 0 -9999 0 0 -9999 -9999 -9999 -9999 -9999 -9999 -9999 -9999 -9999 -9999 -9999 -9999 -9999 -9999 -9999 -9999 -9999 -9999 -9999 -9999 -9999 -9999 0 0 0 0 0 0.158 0.053 0 0.269 0.248 0 0 0 0 0 0 0 0 0 0 0 0 0 0 0 0 0
5.829 3.959 1.498 4.805 5.637 6.389 5.9215 4.191 1.891 0.6 0.441 2.966 2.562 1.276 0.46 0.203 0.012 0 -9999 0 -9999 -9999 -9999 0 -9999 -9999 -9999 -9999 -9999 -9999 -9999 -9999 -9999 -9999 -9999 -9999 -9999 -9999 -9999 -9999 -9999 -9999 -9999 -9999 -9999 -9999 -9999 -9999 -9999 -9999 -9999 -9999 -9999 -9999 -9999 -9999 -9999 -9999 0 0 0 0 0 0 0 0 0 0 0 0 0 0 0 0 0 0 0
5.754 3.782 1.514 1.42 4.254 5.367 5.2395 3.272 1.29 0.263 0.45 2.209 0.74 0.69 0.26 0.032 -9999 -9999 -9999 -9999 -9999 -9999 -9999 -9999 -9999 -9999 -9999 -9999 -9999 -9999 -9999 -9999 -9999 -9999 -9999 -9999 -9999 -9999 -9999 -9999 -9999 -9999 -9999 -9999 -9999 -9999 -9999 -9999 -9999 -9999 -9999 -9999 -9999 -9999 -9999 -9999 -9999 -9999 0 0 0 0 0 0 0 0 0 0 0 0 0 0 0 0 0 0 0
5.722 4.331 2.04 0.812 2.143 4.454 4.538 1.975 -9999 -9999 0.342 0.681 0.81 0.375 0.21 0.002 -9999 -9999 -9999 -9999 -9999 -9999 -9999 -9999 -9999 -9999 -9999 -9999 -9999 -9999 -9999 -9999 -9999 -9999 -9999 -9999 -9999 -9999 -9999 -9999 -9999 -9999 -9999 -9999 -9999 -9999 -9999 -9999 -9999 -9999 -9999 -9999 -9999 -9999 -9999 -9999 -9999 -9999 -9999 -9999 -9999 0 0 -9999 -9999 0 0 -9999 -9999 0 -9999 -9999 -9999 -9999 0 0 0
5.468 4.29 3.062 0.595 1.678 4.143 4.194 2.0205 -9999 -9999 -9999 0.307 0.337 0.214 0.097 -9999 -9999 -9999 -9999 -9999 -9999 -9999 -9999 -9999 -9999 -9999 -9999 -9999 -9999 -9999 -9999 -9999 -9999 -9999 -9999 -9999 -9999 -9999 -9999 -9999 -9999 -9999 -9999 -9999 -9999 -9999 -9999 -9999 -9999 -9999 -9999 -9999 -9999 -9999 -9999 -9999 -9999 -9999 -9999 -9999 -9999 -9999 -9999 -9999 -9999 -9999 -9999 -9999 -9999 -9999 -9999 -9999 -9999 -9999 -9999 -9999 -9999
5.128 4.097 2.399 0.545 1.12 3.754 2.863 1.345 -9999 -9999 -9999 -9999 0.212 -9999 -9999 -9999 -9999 -9999 -9999 -9999 -9999 -9999 -9999 -9999 -9999 -9999 -9999 -9999 -9999 -9999 -9999 -9999 -9999 -9999 -9999 -9999 -9999 -9999 -9999 -9999 -9999 -9999 -9999 -9999 -9999 -9999 -9999 -9999 -9999 -9999 -9999 -9999 -9999 -9999 -9999 -9999 -9999 -9999 -9999 -9999 -9999 -9999 -9999 -9999 -9999 -9999 -9999 -9999 -9999 -9999 -9999 -9999 -9999 -9999 -9999 -9999 -9999
4.0185 3.055 1.2665 0.524 0.768 1.839 2.2315 1.467 0.6025 -9999 -9999 -9999 -9999 -9999 -9999 -9999 -9999 -9999 -9999 -9999 -9999 -9999 -9999 -9999 -9999 -9999 -9999 -9999 -9999 -9999 -9999 -9999 -9999 -9999 -9999 -9999 -9999 -9999 -9999 -9999 -9999 -9999 -9999 -9999 -9999 -9999 -9999 -9999 -9999 -9999 -9999 -9999 -9999 -9999 -9999 -9999 -9999 -9999 -9999 -9999 -9999 -9999 -9999 -9999 -9999 -9999 -9999 -9999 -9999 -9999 -9999 -9999 -9999 -9999 -9999 -9999 -9999
3.18 1.055 -9999 -9999 0.41 0.51 0.526 -9999 -9999 -9999 -9999 -9999 -9999 -9999 -9999 -9999 -9999 -9999 -9999 -9999 -9999 -9999 -9999 -9999 -9999 -9999 -9999 -9999 -9999 -9999 -9999 -9999 -9999 -9999 -9999 -9999 -9999 -9999 -9999 -9999 -9999 -9999 -9999 -9999 -9999 -9999 -9999 -9999 -9999 -9999 -9999 -9999 -9999 -9999 -9999 -9999 -9999 -9999 -9999 -9999 -9999 -9999 -9999 -9999 -9999 -9999 -9999 -9999 -9999 -9999 -9999 -9999 -9999 -9999 -9999 -9999 -9999
-9999 -9999 -9999 -9999 -9999 -9999 -9999 -9999 -9999 -9999 -9999 -9999 -9999 -9999 -9999 -9999 -9999 -9999 -9999 -9999 -9999 -9999 -9999 -9999 -9999 -9999 -9999 -9999 -9999 -9999 -9999 -9999 -9999 -9999 -9999 -9999 -9999 -9999 -9999 -9999 -9999 -9999 -9999 -9999 -9999 -9999 -9999 -9999 -9999 -9999 -9999 -9999 -9999 -9999 -9999 -9999 -9999 -9999 -9999 -9999 -9999 -9999 -9999 -9999 -9999 -9999 -9999 -9999 -9999 -9999 -9999 -9999 -9999 -9999 -9999 -9999 -9999
-9999 -9999 -9999 -9999 -9999 -9999 -9999 -9999 -9999 -9999 -9999 -9999 -9999 -9999 -9999 -9999 -9999 -9999 -9999 -9999 -9999 -9999 -9999 -9999 -9999 -9999 -9999 -9999 -9999 -9999 -9999 -9999 -9999 -9999 -9999 -9999 -9999 -9999 -9999 -9999 -9999 -9999 -9999 -9999 -9999 -9999 -9999 -9999 -9999 -9999 -9999 -9999 -9999 -9999 -9999 -9999 -9999 -9999 -9999 -9999 -9999 -9999 -9999 -9999 -9999 -9999 -9999 -9999 -9999 -9999 -9999 -9999 -9999 -9999 -9999 -9999 -9999
-9999 -9999 -9999 -9999 -9999 -9999 -9999 -9999 -9999 -9999 -9999 -9999 -9999 -9999 -9999 -9999 -9999 -9999 -9999 -9999 -9999 -9999 -9999 -9999 -9999 -9999 -9999 -9999 -9999 -9999 -9999 -9999 -9999 -9999 -9999 -9999 -9999 -9999 -9999 -9999 -9999 -9999 -9999 -9999 -9999 -9999 -9999 -9999 -9999 -9999 -9999 -9999 -9999 -9999 -9999 -9999 -9999 -9999 -9999 -9999 -9999 -9999 -9999 -9999 -9999 -9999 -9999 -9999 -9999 -9999 -9999 -9999 -9999 -9999 -9999 -9999 -9999
-9999 -9999 -9999 -9999 -9999 -9999 -9999 -9999 -9999 -9999 -9999 -9999 -9999 -9999 -9999 -9999 -9999 -9999 -9999 -9999 -9999 -9999 -9999 -9999 -9999 -9999 -9999 -9999 -9999 -9999 -9999 -9999 -9999 -9999 -9999 -9999 -9999 -9999 -9999 -9999 -9999 -9999 -9999 -9999 -9999 -9999 -9999 -9999 -9999 -9999 -9999 -9999 -9999 -9999 -9999 -9999 -9999 -9999 -9999 -9999 -9999 -9999 -9999 -9999 -9999 -9999 -9999 -9999 -9999 -9999 -9999 -9999 -9999 -9999 -9999 -9999 -9999
-9999 -9999 -9999 -9999 -9999 -9999 -9999 -9999 -9999 -9999 -9999 -9999 -9999 -9999 -9999 -9999 -9999 -9999 -9999 -9999 -9999 -9999 -9999 -9999 -9999 -9999 -9999 -9999 -9999 -9999 -9999 -9999 -9999 -9999 -9999 -9999 -9999 -9999 -9999 -9999 -9999 -9999 -9999 -9999 -9999 -9999 -9999 -9999 -9999 -9999 -9999 -9999 -9999 -9999 -9999 -9999 -9999 -9999 -9999 -9999 -9999 -9999 -9999 -9999 -9999 -9999 -9999 -9999 -9999 -9999 -9999 -9999 -9999 -9999 -9999 -9999 -9999
