data/derived/r_sen_tempsp.asc
NCOLS 186 
NROWS 74 
XLLCORNER 443300.206538099 
YLLCORNER 4085841.77455235 
CELLSIZE 500 
NODATA_value -9999 
[rows 34 to 67 of 74, columns 0 to 76 of 186]
-9999 -9999 -9999 -9999 -9999 -9999 -9999 -9999 -9999 -9999 -9999 -9999 -9999 -9999 0.077 0.075 0.077 0.069 0.07 -9999 -9999 0.076 0.078 0.0775 0.077 0.075 0.0755 0.076 0.075 0.0745 0.0755 0.0765 0.078 0.08 0.082 0.085 0.078 0.08 0.083 0.089 0.092 0.094 0.095 0.099 0.096 0.1 0.1 0.101 0.101 0.098 0.098 0.105 0.104 0.092 0.093 0.095 0.096 0.097 0.098 0.098 0.082 0.076 0.072 0.093 0.097 0.095 0.094 0.089 0.082 0.07 0.067 0.066 0.065 0.064 0.065 0.062 0.062
-9999 -9999 -9999 -9999 -9999 -9999 -9999 -9999 -9999 -9999 -9999 -9999 -9999 -9999 0.075 0.075 0.076 0.076 0.08 -9999 -9999 -9999 0.0765 0.081 0.082 0.076 0.077 0.075 0.075 0.077 0.075 0.075 0.0755 0.081 0.0776666666666667 0.0793333333333333 0.081 0.082 0.0865 0.0895 0.094 0.0955 0.098 0.099 0.1015 0.103 0.1035 0.103333333333333 0.104 0.1 0.104 0.104 0.098 0.094 0.102 0.09 0.096 0.097 0.098 0.098 0.085 0.075 0.084 0.088 0.09 0.088 0.088 0.068 0.069 0.069 0.065 0.065 0.064 0.0645 0.068 0.073 0.07
-9999 -9999 -9999 -9999 -9999 -9999 -9999 -9999 -9999 -9999 -9999 -9999 -9999 -9999 0.074 0.077 0.075 0.075 0.084 0.085 -9999 0.082 0.082 0.08 0.08 0.075 0.077 0.078 0.076 0.075 0.075 0.077 0.076 0.078 0.078 0.0795 0.082 0.087 0.089 0.094 0.095 0.097 0.102 0.103 0.103 0.106 0.107 0.109 0.1075 0.103 0.103 0.1 0.095 0.091 0.094 0.094 0.092 0.088 0.093 0.085 0.0645 0.072 0.0755 0.0785 0.0785 0.076 0.067 0.068 0.066 0.0655 0.064 0.0605 0.0605 0.0585 0.0586666666666667 0.058 0.058
-9999 -9999 -9999 -9999 -9999 -9999 -9999 -9999 -9999 -9999 -9999 -9999 -9999 -9999 -9999 0.082 0.082 0.084 0.085 0.084 0.085 0.082 0.082 0.0825 0.079 0.075 0.076 0.078 0.077 0.076 0.076 0.077 0.076 0.078 0.079 0.08 0.084 0.087 0.09 0.092 0.097 0.099 0.103 0.103 0.104 0.109 0.11 0.11 0.11 0.1085 0.101 0.1 0.097 0.091 0.098 0.09 0.09 0.088 0.092 0.072 0.068 0.073 0.077 0.075 0.074 0.069 0.067 0.065 0.063 0.064 0.059 0.058 0.055 0.058 0.0556666666666667 0.056 0.0565
-9999 -9999 -9999 -9999 -9999 -9999 -9999 -9999 -9999 -9999 -9999 -9999 -9999 -9999 -9999 0.088 0.093 0.093 0.085 0.087 0.086 0.084 0.084 0.0825 0.082 0.08 0.077 0.077 0.078 0.076 0.077 0.075 0.077 0.082 0.08 0.082 0.083 0.087 0.094 0.095 0.097 0.101 0.104 0.106 0.107 0.109 0.113 0.114 0.114 0.111 0.105 0.102 0.096 0.091 0.092 0.088 0.088 0.09 0.08 0.09 0.082 0.076 0.0745 0.076 0.073 0.06 0.066 0.064 0.062 0.058 0.057 0.055 0.048 0.043 0.045 0.046 0.042
-9999 -9999 -9999 -9999 -9999 -9999 -9999 -9999 -9999 -9999 -9999 -9999 -9999 -9999 -9999 0.092 0.094 0.093 0.086 0.085 0.085 0.085 0.084 0.084 0.084 0.082 0.078 0.078 0.077 0.077 0.077 0.077 0.078 0.082 0.082 0.082 0.084 0.094 0.094 0.092 0.096 0.099 0.106 0.105 0.11 0.112 0.114 0.117 0.118 0.1125 0.106 0.103 0.098 0.089 0.085 0.087 0.091 0.08 0.092 0.091 0.082 0.077 0.0755 0.076 0.075 0.061 0.054 0.062 0.058 0.056 0.055 0.053 0.05 0.037 0.038 0.0365 0.032
-9999 -9999 0.068 -9999 -9999 -9999 -9999 -9999 -9999 -9999 -9999 -9999 -9999 -9999 -9999 0.093 0.091 0.092 0.085 0.086 0.09 0.086 0.085 0.084 0.0835 0.088 0.078 0.078 0.08 0.082 0.082 0.082 0.078 0.081 0.081 0.082 0.083 0.0885 0.092 0.093 0.096 0.099 0.102 0.107 0.11 0.113 0.116 0.116 0.116 0.115 0.109 0.1 0.094 0.085 0.087 0.089 0.079 0.09 0.092 0.09 0.081 0.08 0.07 0.0745 0.07 0.056 0.049 0.05 0.057 0.055 0.054 0.054 0.033 0.027 0.03 0.03 0.0245
-9999 -9999 -9999 -9999 -9999 0.079 0.077 -9999 -9999 -9999 -9999 -9999 0.086 0.092 0.092 0.092 0.091 0.091 0.086 0.087 0.086 0.096 0.094 0.086 0.089 0.088 0.078 0.079 0.08 0.081 0.082 0.08 0.076 0.082 0.082 0.083 0.088 0.0875 0.09 0.091 0.092 0.096 0.1 0.104 0.109 0.111 0.116 0.118 0.119 0.114 0.109 0.098 0.094 0.086 0.087 0.078 0.091 0.091 0.091 0.09 0.091 0.078 0.07 0.076 0.056 0.051 0.048 0.063 0.047 0.055 0.053 0.054 0.043 0.03 0.02 0.023 0.025
-9999 -9999 -9999 0.08 -9999 -9999 -9999 0.083 -9999 -9999 -9999 0.077 0.087 0.09 0.092 0.093 0.092 0.094 0.094 0.086 0.088 0.1 0.1 0.094 0.098 0.098 0.094 0.078 0.079 0.083 0.084 0.087 0.087 0.091 0.093 0.086 0.088 0.085 0.0885 0.092 0.093 0.096 0.098 0.105 0.104 0.109 0.112 0.114 0.116 0.112 0.108 0.0975 0.087 0.086 0.078 0.088 0.091 0.092 0.092 0.092 0.092 0.08 0.064 0.072 0.0695 0.054 0.048 0.058 0.05 0.058 0.05 0.05 0.043 0.027 0.02 0.013 0.02
-9999 0.079 0.083 0.083 0.081 0.083 0.08 0.079 0.079 0.077 0.076 0.08 0.087 0.09 0.091 0.089 0.09 0.088 0.094 0.098 0.102 0.102 0.104 0.108 0.098 0.0865 0.098 0.106 0.11 0.081 0.11 0.09 0.089 0.091 0.092 0.088 0.085 0.086 0.086 0.09 0.092 0.094 0.097 0.101 0.103 0.105 0.108 0.109 0.109 0.106 0.103 0.091 0.083 0.076 0.089 0.092 0.092 0.091 0.091 0.092 0.09 0.08 0.065 0.068 0.077 0.056 0.052 0.063 0.059 0.055 0.049 0.05 0.05 0.043 0.02 0.02 0.033
0.083 0.083 0.084 0.084 0.082 0.083 0.083 0.084 0.081 0.081 0.079 0.082 0.0895 0.091 0.09 0.09 0.091 0.089 0.088 0.098 0.094 0.104 0.104 0.104 0.085 0.089 0.097 0.106 0.112 0.092 0.12 0.095 0.089 0.088 0.096 0.088 0.088 0.087 0.0855 0.087 0.09 0.092 0.092 0.093 0.098 0.101 0.102 0.103 0.1 0.098 0.092 0.0835 0.09 0.09 0.093 0.092 0.094 0.093 0.092 0.094 0.09 0.086 0.083 0.054 0.053 0.057 0.063 0.062 0.058 0.055 0.047 0.047 0.05 0.04 0.02 0.033 0.043
-9999 0.093 0.083 0.0835 0.0845 0.085 0.0855 0.0855 0.083 0.0835 0.081 0.083 0.09 0.089 0.088 0.088 0.088 0.09 0.088 0.09 0.092 0.098 0.091 0.092 0.085 0.085 0.0865 0.1 0.112 0.094 0.093 0.11 0.085 0.087 0.096 0.094 0.087 0.088 0.086 0.085 0.088 0.089 0.09 0.094 0.092 0.094 0.095 0.095 0.091 0.085 0.086 0.078 0.0905 0.092 0.088 0.08 0.084 0.094 0.092 0.093 0.092 0.082 0.07 0.057 0.054 0.0555 0.06 0.062 0.059 0.051 0.047 0.048 0.051 0.049 0.027 0.04 0.047
-9999 -9999 0.09 0.087 0.087 0.093 0.085 0.088 0.087 0.085 0.08 0.08 0.09 0.089 0.088 0.0875 0.0885 0.088 0.0895 0.0905 0.091 0.0905 0.091 0.092 0.0925 0.0945 0.092 0.0993333333333333 0.102 0.1 0.093 0.12 0.086 0.095 0.096 0.095 0.092 0.088 0.088 0.0865 0.086 0.087 0.086 0.086 0.086 0.088 0.085 0.085 0.085 0.083 0.073 0.092 0.0885 0.086 0.078 0.08 0.08 0.088 0.09 0.092 0.088 0.07 0.072 0.061 0.062 0.06 0.058 0.056 0.056 0.051 0.044 0.048 0.051 0.037 0.033 0.046 0.046
-9999 -9999 -9999 0.089 0.09 0.091 0.093 0.09 0.087 0.087 0.083 0.082 0.09 0.089 0.0875 0.085 0.09 0.09 0.088 0.09 0.092 0.091 0.092 0.092 0.094 0.095 0.096 0.0965 0.098 0.107 0.0975 0.095 0.102 0.0955 0.095 0.096 0.0955 0.0945 0.0915 0.0805 0.0795 0.0795 0.0795 0.079 0.078 0.086 0.087 0.075 0.074 0.088 0.08 0.083 0.088 0.0825 0.074 0.074 0.078 0.082 0.084 0.088 0.088 0.058 0.072 0.061 0.059 0.058 0.056 0.054 0.055 0.051 0.046 0.051 0.051 0.05 0.03 0.049 0.047
-9999 -9999 -9999 -9999 -9999 0.089 0.089 0.09 0.087 0.09 0.092 0.08 0.09 0.088 0.088 0.086 0.086 0.088 0.089 0.09 0.089 0.09 0.09 0.092 0.092 0.096 0.097 0.0965 0.112 0.114 0.105 0.097 0.092 0.094 0.095 0.095 0.096 0.096 0.09 0.08 0.073 0.085 0.084 0.076 0.072 0.077 0.077 0.076 0.0815 0.0865 0.091 0.091 0.089 0.07975 0.0765 0.0725 0.072 0.076 0.081 0.0815 0.083 0.0685 0.066 0.06 0.061 0.06 0.05775 0.055 0.054 0.054 0.048 0.051 0.051 0.053 0.04 0.05 0.049
-9999 -9999 -9999 -9999 -9999 -9999 0.089 0.088 0.087 0.085 -9999 0.09 0.09 0.087 0.087 0.0855 0.085 0.085 0.088 0.089 0.089 0.089 0.091 0.091 0.092 0.094 0.096 0.096 0.106 0.108 0.114 0.1 0.093 0.094 0.092 0.093 0.08 0.078 0.076 0.07 0.078 0.089 0.09 0.091 0.086 0.082 0.086 0.086 0.085 0.093 0.093 0.091 0.093 0.083 0.081 0.077 0.072 0.072 0.072 0.076 0.078 0.08 0.073 0.07 0.068 0.064 0.064 0.0623333333333333 0.05 0.0515 0.0525 0.0545 0.054 0.045 0.0545 0.052 0.051
-9999 -9999 -9999 -9999 -9999 0.088 -9999 -9999 -9999 -9999 -9999 -9999 -9999 0.088 0.086 0.0855 0.085 0.085 0.088 0.088 0.09 0.09 0.089 0.091 0.093 0.095 0.097 0.097 0.1045 0.108 0.106 0.104 0.09 0.09 0.077 0.077 0.074 0.07 0.073 0.078 0.09 0.09 0.09 0.092 0.092 0.091 0.086 0.085 0.083 0.082 0.082 0.082 0.096 0.092 0.0865 0.081 0.073 0.074 0.071 0.076 0.074 0.075 0.07 0.073 0.069 0.068 0.069 0.061 0.048 0.054 0.056 0.055 0.055 0.053 0.055 0.055 0.053
-9999 -9999 -9999 -9999 -9999 0.086 0.087 -9999 -9999 -9999 -9999 -9999 -9999 -9999 0.086 0.087 0.0855 0.085 0.085 0.089 0.088 0.09 0.09 0.091 0.092 0.094 0.098 0.097 0.099 0.1035 0.107 0.107 0.106 0.075 0.075 0.08 0.075 0.075 0.09 0.09 0.094 0.094 0.0905 0.09 0.086 0.085 0.081 0.08 0.08 0.083 0.078 0.079 0.083 0.093 0.088 0.086 0.081 0.08 0.076 0.078 0.08 0.077 0.085 0.083 0.074 0.071 0.071 0.062 0.054 0.058 0.059 0.057 0.048 0.058 0.056 0.055 0.057
-9999 -9999 -9999 0.085 0.085 0.087 -9999 -9999 -9999 -9999 -9999 -9999 -9999 -9999 0.086 0.085 0.0855 0.085 0.085 0.083 0.088 0.088 0.09 0.091 0.092 0.096 0.095 0.098 0.092 0.099 0.107 0.107 0.1 0.085 0.08 0.09 0.092 0.091 0.09 0.092 0.094 0.098 0.0925 0.086 0.085 0.081 0.079 0.078 0.083 0.09 0.088 0.095 0.09 0.09 0.09 0.089 0.084 0.08 0.079 0.083 0.08 0.08 0.084 0.081 0.077 0.075 0.073 0.062 0.0545 0.06 0.062 0.06 0.055 0.058 0.058 0.059 0.06
-9999 -9999 -9999 -9999 0.083 0.085 -9999 -9999 -9999 -9999 -9999 -9999 -9999 -9999 -9999 -9999 0.085 0.085 0.085 0.095 0.088 0.092 0.089 0.091 0.095 0.095 0.096 0.092 0.088 0.086 0.093 0.106 0.102 0.09 0.09 0.093 0.09 0.091 0.092 0.092 0.092 0.092 0.095 0.0875 0.085 0.083 0.08 0.08 0.075 0.073 0.085 0.075 0.085 0.089 0.092 0.0885 0.084 0.082 0.081 0.082 0.078 0.08 0.084 0.079 0.073 0.069 0.07 0.068 0.061 0.06 0.063 0.065 0.062 0.06 0.06 0.058 0.058
-9999 -9999 -9999 -9999 0.081 0.081 -9999 -9999 -9999 -9999 -9999 -9999 -9999 -9999 -9999 -9999 0.085 0.0865 0.094 0.093 0.089 0.086 0.091 0.093 0.095 0.098 0.089 0.093 0.09 0.088 0.0825 0.104 0.1 0.092 0.091 0.091 0.092 0.092 0.092 0.098 0.091 0.089 0.091 0.0915 0.082 0.082 0.081 0.08 0.077 0.076 0.08 0.078 0.08 0.087 0.091 0.095 0.088 0.087 0.089 0.083 0.075 0.077 0.082 0.08 0.073 0.066 0.062 0.066 0.058 0.0615 0.067 0.063 0.065 0.067 0.065 0.062 0.062
-9999 -9999 -9999 -9999 -9999 0.082 -9999 -9999 -9999 -9999 -9999 -9999 -9999 -9999 -9999 -9999 0.085 0.0855 0.092 0.09 0.089 0.087 0.093 0.095 0.089 0.089 0.092 0.093 0.09 0.081 0.079 0.098 0.096 0.075 0.073 0.094 0.092 0.09 0.092 0.09 0.086 0.088 0.104 0.093 0.082 0.082 0.083 0.085 0.083 0.078 0.08 0.076 0.082 0.083 0.088 0.097 0.0905 0.089 0.088 0.09 0.083 0.082 0.08 0.079 0.077 0.066 0.066 0.066 0.061 0.0625 0.073 0.07 0.067 0.077 0.075 0.077 0.072
-9999 -9999 -9999 -9999 -9999 -9999 -9999 -9999 -9999 -9999 -9999 -9999 -9999 -9999 -9999 -9999 0.085 0.085 0.087 0.094 0.086 0.082 0.094 0.088 0.09 0.089 0.091 0.085 0.086 0.081 0.076 0.0695 0.07 0.07 0.074 0.072 0.091 0.09 0.091 0.092 0.086 0.092 0.096 0.106 0.0905 0.08 0.078 0.09 0.09 0.085 0.08 0.083 0.084 0.083 0.09 0.097 0.092 0.09 0.088 0.088 0.083 0.083 0.08 0.077 0.074 0.067 0.069 0.066 0.063 0.066 0.085 0.071 0.08 0.085 0.087 0.078 0.078
-9999 -9999 -9999 -9999 -9999 -9999 -9999 -9999 -9999 -9999 -9999 -9999 -9999 -9999 -9999 -9999 -9999 0.084 0.083 0.084 0.081 0.082 0.088 0.089 0.088 0.092 0.088 0.082 0.076 0.078 0.072 0.071 0.07 0.072 0.075 0.072 0.076 0.078 0.09 0.09 0.085 0.083 0.084 0.106 0.1015 0.08 0.08 0.093 0.085 0.085 0.083 0.083 0.087 0.09 0.087 0.094 0.092 0.09 0.089 0.081 0.086 0.078 0.077 0.076 0.069 0.066 0.066 0.069 0.064 0.066 0.0875 0.09 0.085 0.089 0.089 0.086 0.08
-9999 -9999 -9999 -9999 -9999 -9999 -9999 -9999 -9999 -9999 -9999 -9999 -9999 -9999 -9999 -9999 -9999 -9999 0.084 0.0823333333333333 0.0815 0.083 0.0875 0.0895 0.088 0.09 0.09 0.082 0.079 0.073 0.066 0.069 0.0735 0.08 0.078 0.078 0.076 0.08 0.079 0.085 0.087 0.09 0.086 0.097 0.104 0.1015 0.092 0.09 0.091 0.086 0.09 0.088 0.09 0.092 0.085 0.096 0.09 0.089 0.09 0.081 0.078 0.078 0.073 0.072 0.068 0.07 0.07 0.068 0.066 0.085 0.087 0.083 0.086 0.084 0.078 0.08 0.07
-9999 -9999 -9999 -9999 -9999 -9999 -9999 -9999 -9999 -9999 -9999 -9999 -9999 -9999 -9999 -9999 -9999 -9999 -9999 0.0815 0.08 0.086 0.088 0.086 0.088 0.084 0.079 0.077 0.071 0.069 0.066 0.075 0.097 0.085 0.084 0.082 0.0775 0.0805 0.0945 0.1015 0.0995 0.088 0.09 0.086 0.092 0.096 0.098 0.093 0.09 0.09 0.084 0.09 0.091 0.1 0.093 0.083 0.091 0.091 0.0895 0.08 0.08 0.077 0.075 0.072 0.067 0.067 0.066 0.07 0.074 0.078 0.08 0.073 0.072 0.072 0.076 0.078 0.082
-9999 -9999 -9999 -9999 -9999 -9999 -9999 -9999 -9999 -9999 -9999 -9999 -9999 -9999 -9999 -9999 -9999 -9999 -9999 0.082 0.0825 0.086 0.087 0.087 0.08 0.08 0.074 0.074 0.064 0.064 0.068 0.097 0.115 0.1165 0.122 0.088 0.085 0.089 0.122 0.118 0.11 0.107 0.095 0.096 0.088 0.0916666666666667 0.0986666666666667 0.0895 0.0855 0.0805 0.086 0.091 0.095 0.1 0.091 0.096 0.0955 0.093 0.0913333333333333 0.0853333333333333 0.081 0.077 0.074 0.07 0.068 0.07 0.068 0.073 0.073 0.074 0.074 0.076 0.078 0.08 0.09 0.096 0.097
-9999 -9999 -9999 -9999 -9999 -9999 -9999 -9999 -9999 -9999 -9999 -9999 -9999 -9999 -9999 -9999 -9999 -9999 -9999 0.081 0.0805 0.084 0.085 0.083 0.079 0.076 0.072 0.068 0.068 0.065 0.093 0.107 0.11 0.116 0.12 0.12 0.123 0.123 0.116 0.114 0.112 0.11 0.114 0.103 0.102 0.098 0.1025 0.092 0.083 0.087 0.087 0.09 0.09 0.1 0.096 0.097 0.093 0.1 0.097 0.095 0.09 0.085 0.0825 0.0805 0.0805 0.0965 0.0945 0.104 0.081 0.0805 0.081 0.092 0.09625 0.0995 0.1015 0.103 0.1035
-9999 -9999 -9999 -9999 -9999 -9999 -9999 -9999 -9999 -9999 -9999 -9999 -9999 -9999 -9999 -9999 -9999 -9999 -9999 0.066 0.082 0.078 0.078 0.08 0.074 0.075 0.072 0.064 0.062 0.072 0.1 0.108 0.102 0.11 0.116 0.118 0.118 0.114 0.114 0.114 0.108 0.116 0.114 0.12 0.108 0.113 0.103 0.0965 0.083 0.087 0.092 0.094 0.09 0.09 0.103 0.1 0.102 0.097 0.098 0.097 0.0945 0.095 0.092 0.091 0.095 0.098 0.098 0.107 0.088 0.092 0.098 0.102 0.101 0.1025 0.107 0.109 0.11
-9999 -9999 -9999 -9999 -9999 -9999 -9999 -9999 -9999 -9999 -9999 -9999 -9999 -9999 -9999 -9999 -9999 -9999 -9999 0.066 0.07 0.072 0.072 0.074 0.074 0.068 0.068 0.07 0.074 0.072 0.093 0.104 0.102 0.106 0.113 0.112 0.114 0.11 0.108 0.108 0.113 0.112 0.118 0.12 0.118 0.11 0.118 0.102 0.083 0.088 0.091 0.093 0.092 0.095 0.092 0.09 0.093 0.098 0.095 0.095 0.096 0.094 0.094 0.093 0.095 0.099 0.1 0.106 0.11 0.101 0.102 0.103 0.103 0.106 0.11 0.11 0.112
-9999 -9999 -9999 -9999 -9999 -9999 -9999 -9999 -9999 -9999 -9999 -9999 -9999 -9999 -9999 -9999 -9999 -9999 0.068 0.064 0.066 0.0675 0.064 0.065 0.067 0.071 0.067 0.062 0.07 0.072 0.097 0.094 0.103 0.108 0.11 0.12 0.122 0.122 0.122 0.12 0.129 0.116 0.12 0.12 0.123 0.114 0.116 0.1175 0.116 0.085 0.091 0.093 0.098 0.09 0.093 0.094 0.095 0.09 0.091 0.092 0.095 0.093 0.093 0.092 0.097 0.106 0.104 0.108 0.112 0.102 0.103 0.105 0.106 0.1095 0.112 0.114 -9999
-9999 -9999 -9999 -9999 -9999 -9999 -9999 -9999 -9999 -9999 -9999 -9999 -9999 -9999 -9999 -9999 -9999 -9999 0.068 0.066 0.068 0.055 0.0525 0.055 0.061 0.064 0.062 0.064 0.065 0.07 -9999 -9999 0.103 0.108 0.11 0.1135 0.12 0.122 0.122 0.122 0.129 0.114 0.116 0.124 0.123 0.122 0.116 0.118 0.118 0.115 0.115 0.092 0.096 0.096 0.097 0.091 0.09 0.091 0.089 0.087 -9999 0.093 0.092 0.095 0.104 0.106 0.107 0.107 0.112 0.101 0.106 0.109 0.11 0.108 -9999 -9999 -9999
-9999 -9999 -9999 -9999 -9999 -9999 -9999 -9999 -9999 -9999 -9999 -9999 -9999 -9999 -9999 -9999 -9999 -9999 0.058 0.064 0.056 0.05 0.044 0.049 0.053 0.062 0.061 0.062 0.064 -9999 -9999 0.108 0.098 0.112 0.11 0.118 0.118 0.118 0.12 0.122 0.122 0.114 0.125 0.125 0.123 0.122 0.12 0.12 0.119 0.115 0.114 0.114 0.099 0.097 0.092 0.088 -9999 0.085 -9999 -9999 -9999 0.0915 0.096 0.105 0.105 0.109 0.106 0.11 0.11 0.112 0.112 0.11 0.109 0.109 -9999 -9999 -9999
-9999 -9999 -9999 -9999 -9999 -9999 -9999 -9999 -9999 -9999 -9999 -9999 -9999 -9999 -9999 -9999 -9999 0.064 0.06 0.052 0.041 0.039 0.035 0.0425 0.062 0.06 0.06 0.059 -9999 -9999 -9999 0.093 0.1 0.106 0.108 0.117 0.121 0.12 0.12 0.123 0.124 0.115 0.127 -9999 0.123 0.122 0.122 0.124 0.126 0.118 0.116 0.116 0.118 0.113 0.089 -9999 -9999 -9999 -9999 -9999 -9999 0.093 0.0965 0.107 0.107 -9999 -9999 -9999 -9999 -9999 -9999 -9999 -9999 -9999 -9999 -9999 -9999
