data/derived/r_sen_prewi.asc
NCOLS 186 
NROWS 74 
XLLCORNER 443300.206538099 
YLLCORNER 4085841.77455235 
CELLSIZE 500 
NODATA_value -9999 
[rows 34 to 67 of 74, columns 76 to 151 of 186]
9.52 9.315 9 9.18 9.39 9.44 9.48 9.32 9.275 9.44 9.77 9.505 9.345 9.175 9.325 9.505 9.365 9.89 9.195 8.283 7.545 7.57 7.975 8.1425 7.91 7.68 7.681 7.961 7.979 7.463 6.495 5.863 5.475 5.26 4.795 7.008 7.782 8.51 8.155 7.857 7.555 7.218 6.653 5.91 5.199 5.113 7.007 6.947 6.78 7.1335 6.827 7.612 7.482 7.522 7.615 7.538 7.403 7.31 7.423 7.452 7.09 6.587 5.9965 5.581 6.12 5.602 5.477 6.02 6.115 5.638 5.466 5.07 5.477 5.464 5.912 6.487
9.22 9.6 10.82 10.935 9.805 9.6 9.315 9.01 8.93 9.515 9.3775 9.125 8.795 8.6 8.81 9.245 9.81 9.28 9.08 8.002 7.455 7.215 7.73 8.4875 8.835 8.13 7.746 7.644 8.194 7.591 6.38 5.15 4.595 4.28 5.91 6.4 7.56 7.818 7.145 7.124 7.285 6.876 5.985 5.535 5.7 5.743 7.913 7.745 7.718 7.4075 7.963 7.663 7.487 8.027 7.733 7.79 8.068 8.045 8.033 7.79 7.24 7.332 7.0075 6.39 6.17 6.015 5.35 5.253 6.175 5.725 6.678 6.275 5.896 5.966 5.678 6.188
10.822 10.38 10.315 10.445 10.515 10.2 8.405 8.51 8.355 8.975 8.9 8.71 8.32 7.72 8.235 8.725 9.375 8.8 8.55 7.875 7.235 6.378 7.53 8.035 8.605 7.83 7.133 6.857 7.178 7.512 6.52 5.852 5.106 5.533 5.318 6.091 6.54 7.17 6.413 6.343 6.704 6.478 5.89 5.013 4.757 4.84 7.747 7.557 7.305 7.595 7.035 7.037 7.337 7.687 7.033 7.303 7.623 7.577 7.233 7.02 7.177 7.643 7.91 7.674 6.632 7.273 7.016 6.82 7.502 7.468 7.42 7.365 7.056 6.824 6.064 6.525
10.852 10.7385 10.7 10.2775 9.565 9.36 8.972 8.3275 8.14 8.6825 8.4855 7.86275 7.404 6.791 7.7575 8.4775 9 8.685 7.785 7.3755 6.628 5.915 6.8795 7.108 7.9825 8.201 7.788 7.1995 6.162 6.397 6.4235 6.6705 6.613 5.3055 5.013 5.493 5.844 6.44675 5.555 5.362 5.7245 6.0995 5.7225 5.2015 6.0175 5.783 6.5555 5.837 6.9885 7.511 7.3935 7.508 7.1585 7.066 7.5875 7.311 7.3885 7.344 7.644 7.752 7.935 7.6525 7.33 7.86425 7.501 7.8345 7.934 8.494 8.534 8.214 8.2935 7.885 7.81 7.28 6.59 5.733
10.543 10.51 10.51 10.227 9.731 8.957 8.89 7.811 8.177 8.699 8.303 7.892 6.71 6.76 7.281 8.123 8.258 8.438 7.352 6.315 6.516 5.156 5.257 6.137 6.955 8.156 7.777 7.082 6.118 6.393 6.784 7.457 6.257 5.203 4.312 4.702 5.507 5.918 5.2925 4.662 5.03 6.113 5.54 6.143 5.426 4.892 4.959 5.649 6.017 5.92 6.56 6.0565 4.73 5.057 6.857 7.347 7.508 7.563 7.294 7.167 7.781 8.115 8.37 8.477 7.583 7.175 7.759 8.191 7.62 7.9 7.067 6.955 6.062 5.588 5.516 5.192
10.211 10.502 9.729 9.302 9.419 8.607 8.174 7.527 8.285 8.587 8.289 7.794 6.4895 6.47 7.07 7.626 7.639 7.761 7.085 6.225 6.11 5.35 4.89 5.485 6.48 7.611 7.61 6.845 5.801 5.632 6.129 7.219 6.302 5.531 4.678 -9999 4.995 5.472 4.793 5.353 5.18 5.803 5.433 5.9 6.482 5.251 4.26 4.537 4.79 4.577 5.14 5.338 4.167 3.85 4.56 5.333 5.993 6.975 6.765 6.226 6.677 7.731 8.438 8.473 7.03 9.303 7.174 7.766 7.31 6.978 6.809 5.726 4.79 4.576 4.64 6.62
10.1135 10.455 9.739 9.013 8.343 8.167 7.296 8.31 8.612 8.415 8.255 7.915 7.245 6.087 6.878 7.555 7.615 7.405 6.83 6.108 6.082 5.175 4.755 5.42 6.14 6.837 7.1485 7.044 6.021 4.577 5.03 6.343 6.178 5.087 4.545 -9999 4.775 4.986 5.007 4.96 5.113 5.867 5.037 6.46 6.166 5.085 3.722 3.8 3.46 4.09 4.733 5.42 4.3465 4.453 3.54 4.457 4.497 5.453 6.088 5.594 5.404 7.379 8.561 8.338 8.48 9.311 8.695 8.234 8.481 8.524 8.205 5.152 5.569 5.825 6.279 4.92
9.8125 9.8 9.153 8.786 7.97 7.104 7.876 8.813 9.413 9.352 8.105 7.78 7.425 6.062 6.288 7.276 7.645 6.69 6.264 5.674 5.57 5.053 4.82 5.302 5.496 6.217 6.458 6.901 6.344 4.657 5.088 5.578 6.082 5.315 4.352 -9999 4.668 4.811 5.137 5.096 5.147 5.71 6.783 5.793 5.371 4.937 3.598 4.073 3.793 3.617 4.363 5.163 4.205 4.527 4.618 3.817 3.91 3.81 5.418 4.843 5.645 6.939 8.293 8.177 8.438 8.599 8.68 8.199 8.072 8.243 7.968 7.625 7.278 6.53 3.783 3.848
9.778 9.008 8.067 7.751 7.183 6.656 7.621 8.489 8.992 8.708 8.873 8.203 6.828 6.096 5.56 6.842 7.252 6.638 5.614 5.046 4.826 4.922 4.51 4.92 5.265 5.355 6.087 6.572 6.167 4.377 4.585 5.169 5.555 5.228 4.428 -9999 -9999 5.197 -9999 5.9575 4.943 5.573 6.937 5.877 4.846 3.827 2.865 3.269 4.03 4.12 3.783 4.653 4.543 4.087 3.775 4.41 3.613 3.683 3.96 4.323 4.981 6.636 7.692 7.588 7.718 8.605 7.938 7.972 8.251 8.513 8.343 8.055 7.6 6.903 5.952 5.826
8.968 8.073 7.421 6.797 6.445 6.402 7.021 7.917 8.462 8.249 8.488 8.181 7.876 7.441 5.779 6.228 6.696 5.766 4.918 4.477 4.603 4.82 4.5 4.705 4.955 5.08 5.573 6.0525 6.021 4.13 4.358 4.637 5.176 5.106 4.657 -9999 -9999 -9999 -9999 5.811 6.5605 5.11 7.155 6.543 5.748 4.473 3.453 2.83 3.57 4.128 4.243 4.223 3.997 4.34 2.932 4.002 4.147 3.994 3.766 3.761 5.075 6.186 6.979 7.078 7.142 7.983 7.7615 7.691 8.268 8.187 8.255 8.017 7.56 7.635 6.29 5.652
8.207 7.6015 6.802 6.086 5.935 6.027 6.951 7.367 7.779 7.853 8.024 7.834 7.645 7.59 6.971 7.758 6.136 5.25 4.593 4.368 4.694 4.688 4.74 4.525 4.425 5.12 5.232 5.6165 5.686 3.836 4.4 4.772 4.647 4.915 4.888 -9999 -9999 -9999 4.427 5.251 6.1755 6.912 6.804 6.317 5.171 3.933 3.436 2.532 3.334 3.938 4.703 4.287 4.931 3.8555 2.471 3.161 3.24 3.347 3.113 3.773 4.603 5.399 6.284 6.461 7.034 7.752 7.4625 7.577 7.899 8.061 8.131 7.823 7.475 7.388 6.18 5.702
7.892 6.761 6.442 5.862 5.484 6.195 6.655 7.247 7.716 7.457 7.563 7.601 7.286 7.07 6.755 7.2535 7.746 7.342 4.708 4.445 4.56 4.568 4.805 4.425 4.67 5 4.846 5.182 5.289 5.191 4.853 4.345 4.663 4.913 4.954 4.672 -9999 -9999 -9999 4.634 5.253 6.268 6.248 5.791 5.239 4.037 3.2 2.294 3.008 3.692 4.339 4.758 4.406 3.889 2.809 2.773 3.051 3.121 3.159 4.127 4.924 5.832 6.002 6.458 6.882 7.493 7.15 7.4395 7.908 8.11 7.633 7.75 7.339 6.567 5.978 5.48
7.036 6.294 6.1935 5.865 5.22 6.07 6.49 7.286 7.375 7.114 7.195 7.297 7.058 6.657 6.308 7.3045 7.71 7.312 6.846 6.844 4.525 4.46 4.655 4.85 4.13 4.585 5.008 5.235 5.162 5.38 4.738 4.381 4.283 4.737 5.488 5.324 -9999 -9999 -9999 4.279 4.98 5.6935 5.895 5.476 4.728 3.69 3.192 2.133 3.083 3.454 4.157 4.151 3.777 3.499 2.7795 2.043 2.316 3.276 3.96 5.172 5.761 6.997 7.139 7.516 7.655 7.467 7.32 7.341 7.793 7.77 7.416 7.848 7.315 7.411 6.135 5.612
6.346 5.748 6.272 5.9845 5.202 5.891 6.575 7.031 7.185 6.873 6.558 7.016 6.694 6.337 6.546 7.284 7.8745 7.414 6.794 6.485 7.056 7.069 6.685 4.785 4.257 4.947 6.39 4.927 4.869 4.892 4.905 4.863 4.482 3.918 4.881 4.942 -9999 -9999 3.464 3.832 4.515 5.296 5.412 5.041 4.459 3.567 3.4 2.146 3.187 3.422 4.008 3.867 3.458 3.212 2.642 1.812 2.302 4.029 4.317 5.474 6.913 6.598 6.875 7.004 7.185 6.643 7.61 6.8335 7.54 7.009 7.804 7.772 7.348 6.725 6.123 5.532
6.639 5.932 6.234 5.8705 5.242 5.842 6.669 7.287 7.099 6.873 6.335 6.615 6.42 6.061 6.682 7.61 7.714 7.627 7.385 6.427 6.791 7.122 6.626 6.055 5.38 5.028 6.197 6.31 5.181 5.085 4.98 4.858 4.054 3.247 4.472 4.919 -9999 -9999 -9999 3.452 4.267 4.82 5.0655 4.819 4.152 3.853 3.3 2.278 3.383 3.36 3.745 3.42 2.994 2.947 3.13 2.644 3.062 4.04 5.033 5.519 5.899 5.993 6.1 6.472 6.207 6.744 7.203 6.43 6.9005 7.162 6.986 6.797 7.27 6.615 6.017 6.472
6.452 6.1255 6.0535 5.94533333333333 5.52766666666667 5.873 6.794 7.168 6.9485 6.667 6.407 6.068 6.0025 6.094 7.242 7.712 7.57 7.289 6.932 6.565 6.342 6.762 6.407 6.111 5.238 5.741 5.081 5.6005 5.492 5.62266666666667 5.628 5.106 3.6505 3.0435 3.8295 4.322 3.334 -9999 -9999 3.3905 4.1785 4.569 4.68366666666667 4.27033333333333 3.8205 3.488 4.01 2.83 3.167 3.7255 3.7795 3.7315 3.534 3.83 4.1415 3.85566666666667 3.463 3.9485 4.9035 5.869 6.604 7.01 6.3805 6.61 6.513 6.5655 6.831 6.778 6.535 7.067 6.947 5.901 5.996 5.996 5.734 5.6845
6.472 6.067 6.131 6.248 5.591 6.348 7.006 7.062 6.824 6.498 6.203 5.908 6.003 6.756 7.407 7.405 7.256 7.0705 6.654 6.168 5.717 6.34 6.32 5.735 5.185 5.386 5.244 5.434 5.345 5.361 5.389 4.96 4.135 3.25 3.311 3.522 3.127 -9999 -9999 -9999 3.746 4.104 4.073 3.8855 3.922 -9999 -9999 -9999 3.198 3.922 4.351 4.8 4.553 4.824 5.73 5.303 4.6455 4.9 6.653 7.103 7.615 6.979 7.27 6.924 6.649 6.973 6.703 6.462 6.608 6.2885 6.122 6.403 6.216 4.995 4.693 4.653
6.696 6.013 5.946 6.361 5.96 6.0065 7.305 7.084 6.75 6.465 6.047 5.57 6.505 7.079 7.184 7.162 7.102 6.908 6.817 6.352 5.409 5.853 6.46 5.718 5.192 4.645 4.876 5.069 4.95 4.935 4.874 4.656 4.193 3.567 3.45 3.831 -9999 -9999 -9999 -9999 -9999 3.673 3.833 -9999 -9999 -9999 -9999 -9999 -9999 4.238 4.62 5.077 5.028 4.588 6.102 5.615 6.579 9.1185 7.743 7.937 7.939 7.52 8.22 8.615 8.025 7.46 6.834 6.617 6.617 6.072 6.276 5.77 5.634 5.107 4.82 4.374
6.853 6.364 5.818 5.872 5.632 6.7615 7.32 7.014 6.698 6.299 6.36 5.828 6.444 7.003 7.051 6.839 6.833 6.695 6.6625 6.475 5.43 5.365 6.107 5.729 5.442 4.461 4.767 4.795 4.626 4.315 4.367 4.1775 4.323 -9999 -9999 -9999 -9999 -9999 -9999 -9999 -9999 -9999 -9999 -9999 -9999 -9999 -9999 -9999 -9999 -9999 4.007 4.777 4.995 5.977 6.758 7.293 8.43 9.02 8.12 9.065 8.92 8.89 8.69 8.105 7.585 7.125 6.415 6.657 5.76 7.14 6.833 5.712 4.801 4.68 4.347 3.814
6.917 6.36 5.818 5.678 5.777 7.3995 7.403 7.006 6.598 6.233 6 5.933 6.737 7.026 6.853 6.953 6.665 6.442 6.4785 5.864 5.451 5.033 5.583 5.376 5.068 4.568 4.333 4.484 4.459 4.051 3.633 4.0565 4.69 -9999 -9999 -9999 -9999 -9999 -9999 -9999 -9999 -9999 -9999 -9999 -9999 -9999 -9999 -9999 -9999 4.177 4.713 5.078 6.23 6.877 8.79 9.265 8.655 7.9425 7.96 7.975 8.13 8.39 8 7.6 7.285 6.745 6.235 5.87 7.96 7.918 6.1205 5.051 3.991 4.44 4.113 3.533
6.897 6.348 5.66 5.807 6.269 7.104 7.4115 7.015 6.43 6.502 6.015 5.679 6.628 6.974 6.752 6.402 6.55 6.235 5.896 5.6635 5.151 6.07 6.56 6.478 6.175 4.81 5.647 4.019 4.098 -9999 -9999 -9999 -9999 -9999 -9999 -9999 -9999 -9999 -9999 -9999 -9999 -9999 -9999 -9999 -9999 -9999 -9999 -9999 -9999 -9999 5.99 7.86 9.058 9.245 8.595 7.945 7.53 7.19 8.19 7.35 7.725 7.75 7.395 7.22 6.91 6.59 7.38 7.327 7.755 7.738 7.055 5.8705 3.789 4.183 3.507 3.384
6.9 6.263 5.761 5.175 6.15 6.693 7.0135 6.787 6.49 6.087 6.188 6.339 6.37 7.017 6.49 6.437 5.934 6.937 6.777 6.5935 6.388 5.008 -9999 -9999 4.757 3.745 -9999 3.745 3.882 -9999 -9999 -9999 -9999 -9999 -9999 -9999 -9999 -9999 -9999 -9999 -9999 -9999 -9999 -9999 -9999 -9999 -9999 -9999 -9999 -9999 -9999 8.353 8.862 8.31 7.695 7.45 7.55 9.465 9.3725 7.175 7.31 7.125 7.02 6.885 7.337 6.86 7.147 7.37 7.53 7.112 7.49 5.7255 5.395 4.098 3.061 3.273
6.825 6.134 5.715 5.205 5.92 6.13 6.546 6.629 6.497 6.172 5.664 5.636 7.685 7.664 7.407 7.15 6.913 6.743 6.505 -9999 6.097 -9999 -9999 -9999 4.007 -9999 -9999 -9999 -9999 -9999 -9999 -9999 -9999 -9999 -9999 -9999 -9999 -9999 -9999 -9999 -9999 -9999 -9999 -9999 -9999 -9999 -9999 -9999 -9999 -9999 -9999 -9999 -9999 -9999 -9999 -9999 -9999 -9999 -9999 9.5265 8.015 8.75 7.887 7.82 7.24 7.525 7.072 7.65 7.45 7.685 7.628 6.805 4.753 3.583 3.285 2.806
6.663 6.159 5.67 5.09 5.052 6.058 5.964 6.9695 6.797 6.467 6.204 6.58 7.391 7.291 7.197 6.998 6.778 -9999 -9999 -9999 -9999 -9999 -9999 -9999 -9999 -9999 -9999 -9999 -9999 -9999 -9999 -9999 -9999 -9999 -9999 -9999 -9999 -9999 -9999 -9999 -9999 -9999 -9999 -9999 -9999 -9999 -9999 -9999 -9999 -9999 -9999 -9999 -9999 -9999 -9999 -9999 -9999 -9999 -9999 8.682 8.382 8.043 7.782 8.78 8.631 8.686 8.597 8.69 7.18 7.71 7.072 4.575 3.733 3.587 3.6 3.118
6.536 5.995 5.9 5.042 5.15 5.162 6.423 6.9065 6.447 -9999 -9999 6.582 6.885 7.194 7.057 6.918 6.675 -9999 -9999 -9999 -9999 -9999 -9999 -9999 -9999 -9999 -9999 -9999 -9999 -9999 -9999 -9999 -9999 -9999 -9999 -9999 -9999 -9999 -9999 -9999 -9999 -9999 -9999 -9999 -9999 -9999 -9999 -9999 -9999 -9999 -9999 -9999 -9999 -9999 -9999 -9999 -9999 -9999 -9999 -9999 -9999 -9999 8.66 8.557 -9999 -9999 8.445 8.409 -9999 -9999 4.446 -9999 -9999 -9999 -9999 3.191
6.701 6.007 6.037 5.117 4.84 4.928 6.143 6.652 6.2685 -9999 -9999 -9999 6.765 6.994 6.832 6.757 -9999 -9999 -9999 -9999 -9999 -9999 -9999 -9999 -9999 -9999 -9999 -9999 -9999 -9999 -9999 -9999 -9999 -9999 -9999 -9999 -9999 -9999 -9999 -9999 -9999 -9999 -9999 -9999 -9999 -9999 -9999 -9999 -9999 -9999 -9999 -9999 -9999 -9999 -9999 -9999 -9999 -9999 -9999 -9999 -9999 -9999 -9999 -9999 -9999 -9999 -9999 -9999 -9999 -9999 -9999 -9999 -9999 -9999 -9999 -9999
6.431 5.758 5.812 4.865 4.58 4.828 5.983 6.14 6.3065 -9999 -9999 -9999 -9999 6.765 -9999 -9999 -9999 -9999 -9999 -9999 -9999 -9999 -9999 -9999 -9999 -9999 -9999 -9999 -9999 -9999 -9999 -9999 -9999 -9999 -9999 -9999 -9999 -9999 -9999 -9999 -9999 -9999 -9999 -9999 -9999 -9999 -9999 -9999 -9999 -9999 -9999 -9999 -9999 -9999 -9999 -9999 -9999 -9999 -9999 -9999 -9999 -9999 -9999 -9999 -9999 -9999 -9999 -9999 -9999 -9999 -9999 -9999 -9999 -9999 -9999 -9999
6.681 6.156 5.36 4.585 4.635 5.231 5.885 6.3095 6.504 6.483 -9999 -9999 -9999 -9999 -9999 -9999 -9999 -9999 -9999 -9999 -9999 -9999 -9999 -9999 -9999 -9999 -9999 -9999 -9999 -9999 -9999 -9999 -9999 -9999 -9999 -9999 -9999 -9999 -9999 -9999 -9999 -9999 -9999 -9999 -9999 -9999 -9999 -9999 -9999 -9999 -9999 -9999 -9999 -9999 -9999 -9999 -9999 -9999 -9999 -9999 -9999 -9999 -9999 -9999 -9999 -9999 -9999 -9999 -9999 -9999 -9999 -9999 -9999 -9999 -9999 -9999
7.133 6.243 5.955 -9999 -9999 5.196 5.91 6.492 -9999 -9999 -9999 -9999 -9999 -9999 -9999 -9999 -9999 -9999 -9999 -9999 -9999 -9999 -9999 -9999 -9999 -9999 -9999 -9999 -9999 -9999 -9999 -9999 -9999 -9999 -9999 -9999 -9999 -9999 -9999 -9999 -9999 -9999 -9999 -9999 -9999 -9999 -9999 -9999 -9999 -9999 -9999 -9999 -9999 -9999 -9999 -9999 -9999 -9999 -9999 -9999 -9999 -9999 -9999 -9999 -9999 -9999 -9999 -9999 -9999 -9999 -9999 -9999 -9999 -9999 -9999 -9999
7.092 -9999 -9999 -9999 -9999 -9999 -9999 -9999 -9999 -9999 -9999 -9999 -9999 -9999 -9999 -9999 -9999 -9999 -9999 -9999 -9999 -9999 -9999 -9999 -9999 -9999 -9999 -9999 -9999 -9999 -9999 -9999 -9999 -9999 -9999 -9999 -9999 -9999 -9999 -9999 -9999 -9999 -9999 -9999 -9999 -9999 -9999 -9999 -9999 -9999 -9999 -9999 -9999 -9999 -9999 -9999 -9999 -9999 -9999 -9999 -9999 -9999 -9999 -9999 -9999 -9999 -9999 -9999 -9999 -9999 -9999 -9999 -9999 -9999 -9999 -9999
-9999 -9999 -9999 -9999 -9999 -9999 -9999 -9999 -9999 -9999 -9999 -9999 -9999 -9999 -9999 -9999 -9999 -9999 -9999 -9999 -9999 -9999 -9999 -9999 -9999 -9999 -9999 -9999 -9999 -9999 -9999 -9999 -9999 -9999 -9999 -9999 -9999 -9999 -9999 -9999 -9999 -9999 -9999 -9999 -9999 -9999 -9999 -9999 -9999 -9999 -9999 -9999 -9999 -9999 -9999 -9999 -9999 -9999 -9999 -9999 -9999 -9999 -9999 -9999 -9999 -9999 -9999 -9999 -9999 -9999 -9999 -9999 -9999 -9999 -9999 -9999
-9999 -9999 -9999 -9999 -9999 -9999 -9999 -9999 -9999 -9999 -9999 -9999 -9999 -9999 -9999 -9999 -9999 -9999 -9999 -9999 -9999 -9999 -9999 -9999 -9999 -9999 -9999 -9999 -9999 -9999 -9999 -9999 -9999 -9999 -9999 -9999 -9999 -9999 -9999 -9999 -9999 -9999 -9999 -9999 -9999 -9999 -9999 -9999 -9999 -9999 -9999 -9999 -9999 -9999 -9999 -9999 -9999 -9999 -9999 -9999 -9999 -9999 -9999 -9999 -9999 -9999 -9999 -9999 -9999 -9999 -9999 -9999 -9999 -9999 -9999 -9999
-9999 -9999 -9999 -9999 -9999 -9999 -9999 -9999 -9999 -9999 -9999 -9999 -9999 -9999 -9999 -9999 -9999 -9999 -9999 -9999 -9999 -9999 -9999 -9999 -9999 -9999 -9999 -9999 -9999 -9999 -9999 -9999 -9999 -9999 -9999 -9999 -9999 -9999 -9999 -9999 -9999 -9999 -9999 -9999 -9999 -9999 -9999 -9999 -9999 -9999 -9999 -9999 -9999 -9999 -9999 -9999 -9999 -9999 -9999 -9999 -9999 -9999 -9999 -9999 -9999 -9999 -9999 -9999 -9999 -9999 -9999 -9999 -9999 -9999 -9999 -9999
-9999 -9999 -9999 -9999 -9999 -9999 -9999 -9999 -9999 -9999 -9999 -9999 -9999 -9999 -9999 -9999 -9999 -9999 -9999 -9999 -9999 -9999 -9999 -9999 -9999 -9999 -9999 -9999 -9999 -9999 -9999 -9999 -9999 -9999 -9999 -9999 -9999 -9999 -9999 -9999 -9999 -9999 -9999 -9999 -9999 -9999 -9999 -9999 -9999 -9999 -9999 -9999 -9999 -9999 -9999 -9999 -9999 -9999 -9999 -9999 -9999 -9999 -9999 -9999 -9999 -9999 -9999 -9999 -9999 -9999 -9999 -9999 -9999 -9999 -9999 -9999
