data/derived/r_sen_tempwi.asc
NCOLS 186 
NROWS 74 
XLLCORNER 443300.206538099 
YLLCORNER 4085841.77455235 
CELLSIZE 500 
NODATA_value -9999 
[rows 32 to 63 of 74, columns 0 to 73 of 186]
-9999 -9999 -9999 -9999 -9999 -9999 -9999 -9999 -9999 -9999 -9999 -0.023 -0.053 -0.059 -0.059 -0.056 -0.06 -0.043 -0.044 -9999 -0.0475 -0.048 -0.072 -0.071 -0.069 -0.065 -0.073 -0.076 -0.07 -0.062 -0.064 -0.074 -0.068 -0.0625 -0.07 -0.08 -0.074 -0.078 -0.079 -0.082 -0.085 -0.098 -0.103 -0.103 -0.11 -0.102 -0.092 -0.101 -0.092 -0.091 -0.082 -0.072 -0.065 -0.06 -0.054 -0.055 -0.058 -0.055 -0.063 -0.08 -0.088 -0.082 -0.072 -0.057 -0.063 -0.058 -0.053 -0.057 -0.064 -0.073 -0.062 -0.059 -0.0555 -0.056
-9999 -9999 -9999 -9999 -9999 -9999 -9999 -9999 -9999 -9999 -9999 -0.02 -0.021 -0.0375 -0.039 -0.0585 -0.0615 -0.045 -0.043 -9999 -0.04 -0.044 -0.063 -0.071 -0.066 -0.067 -0.066 -0.072 -0.076 -0.065 -0.072 -0.072 -0.07 -0.068 -0.0755 -0.083 -0.084 -0.086 -0.082 -0.084 -0.087 -0.09 -0.094 -0.101 -0.106 -0.108 -0.101 -0.102 -0.097 -0.099 -0.09 -0.081 -0.078 -0.072 -0.059 -0.054 -0.062 -0.058 -0.068 -0.0825 -0.085 -0.087 -0.084 -0.055 -0.052 -0.051 -0.047 -0.051 -0.059 -0.058 -0.061 -0.059 -0.048 -0.056
-9999 -9999 -9999 -9999 -9999 -9999 -9999 -9999 -9999 -9999 -9999 -9999 -9999 -9999 -0.022 -0.023 -0.025 -0.047 -0.045 -9999 -9999 -0.0365 -0.044 -0.0455 -0.0575 -0.0675 -0.0685 -0.0705 -0.071 -0.072 -0.0725 -0.083 -0.07 -0.071 -0.075 -0.08 -0.081 -0.078 -0.082 -0.089 -0.09 -0.094 -0.102 -0.102 -0.1 -0.108 -0.105 -0.1015 -0.105 -0.099 -0.1 -0.082 -0.081 -0.09 -0.065 -0.05 -0.054 -0.064 -0.058 -0.09 -0.079 -0.084 -0.088 -0.049 -0.046 -0.042 -0.038 -0.05 -0.058 -0.055 -0.051 -0.044 -0.042 -0.0475
-9999 -9999 -9999 -9999 -9999 -9999 -9999 -9999 -9999 -9999 -9999 -9999 -9999 -9999 -0.021 -0.025 -0.02 -0.023 -0.02 -9999 -9999 -9999 -0.0265 -0.04 -0.038 -0.06 -0.066 -0.064 -0.068 -0.071 -0.073 -0.074 -0.086 -0.0735 -0.0783333333333333 -0.0826666666666667 -0.086 -0.0915 -0.0925 -0.095 -0.0985 -0.1 -0.104 -0.102 -0.106 -0.1135 -0.1165 -0.112 -0.118333333333333 -0.102 -0.092 -0.087 -0.09 -0.083 -0.073 -0.055 -0.055 -0.059 -0.067 -0.069 -0.074 -0.08 -0.052 -0.047 -0.043 -0.038 -0.038 -0.046 -0.052 -0.05 -0.045 -0.044 -0.036 -0.043
-9999 -9999 -9999 -9999 -9999 -9999 -9999 -9999 -9999 -9999 -9999 -9999 -9999 -9999 -0.023 -0.018 -0.019 -0.013 -0.02 -0.026 -9999 -0.028 -0.033 -0.034 -0.04 -0.065 -0.062 -0.069 -0.068 -0.071 -0.073 -0.077 -0.083 -0.084 -0.088 -0.0935 -0.092 -0.11 -0.107 -0.102 -0.098 -0.101 -0.104 -0.107 -0.11 -0.121 -0.125 -0.124 -0.126 -0.111 -0.105 -0.097 -0.0985 -0.0955 -0.0785 -0.066 -0.0665 -0.06 -0.0685 -0.0725 -0.0675 -0.0695 -0.069 -0.0535 -0.037 -0.031 -0.032 -0.0395 -0.0425 -0.0415 -0.04 -0.0375 -0.033 -0.0365
-9999 -9999 -9999 -9999 -9999 -9999 -9999 -9999 -9999 -9999 -9999 -9999 -9999 -9999 -9999 -0.018 -0.02 -0.017 -0.002 -0.008 -0.009 -0.023 -0.033 -0.0365 -0.039 -0.066 -0.066 -0.078 -0.081 -0.07 -0.074 -0.085 -0.094 -0.084 -0.091 -0.095 -0.105 -0.116 -0.119 -0.098 -0.104 -0.107 -0.112 -0.118 -0.118 -0.126 -0.134 -0.135 -0.133 -0.126 -0.108 -0.109 -0.111 -0.088 -0.07 -0.073 -0.065 -0.08 -0.075 -0.073 -0.07 -0.068 -0.0725 -0.066 -0.062 -0.03 -0.022 -0.028 -0.031 -0.028 -0.031 -0.036 -0.026 -0.044
-9999 -9999 -9999 -9999 -9999 -9999 -9999 -9999 -9999 -9999 -9999 -9999 -9999 -9999 -9999 -0.016 -0.016 -0.013 -0.005 -0.015 0.004 -0.01 -0.021 -0.0335 -0.035 -0.066 -0.066 -0.068 -0.07 -0.073 -0.078 -0.089 -0.086 -0.086 -0.087 -0.087 -0.109 -0.112 -0.089 -0.098 -0.107 -0.117 -0.116 -0.121 -0.124 -0.131 -0.136 -0.142 -0.142 -0.129 -0.118 -0.122 -0.1 -0.102 -0.07 -0.089 -0.082 -0.08 -0.069 -0.066 -0.067 -0.07 -0.064 -0.062 -0.058 -0.064 -0.025 -0.017 -0.022 -0.022 -0.021 -0.02 -0.04 -0.049
-9999 -9999 -9999 -9999 -9999 -9999 -9999 -9999 -9999 -9999 -9999 -9999 -9999 -9999 -9999 -0.003 -0.001 -0.003 -0.005 -0.008 -0.002 -0.003 0 -0.0135 -0.029 -0.033 -0.067 -0.067 -0.078 -0.076 -0.082 -0.084 -0.081 -0.078 -0.079 -0.086 -0.089 -0.084 -0.087 -0.09 -0.103 -0.109 -0.121 -0.127 -0.129 -0.133 -0.142 -0.15 -0.152 -0.1325 -0.128 -0.12 -0.109 -0.085 -0.091 -0.081 -0.076 -0.08 -0.065 -0.07 -0.079 -0.068 -0.0625 -0.055 -0.048 -0.04 -0.04 -0.02 -0.01 -0.015 -0.022 -0.017 -0.041 -0.053
-9999 -9999 0.013 -9999 -9999 -9999 -9999 -9999 -9999 -9999 -9999 -9999 -9999 -9999 -9999 -0.003 -0.003 -0.004 0.005 -0.02 -0.022 -0.022 -0.004 -0.008 -0.0175 -0.032 -0.061 -0.067 -0.072 -0.073 -0.074 -0.08 -0.088 -0.082 -0.083 -0.09 -0.105 -0.093 -0.095 -0.092 -0.097 -0.109 -0.117 -0.128 -0.133 -0.137 -0.144 -0.152 -0.156 -0.142 -0.1345 -0.118 -0.1 -0.096 -0.084 -0.077 -0.078 -0.064 -0.059 -0.073 -0.078 -0.075 -0.064 -0.055 -0.056 -0.06 -0.056 -0.044 -0.02 -0.017 -0.027 -0.019 -0.044 -0.056
-9999 -9999 -9999 -9999 -9999 0.015 0.007 -9999 -9999 -9999 -9999 -9999 -0.004 -0.002 -0.003 -0.001 -0.012 0 0.008 0.002 -0.018 -0.023 -0.025 -0.013 -0.024 -0.023 -0.06 -0.065 -0.068 -0.072 -0.082 -0.086 -0.09 -0.082 -0.1 -0.11 -0.091 -0.0925 -0.103 -0.103 -0.096 -0.102 -0.109 -0.118 -0.128 -0.135 -0.148 -0.155 -0.156 -0.147 -0.1335 -0.11 -0.099 -0.088 -0.082 -0.079 -0.073 -0.067 -0.063 -0.071 -0.078 -0.074 -0.065 -0.054 -0.057 -0.056 -0.058 -0.06 -0.045 -0.015 -0.018 -0.023 -0.046 -0.063
-9999 -9999 -9999 0.01 -9999 -9999 -9999 0.013 -9999 -9999 -9999 -0.005 0.0015 0.001 0.003 -0.001 -0.005 -0.002 -0.012 -0.012 -0.014 -0.024 -0.027 -0.02 -0.033 -0.0285 -0.02 -0.056 -0.062 -0.075 -0.082 -0.074 -0.079 -0.079 -0.087 -0.088 -0.087 -0.09 -0.101 -0.107 -0.111 -0.108 -0.112 -0.118 -0.122 -0.132 -0.137 -0.15 -0.147 -0.138 -0.137 -0.108 -0.1 -0.088 -0.084 -0.081 -0.072 -0.063 -0.067 -0.065 -0.06 -0.063 -0.059 -0.056 -0.051 -0.055 -0.052 -0.056 -0.055 -0.019 -0.02 -0.018 -0.051 -0.063
-9999 0.01 0.003 0.005 -0.005 -0.005 -0.003 -0.003 -0.002 -0.003 -0.001 -0.001 -5e-04 -0.002 0 0.002 0.01 0.02 -0.007 -0.016 -0.022 -0.027 -0.033 -0.033 -0.036 -0.042 -0.03 -0.05 -0.06 -0.075 -0.067 -0.076 -0.08 -0.083 -0.083 -0.089 -0.09 -0.089 -0.095 -0.102 -0.107 -0.11 -0.115 -0.116 -0.123 -0.128 -0.136 -0.133 -0.142 -0.136 -0.128 -0.1115 -0.092 -0.081 -0.078 -0.066 -0.064 -0.073 -0.085 -0.074 -0.057 -0.056 -0.059 -0.052 -0.0495 -0.037 -0.052 -0.033 -0.027 -0.02 -0.019 -0.018 -0.031 -0.051
0.00666666666666667 -0.004 -0.001 -0.002 -0.003 -0.01 -0.01 -0.006 -0.01 -0.005 -0.004 0 0 0.003 0.005 0.007 0.012 0.01 0.003 -0.015 -0.017 -0.028 -0.03 -0.028 -0.034 -0.04 -0.05 -0.06 -0.062 -0.058 -0.07 -0.07 -0.072 -0.071 -0.071 -0.088 -0.088 -0.089 -0.0915 -0.098 -0.101 -0.103 -0.109 -0.11 -0.113 -0.114 -0.13 -0.132 -0.123 -0.109 -0.107 -0.097 -0.075 -0.069 -0.066 -0.057 -0.052 -0.071 -0.082 -0.067 -0.052 -0.049 -0.049 -0.049 -0.0395 -0.031 -0.035 -0.03 -0.024 -0.013 -0.02 -0.016 -0.029 -0.057
-9999 0.023 0.0015 -0.001 -0.0015 -0.003 -0.006 -0.01 -0.0135 -0.013 -0.0135 -0.007 -0.0045 0.0015 0.015 0.015 0.019 0.02 0.025 0.003 -0.011 -0.023 -0.002 -0.005 -0.031 -0.036 -0.04 -0.06 -0.047 -0.051 -0.057 -0.062 -0.064 -0.072 -0.07 -0.08 -0.083 -0.086 -0.087 -0.0915 -0.098 -0.104 -0.099 -0.105 -0.101 -0.11 -0.105 -0.11 -0.111 -0.096 -0.092 -0.087 -0.067 -0.056 -0.054 -0.045 -0.049 -0.069 -0.077 -0.071 -0.064 -0.051 -0.044 -0.042 -0.034 -0.0325 -0.013 -0.017 -0.021 -0.019 -0.019 -0.018 -0.029 -0.051
-9999 -9999 0.018 0.003 -0.001 0.009 0 -0.006 -0.008 -0.009 -0.002 0.001 0.001 0.01 0.0176666666666667 0.024 0.0295 0.035 0.028 0.03 0.0225 0.015 0.014 0.009 0.0045 0.003 -0.0233333333333333 -0.0243333333333333 -0.04 -0.044 -0.05 -0.066 -0.065 -0.068 -0.068 -0.08 -0.08 -0.08 -0.08 -0.0885 -0.092 -0.104 -0.096 -0.098 -0.092 -0.092 -0.1 -0.09 -0.101 -0.087 -0.073 -0.063 -0.0505 -0.048 -0.044 -0.034 -0.045 -0.056 -0.07 -0.068 -0.061 -0.055 -0.042 -0.038 -0.032 -0.019 -0.009 -0.01 -0.012 -0.019 -0.02 -0.019 -0.032 -0.058
-9999 -9999 -9999 0.022 0.017 0.015 0.001 0 -0.002 0.003 0.003 0 0.007 0.022 0.0285 0.036 0.045 0.032 0.038 0.043 0.034 0.044 0.022 0.012 0.007 -0.005 -0.003 -0.0205 -0.0385 -0.038 -0.05 -0.059 -0.067 -0.0635 -0.063 -0.068 -0.0745 -0.0785 -0.0795 -0.0845 -0.09475 -0.092 -0.0945 -0.089 -0.0805 -0.086 -0.082 -0.084 -0.082 -0.079 -0.065 -0.051 -0.045 -0.0355 -0.032 -0.025 -0.038 -0.049 -0.05 -0.058 -0.06 -0.054 -0.049 -0.038 -0.032 -0.036 -0.0155 -0.007 -0.013 -0.013 -0.025 -0.017 -0.022 -0.053
-9999 -9999 -9999 -9999 -9999 0.03 0.013 0.014 0.015 0.012 0.01 0.009 0.011 0.024 0.034 0.0375 0.03 0.046 0.025 -0.004 0.025 0.04 0.018 0.008 0.005 -0.005 -0.01 -0.006 -0.042 -0.045 -0.052 -0.056 -0.054 -0.058 -0.067 -0.067 -0.073 -0.083 -0.085 -0.088 -0.081 -0.088 -0.078 -0.07 -0.066 -0.066 -0.063 -0.062 -0.0575 -0.056 -0.052 -0.042 -0.036 -0.027 -0.0135 -0.0135 -0.021 -0.0345 -0.0415 -0.0465 -0.0535 -0.0455 -0.045 -0.037 -0.0325 -0.0345 -0.01775 -0.002 -0.013 -0.012 -0.022 -0.015 -0.028 -0.046
-9999 -9999 -9999 -9999 -9999 -9999 0.027 0.03 0.037 0.033 -9999 0.012 0.015 0.033 0.04 0.035 0.035 0.028 0.05 -0.002 0.001 0.037 0.001 -0.002 -0.002 -0.003 -0.012 -0.007 -0.0225 -0.045 -0.058 -0.06 -0.053 -0.056 -0.062 -0.065 -0.074 -0.078 -0.078 -0.075 -0.074 -0.0815 -0.073 -0.063 -0.053 -0.061 -0.048 -0.042 -0.046 -0.044 -0.039 -0.036 -0.032 -0.028 -0.012 -0.009 -0.013 -0.024 -0.032 -0.041 -0.042 -0.035 -0.034 -0.028 -0.029 -0.019 -0.007 -0.009 -0.0095 -0.014 -0.0145 -0.014 -0.031 -0.0515
-9999 -9999 -9999 -9999 -9999 0.04 -9999 -9999 -9999 -9999 -9999 -9999 -9999 0.03 0.04 0.035 0.03 0.02 0.02 -0.001 0.001 0.004 -0.002 -0.004 -0.003 -0.007 -0.01 -0.005 -0.0265 -0.058 -0.06 -0.066 -0.058 -0.058 -0.062 -0.067 -0.074 -0.068 -0.063 -0.065 -0.073 -0.078 -0.065 -0.059 -0.055 -0.044 -0.04 -0.035 -0.041 -0.04 -0.039 -0.037 -0.027 -0.011 -0.005 -0.004 -0.015 -0.023 -0.031 -0.038 -0.036 -0.031 -0.026 -0.028 -0.018 -0.011 -0.007 -0.0085 -0.007 -0.013 -0.013 -0.014 -0.05 -0.053
-9999 -9999 -9999 -9999 -9999 0.041 0.043 -9999 -9999 -9999 -9999 -9999 -9999 -9999 0.03 0.032 0.044 0.042 0.04 0.05 0.025 -0.001 -0.014 -0.003 -0.013 -0.012 -0.007 -0.004 -0.005 -0.025 -0.019 -0.025 -0.038 -0.059 -0.065 -0.068 -0.064 -0.063 -0.058 -0.066 -0.072 -0.077 -0.068 -0.053 -0.051 -0.043 -0.027 -0.03 -0.018 -0.036 -0.033 -0.035 -0.033 -0.009 -0.01 -0.0085 -0.02 -0.024 -0.029 -0.036 -0.038 -0.027 -0.023 -0.018 -0.007 -0.006 -0.007 -0.007 -0.009 -0.011 -0.01 -0.026 -0.052 -0.037
-9999 -9999 -9999 0.04 0.043 0.043 -9999 -9999 -9999 -9999 -9999 -9999 -9999 -9999 0.038 0.028 0.0525 0.065 0.035 0.04 0.002 -0.003 -0.016 -0.002 -0.015 -0.01 -0.018 -0.003 -0.005 -0.0165 -0.017 -0.016 -0.02 -0.055 -0.062 -0.068 -0.062 -0.05 -0.058 -0.066 -0.072 -0.072 -0.06 -0.05 -0.046 -0.029 -0.03 -0.017 -0.014 -0.028 -0.034 -0.037 -0.021 -0.01 -0.013 -0.009 -0.026 -0.024 -0.031 -0.038 -0.031 -0.023 -0.01 -0.003 -0.01 -0.006 -0.008 -0.007 -0.0015 -0.008 -0.02 -0.042 -0.027 -0.032
-9999 -9999 -9999 -9999 0.04 0.04 -9999 -9999 -9999 -9999 -9999 -9999 -9999 -9999 -9999 -9999 0.062 0.03 0 -0.006 -0.001 -0.017 -0.012 -0.007 -0.008 -0.009 -0.01 -0.009 -0.007 -0.002 -0.0105 -0.011 -0.015 -0.051 -0.056 -0.055 -0.047 -0.048 -0.056 -0.065 -0.065 -0.058 -0.059 -0.052 -0.045 -0.043 -0.029 -0.012 -0.02 -0.01 -0.021 -0.009 -0.012 -0.03 -0.01 -0.018 -0.027 -0.027 -0.035 -0.035 -0.031 -0.025 -0.011 -0.005 -0.005 -0.007 -0.007 -0.007 -0.005 -0.008 -0.01 -0.044 -0.038 -0.016
-9999 -9999 -9999 -9999 0.05 0.05 -9999 -9999 -9999 -9999 -9999 -9999 -9999 -9999 -9999 -9999 0.065 0.021 -0.009 -0.008 -0.006 -0.016 -0.008 -0.002 -0.003 -0.007 -0.013 -0.016 -0.005 -0.002 -0.0095 -0.011 -0.015 -0.032 -0.045 -0.043 -0.043 -0.044 -0.052 -0.061 -0.057 -0.051 -0.047 -0.0295 -0.029 -0.042 -0.036 -0.016 -0.02 -0.02 -0.009 -0.01 -0.015 -0.027 -0.01 -0.014 -0.03 -0.032 -0.035 -0.03 -0.026 -0.026 -0.006 -0.004 -0.005 -0.007 -0.007 0 -0.01 -0.008 -0.029 -0.027 -0.032 -0.015
-9999 -9999 -9999 -9999 -9999 0.057 -9999 -9999 -9999 -9999 -9999 -9999 -9999 -9999 -9999 -9999 0.055 0.023 -0.006 -0.005 -0.006 -0.006 -0.002 -0.002 -0.01 -0.008 -0.013 -0.009 -0.001 -0.004 -0.02 -0.01 -0.015 -0.021 -0.013 -0.028 -0.041 -0.043 -0.052 -0.052 -0.046 -0.045 -0.022 -0.0285 -0.03 -0.028 -0.03 -0.021 -0.012 -0.023 -0.012 -0.017 -0.011 -0.023 -0.011 -0.017 -0.03 -0.031 -0.032 -0.031 -0.013 -0.008 -0.003 -0.005 -0.006 -0.006 -0.001 -0.002 -0.009 -0.008 -0.017 -0.024 -0.019 -0.016
-9999 -9999 -9999 -9999 -9999 -9999 -9999 -9999 -9999 -9999 -9999 -9999 -9999 -9999 -9999 -9999 0.038 0.057 -0.004 -0.005 -0.005 0.025 0.01 -0.01 -0.011 -0.012 -0.015 -0.005 -0.001 -0.013 -0.024 -0.0315 -0.01 -0.006 -0.01 -0.007 -0.032 -0.044 -0.046 -0.048 -0.04 -0.02 -0.024 -0.022 -0.027 -0.029 -0.029 -0.027 -0.018 -0.007 -0.013 -0.011 -0.013 -0.01 -0.019 -0.031 -0.034 -0.0345 -0.032 -0.027 -0.003 -0.01 -0.013 -0.004 -0.007 -0.008 0.005 -0.004 -0.008 -0.007 -0.02 -0.021 -0.012 -0.017
-9999 -9999 -9999 -9999 -9999 -9999 -9999 -9999 -9999 -9999 -9999 -9999 -9999 -9999 -9999 -9999 -9999 0.023 0.0395 0.038 0.03 0.024 0.005 -0.006 -0.013 -0.015 -0.014 -0.005 -0.006 -0.019 -0.027 -0.021 -0.02 -0.018 -0.015 -0.022 -0.009 -0.02 -0.035 -0.035 -0.019 -0.023 -0.024 -0.023 -0.0255 -0.029 -0.029 -0.023 -0.009 -0.007 -0.005 -0.008 -0.03 -0.027 -0.019 -0.037 -0.035 -0.034 -0.033 -0.012 -0.003 -0.005 -0.007 -0.006 -0.007 -0.008 0.005 -0.007 -0.008 -0.009 -0.018 -0.013 -0.025 -0.026
-9999 -9999 -9999 -9999 -9999 -9999 -9999 -9999 -9999 -9999 -9999 -9999 -9999 -9999 -9999 -9999 -9999 -9999 0.023 0.0306666666666667 0.0145 0.005 -0.003 -0.0145 -0.015 -0.016 -0.011 -0.004 -0.008 -0.023 -0.02 -0.02 -0.018 -0.026 -0.012 -0.015 -0.021 -0.01 -0.01 -0.011 -0.01 -0.005 -0.006 -0.022 -0.024 -0.026 -0.02 -0.01 -0.007 -0.001 -0.003 -0.003 -0.01 -0.006 -0.027 -0.038 -0.034 -0.035 -0.0345 -0.029 -0.005 -0.006 -0.007 -0.007 -0.007 -0.001 0.002 -0.006 -0.008 -0.03 -0.022 -0.0285 -0.035 -0.034
-9999 -9999 -9999 -9999 -9999 -9999 -9999 -9999 -9999 -9999 -9999 -9999 -9999 -9999 -9999 -9999 -9999 -9999 -9999 0.018 0.002 -0.003 -0.012 -0.017 -0.02 -0.016 -0.009 -0.0015 -0.0135 -0.026 -0.016 -0.0165 -0.02475 -0.0245 -0.0155 -0.0145 -0.0175 -0.0165 -0.014 -0.005 -0.003 0.002 -0.003 -0.023 -0.023 -0.023 -0.007 -0.025 0.004 0.003 0.002 0.002 -0.013 -0.013 -0.028 -0.025 -0.024 -0.035 -0.0345 -0.016 -0.005 -0.006 -0.007 -0.007 0.005 0.006 -0.002 -0.007 -0.015 -0.036 -0.028 -0.0355 -0.034 -0.03
-9999 -9999 -9999 -9999 -9999 -9999 -9999 -9999 -9999 -9999 -9999 -9999 -9999 -9999 -9999 -9999 -9999 -9999 -9999 0.012 0 -0.009 -0.016 -0.021 -0.022 -0.022 -0.015 -0.004 -0.016 -0.017 -0.017 -0.02 -0.033 -0.023 -0.011 -0.008 -0.013 -0.007 -0.005 -0.002 -0.001 0.0015 -0.0025 -0.0105 -0.014 -0.0106666666666667 -0.00566666666666667 0.0095 0.0045 0 0.0055 -0.015 -0.003 -0.018 -0.026 -0.025 -0.025 -0.0245 -0.0216666666666667 -0.012 -0.0065 -0.013 -0.007 -0.008 0.002 0.005 -0.007 -0.006 -0.03 -0.034 -0.033 -0.0345 -0.028 -0.036
-9999 -9999 -9999 -9999 -9999 -9999 -9999 -9999 -9999 -9999 -9999 -9999 -9999 -9999 -9999 -9999 -9999 -9999 -9999 -0.002 -0.008 -0.013 -0.021 -0.025 -0.025 -0.025 -0.018 -0.008 -0.01 -0.017 -0.02 -0.027 -0.026 -0.023 -0.01 -0.011 -0.011 -0.011 -0.012 0.002 0.003 0 0 -0.008 -0.013 0.003 0.001 0.006 -0.001 0.003 0.011 -0.015 0 -0.009 -0.019 -0.018 -0.017 -0.011 -0.003 -0.007 -0.02 -0.008 -0.0015 -0.002 0.0045 0.007 0.0085 -0.0135 -0.033 -0.0305 -0.035 -0.033 -0.02575 -0.012
-9999 -9999 -9999 -9999 -9999 -9999 -9999 -9999 -9999 -9999 -9999 -9999 -9999 -9999 -9999 -9999 -9999 -9999 -9999 0 0.001 -0.0105 -0.019 -0.027 -0.035 -0.037 -0.026 -0.015 -0.008 -0.013 -0.03 -0.018 -0.02 -0.03 -0.009 -0.014 -0.014 -0.008 0 -0.003 -0.013 -0.007 -0.001 -0.003 -0.005 -0.007 -0.01 -0.002 0.005 0.003 0.015 -0.01 -0.007 0 -0.013 -0.009 -0.008 -0.007 -0.003 -0.003 -0.0185 0.005 0.005 0.004 0.006 0.008 0.012 -0.02 -0.031 -0.036 -0.029 -0.02 0.01 0.008
-9999 -9999 -9999 -9999 -9999 -9999 -9999 -9999 -9999 -9999 -9999 -9999 -9999 -9999 -9999 -9999 -9999 -9999 -9999 -0.025 0.002 -0.0125 -0.019 -0.025 -0.025 -0.037 -0.04 -0.028 -0.017 -0.015 -0.028 -0.019 -0.021 -0.031 -0.011 -0.01 -0.003 0.004 0.01 -0.01 -0.018 -0.012 -0.01 0 -0.005 -0.005 -0.005 -0.0015 0.011 0.004 0.006 0.011 -0.013 -0.008 0.002 -0.013 -0.018 -0.007 -0.012 -0.01 -0.014 0.005 0.003 0.007 0.007 0.01 0.013 -0.023 -0.021 -0.02 -0.018 -0.01 0.01 0.0175
