data/derived/r_sen_tempsu.asc
NCOLS 186 
NROWS 74 
XLLCORNER 443300.206538099 
YLLCORNER 4085841.77455235 
CELLSIZE 500 
NODATA_value -9999 
[rows 33 to 65 of 74, columns 74 to 147 of 186]
-0.055 -0.057 -0.058 -0.061 -0.062 -0.061 -0.061 -0.077 -0.075 -0.072 -0.069 -0.0435 -0.05 -0.059 -0.056 -0.05 -0.046 -0.042 -0.041 -0.042 -0.037 -0.013 -0.009 -0.012 -0.0115 -0.012 -0.012 -0.013 -0.014 -0.005 0 0.009 0.008 -0.02 -0.026 -0.026 -0.034 -0.001 0 -0.002 -0.005 -0.007 -0.007 -0.013 -0.013 -0.007 -0.004 -0.007 -0.004 -0.01 -0.007 -0.01 -0.01 -0.009 -0.006 -0.004 -0.003 -0.003 -0.022 -0.021 -0.027 -0.028 -0.029 -0.038 -0.049 -0.05 -0.041 -0.05 -0.052 -0.053 -0.054 -0.052 -0.054 -0.057
-0.069 -0.069 -0.07 -0.071 -0.08 -0.07 -0.086 -0.085 -0.084 -0.083 -0.08 -0.054 -0.043 -0.04 -0.05 -0.058 -0.05 -0.046 -0.044 -0.037 -0.032 -0.041 -0.039 -0.012 -0.015 -0.0175 -0.014 -0.01 -0.002 0.004 0.007 0 -0.018 -0.01 -0.025 -0.03 -0.038 0 0 -0.003 -0.008 -0.007 -0.003 -0.01 -0.013 -0.007 -0.003 -0.007 -0.01 -0.01 -0.007 -0.017 -0.013 -0.008 -0.007 -0.003 -0.002 0 -0.002 -0.001 0.001 -0.02 -0.026 -0.027 -0.044 -0.044 -0.047 -0.05 -0.049 -0.05 -0.051 -0.053 -0.057 -0.056
-0.081 -0.082 -0.082 -0.083 -0.085 -0.084 -0.083 -0.084 -0.088 -0.073 -0.063 -0.062 -0.0525 -0.038 -0.04 -0.06 -0.044 -0.05 -0.067 -0.043 -0.047 -0.048 -0.047 -0.049 -0.02 -0.0155 -0.006 -0.006 -0.004 0 0.002 -0.02 -0.018 -0.02 -0.028 -0.038 -0.033 -0.032 -0.005 -0.003 -0.002 -0.007 -0.013 -0.013 -0.017 -0.01 -0.01 0 -0.003 -0.007 -0.017 -0.014 -0.01 -0.01 -0.007 -0.003 0.001 0.001 0 0 0.003 0.007 0.003 0.003 -0.02 -0.04 -0.04 -0.044 -0.047 -0.05 -0.047 -0.051 -0.045 -0.044
-0.098 -0.096 -0.101 -0.072 -0.094 -0.089 -0.09 -0.08 -0.076 -0.066 -0.066 -0.071 -0.065 -0.065 -0.064 -0.056 -0.048 -0.05 -0.069 -0.057 -0.058 -0.05 -0.047 -0.054 -0.046 -0.02 -0.0095 -0.009 -0.025 -0.022 -0.027 -0.027 -0.022 -0.029 -0.036 -0.04 -0.031 -0.032 -0.008 -0.004 0 -0.009 -0.013 -0.007 -0.01 -0.014 -0.014 -0.017 -0.01 -0.014 -0.012 -0.011 -0.0105 -0.003 -0.003 -0.001 0 0.003 0.007 0.007 0.003 0.003 0.01 0.007 0.004 -0.003 -0.04 -0.034 -0.047 -0.047 -0.04 -0.048 -0.051 -0.052
-0.11 -0.1105 -0.1105 -0.1105 -0.1105 -0.0905 -0.084 -0.085 -0.0915 -0.0875 -0.0815 -0.091 -0.0985 -0.084 -0.07 -0.061 -0.0545 -0.055 -0.072 -0.0765 -0.06 -0.0555 -0.053 -0.0525 -0.0515 -0.0355 -0.02425 -0.021 -0.0315 -0.038 -0.0405 -0.034 -0.032 -0.036 -0.0425 -0.041 -0.031 -0.03 -0.0165 -0.00625 -0.0065 -0.007 -0.008 -0.0105 -0.01 -0.0105 -0.011 -0.009 -0.009 -0.011 -0.0085 -0.008 -0.00625 -0.004 -0.004 -0.0015 -0.0015 -0.0035 0 0.003 0.0015 5e-04 0.005 0.005 0.007 0.004 -0.001 -0.005 -0.021 -0.021 -0.038 -0.0415 -0.04 -0.045
-0.12 -0.124 -0.12 -0.12 -0.119 -0.115 -0.102 -0.095 -0.09 -0.1 -0.098 -0.092 -0.102 -0.093 -0.077 -0.063 -0.058 -0.077 -0.075 -0.09 -0.064 -0.057 -0.055 -0.057 -0.06 -0.045 -0.048 -0.045 -0.055 -0.049 -0.042 -0.044 -0.046 -0.05 -0.05 -0.041 -0.033 -0.039 -0.04 -0.022 0.0015 0 -0.004 -0.007 -0.007 -0.006 -0.004 -0.006 -0.005 -0.004 -0.006 -0.003 -0.003 -0.0025 -0.002 -0.007 -0.006 -0.007 -0.004 -0.005 -0.004 -0.003 0.002 0.003 0.007 0.007 0.0035 0 -0.001 -0.003 -0.006 -0.004 -0.003 -0.048
-0.125 -0.1245 -0.123 -0.123 -0.122 -0.119 -0.108 -0.099 -0.093 -0.09 -0.101 -0.096 -0.098 -0.096 -0.0785 -0.067 -0.067 -0.078 -0.078 -0.09 -0.065 -0.058 -0.055 -0.065 -0.061 -0.04 -0.049 -0.05 -0.053 -0.049 -0.05 -0.054 -0.05 -0.054 -0.055 -0.05 -0.036 -9999 -0.041 -0.035 -0.0195 0 0.001 0 0.001 0 0 -0.001 -0.002 0.001 -0.002 -0.003 -0.001 -0.001 -0.004 -0.005 -0.008 -0.011 -0.011 -0.009 -0.006 -0.003 -0.004 0.002 0.006 0.009 0.015 -0.003 -0.003 -0.004 -0.001 -0.003 0 -0.003
-0.127 -0.13 -0.129 -0.128 -0.125 -0.122 -0.112 -0.105 -0.094 -0.11 -0.104 -0.095 -0.1 -0.097 -0.084 -0.0735 -0.082 -0.08 -0.076 -0.071 -0.065 -0.061 -0.062 -0.062 -0.055 -0.059 -0.041 -0.043 -0.047 -0.049 -0.056 -0.058 -0.06 -0.06 -0.06 -0.06 -0.056 -9999 -0.04 -0.04 -0.036 0.0025 0.003 0.002 0.002 0 -0.003 0 -0.002 0.001 0 0.002 0.002 0.003 -0.003 -0.008 -0.01 -0.01 -0.01 -0.009 -0.008 -0.004 -0.001 0 0.007 0.008 0.01 0.017 0.016 0.017 0.003 0.003 0 -0.004
-0.132 -0.133 -0.13 -0.132 -0.127 -0.126 -0.115 -0.107 -0.097 -0.1 -0.106 -0.097 -0.102 -0.101 -0.091 -0.0785 -0.082 -0.079 -0.08 -0.068 -0.065 -0.065 -0.068 -0.057 -0.069 -0.067 -0.038 -0.038 -0.041 -0.047 -0.044 -0.04 -0.05 -0.066 -0.064 -0.056 -0.063 -9999 -0.037 -0.039 -0.035 0.0015 0.003 0.004 0.001 0.007 0.005 0.003 0.004 0.005 0.005 0.004 0.003 0.003 -0.004 -0.01 -0.015 -0.011 -0.011 -0.014 -0.01 -0.005 -0.003 -0.003 0.008 0 0.014 0.015 0.016 0.013 0.01 0.007 0.002 -0.003
-0.129 -0.133 -0.135 -0.1295 -0.131 -0.123 -0.119 -0.114 -0.101 -0.11 -0.105 -0.094 -0.106 -0.1 -0.089 -0.0825 -0.079 -0.078 -0.076 -0.068 -0.072 -0.066 -0.061 -0.067 -0.074 -0.072 -0.041 -0.041 -0.038 -0.045 -0.043 -0.034 -0.028 -0.035 -0.068 -0.063 -0.07 -9999 -9999 -0.036 -9999 0.0055 0.004 0.006 0.005 0.01 0.006 0.005 0.001 0.004 0.002 0.004 0.003 0.003 -0.002 -0.01 -0.018 -0.02 -0.021 -0.018 -0.012 -0.005 -0.005 0 0.004 0 0.004 0.009 0.01 0.01 0.013 0.01 0.01 0.013
-0.135 -0.135 -0.135 -0.1305 -0.128 -0.125 -0.12 -0.11 -0.11 -0.112 -0.101 -0.098 -0.11 -0.099 -0.09 -0.079 -0.0815 -0.078 -0.073 -0.075 -0.067 -0.06 -0.062 -0.066 -0.071 -0.072 -0.059 -0.054 -0.045 -0.04 -0.042 -0.033 -0.033 -0.037 -0.067 -0.05 -0.07 -9999 -9999 -9999 -9999 0.007 0.0085 0.007 0.011 0.01 0.012 0.01 0.005 0.002 0.005 0.01 0.006 0.004 -0.002 -0.007 -0.017 -0.022 -0.023 -0.018 -0.01 -0.001 0 -0.001 0.002 0.003 0.006 0.004 0.007 0.01 0.01 0.007 0.007 0.01
-0.135 -0.135 -0.134 -0.131 -0.127 -0.125 -0.118 -0.11 -0.11 -0.109 -0.1 -0.106 -0.113 -0.099 -0.09 -0.09 -0.0805 -0.077 -0.075 -0.07 -0.063 -0.064 -0.064 -0.07 -0.076 -0.079 -0.069 -0.062 -0.056 -0.0475 -0.039 -0.047 -0.047 -0.07 -0.063 -0.07 -0.063 -9999 -9999 -9999 -0.058 0.011 0.012 0.013 0.014 0.015 0.01 0.006 0.006 0.008 0.006 0.009 0.015 0.009 0.003 0.001 -0.012 -0.017 -0.017 -0.01 0.001 0.005 0.006 0.005 0.007 0.005 0.004 0.006 0.0065 0.006 0.007 0.006 0.006 0.004
-0.135 -0.135 -0.135 -0.133 -0.1265 -0.12 -0.112 -0.11 -0.104 -0.094 -0.1 -0.116 -0.113 -0.108 -0.086 -0.089 -0.081 -0.075 -0.076 -0.066 -0.073 -0.07 -0.068 -0.075 -0.078 -0.085 -0.085 -0.07 -0.065 -0.06 -0.0535 -0.053 -0.065 -0.08 -0.07 -0.067 -0.067 -0.06 -9999 -9999 -9999 0.006 0.014 0.015 0.016 0.019 0.012 0.007 0.01 0.017 0.011 0.013 0.019 0.02 0.01 0.01 0.007 0.003 0 0.004 0.005 0.01 0.012 0.011 0.009 0.009 0.006 0.006 0.007 0.0065 0.006 0.004 0.008 0.007
-0.13 -0.133 -0.133 -0.126 -0.1225 -0.118 -0.11 -0.1 -0.1 -0.093 -0.093 -0.116 -0.112 -0.107 -0.097 -0.095 -0.098 -0.0765 -0.072 -0.067 -0.071 -0.073 -0.075 -0.076 -0.083 -0.088 -0.086 -0.089 -0.08 -0.067 -0.0635 -0.065 -0.065 -0.04 -0.075 -0.077 -0.067 -0.067 -9999 -9999 -9999 -0.029 0.007 0.015 0.016 0.012 0.011 0.008 0.017 0.022 0.024 0.019 0.017 0.019 0.02 0.019 0.017 0.018 0.01 0.005 0.014 0.017 0.015 0.012 0.01 0.008 0.007 0.012 0.008 0.0045 0.007 0.008 0.004 0.009
-0.13 -0.126 -0.126 -0.12 -0.128 -0.119 -0.107 -0.1 -0.096 -0.094 -0.094 -0.114 -0.107 -0.102 -0.098 -0.09 -0.099 -0.11 -0.125 -0.07 -0.076 -0.082 -0.079 -0.084 -0.089 -0.09 -0.089 -0.09 -0.083 -0.083 -0.08 -0.066 -0.054 -0.045 -0.045 -0.07 -0.07 -0.07 -9999 -9999 -0.047 -0.027 0.008 0.011 0.012 0.01 0.011 0.021 0.025 0.023 0.019 0.026 0.021 0.03 0.038 0.046 0.0465 0.049 0.042 0.035 0.029 0.024 0.017 0.016 0.014 0.014 0.013 0.01 0.009 0.006 0.007 0.005 0.009 0.007
-0.132 -0.126 -0.127 -0.118 -0.123 -0.113 -0.1 -0.096 -0.094 -0.097 -0.104 -0.112 -0.104 -0.1 -0.092 -0.091 -0.102 -0.113 -0.118 -0.103 -0.068 -0.084 -0.086 -0.09 -0.097 -0.09 -0.086 -0.092 -0.09 -0.083 -0.074 -0.069 -0.058 -0.044 -0.044 -0.05 -0.08 -0.07 -9999 -9999 -9999 -0.029 0.01 0.009 0.0105 0.012 0.018 0.024 0.018 0.012 0.02 0.028 0.038 0.042 0.05 0.055 0.062 0.074 0.071 0.043 0.039 0.028 0.026 0.022 0.02 0.015 0.015 0.01 0.007 0.005 0.005 0.005 0.003 0.003
-0.1225 -0.1225 -0.116 -0.1185 -0.1155 -0.106666666666667 -0.0936666666666667 -0.0945 -0.098 -0.1 -0.1075 -0.107 -0.099 -0.091 -0.0895 -0.0905 -0.1055 -0.1335 -0.113333333333333 -0.0756666666666667 -0.092 -0.102 -0.1005 -0.103 -0.097 -0.094 -0.0995 -0.095 -0.097 -0.096 -0.0825 -0.075 -0.0656666666666667 -0.054 -0.057 -0.06 -0.054 -0.074 -0.083 -9999 -9999 -0.039 -0.028 -0.003 0.012 0.015 0.0145 0.012 0.01 0.016 0.023 0.027 0.0355 0.044 0.0495 0.0575 0.078 0.0803333333333333 0.08 0.0675 0.0465 0.0355 0.0255 0.02 0.018 0.0055 0.004 0.005 0.004 0.0055 0.00266666666666667 0.001 -5e-04 -0.0025
-0.116 -0.116 -0.112 -0.108 -0.109 -0.097 -0.089 -0.094 -0.103 -0.104 -0.107 -0.101 -0.091 -0.085 -0.088 -0.097 -0.11 -0.13 -0.107 -0.0805 -0.106 -0.097 -0.09 -0.099 -0.104 -0.105 -0.109 -0.107 -0.104 -0.091 -0.084 -0.08 -0.0765 -0.068 -0.064 -0.07 -0.056 -0.046 -0.072 -9999 -9999 -9999 -0.034 -0.014 0.008 0.01 0.008 -9999 -9999 -9999 0.016 0.026 0.035 0.039 0.047 0.055 0.065 0.08 0.078 0.055 0.041 0.028 0.023 0.013 0.003 -0.002 -0.007 -0.002 -0.002 0 -0.002 -0.0015 -0.007 -0.007
-0.114 -0.113 -0.11 -0.107 -0.103 -0.091 -0.09 -0.092 -0.097 -0.108 -0.103 -0.094 -0.088 -0.08 -0.093 -0.107 -0.19 -0.11 -0.07 -0.081 -0.101 -0.094 -0.096 -0.1 -0.102 -0.104 -0.106 -0.1 -0.105 -0.098 -0.093 -0.087 -0.085 -0.077 -0.074 -0.074 -0.066 -0.056 -9999 -9999 -9999 -9999 -9999 -0.029 0.005 -9999 -9999 -9999 -9999 -9999 -9999 0.022 0.032 0.039 0.041 0.048 0.05 0.055 0.055 0.0385 0.024 0.013 0.006 0.008 -0.004 -0.01 -0.008 -0.006 -0.004 0.002 -0.004 -0.0085 -0.003 -0.003
-0.105 -0.104 -0.104 -0.103 -0.105 -0.086 -0.083 -0.094 -0.103 -0.1 -0.096 -0.089 -0.085 -0.083 -0.11 -0.17 -0.16 -0.097 -0.077 -0.093 -0.1005 -0.096 -0.1 -0.106 -0.1 -0.106 -0.106 -0.104 -0.104 -0.105 -0.101 -0.092 -0.085 -0.0815 -0.078 -9999 -9999 -9999 -9999 -9999 -9999 -9999 -9999 -9999 -9999 -9999 -9999 -9999 -9999 -9999 -9999 -9999 0.02 0.022 0.03 0.035 0.04 0.04 0.033 0.012 0.005 0.008 0.002 0.004 0.002 -0.01 -0.008 -0.006 0 0.003 -0.01 -0.01 -0.01 -0.003
-0.103 -0.101 -0.1 -0.103 -0.102 -0.082 -0.081 -0.0955 -0.1 -0.098 -0.091 -0.088 -0.081 -0.078 -0.103 -0.14 -0.13 -0.093 -0.089 -0.093 -0.0955 -0.093 -0.104 -0.1 -0.104 -0.106 -0.107 -0.103 -0.102 -0.106 -0.105 -0.1 -0.091 -0.088 -0.084 -9999 -9999 -9999 -9999 -9999 -9999 -9999 -9999 -9999 -9999 -9999 -9999 -9999 -9999 -9999 -9999 0.01 0.008 0.01 0.01 0.01 0.008 0.004 0 -0.001 -0.004 -0.002 -0.001 -0.003 0.001 0.003 0.004 -0.007 -0.007 -0.01 -0.007 -0.007 -0.01 -0.017
-0.1 -0.098 -0.099 -0.1 -0.076 -0.07 -0.083 -0.092 -0.098 -0.097 -0.09 -0.085 -0.082 -0.08 -0.12 -0.15 -0.11 -0.089 -0.086 -0.087 -0.09 -0.0975 -0.107 -0.098 -0.106 -0.106 -0.104 -0.103 -0.105 -0.1 -0.109 -9999 -9999 -9999 -9999 -9999 -9999 -9999 -9999 -9999 -9999 -9999 -9999 -9999 -9999 -9999 -9999 -9999 -9999 -9999 -9999 -9999 -0.004 -0.006 -0.01 0 0.003 -0.006 -0.028 -0.027 -0.028 -0.031 -0.021 -0.014 -0.009 -0.003 0.002 0.002 0.007 -0.007 -0.003 -0.003 -0.003 -0.007
-0.095 -0.095 -0.093 -0.093 -0.076 -0.065 -0.077 -0.083 -0.095 -0.088 -0.087 -0.081 -0.09 -0.117 -0.117 -0.14 -0.09 -0.091 -0.079 -0.086 -0.09 -0.096 -0.094 -0.104 -9999 -9999 -0.103 -0.098 -9999 -0.101 -0.102 -9999 -9999 -9999 -9999 -9999 -9999 -9999 -9999 -9999 -9999 -9999 -9999 -9999 -9999 -9999 -9999 -9999 -9999 -9999 -9999 -9999 -9999 -0.01 -0.003 -0.001 -0.027 -0.034 0 -0.007 -0.005 -0.03 -0.03 -0.029 -0.02 -0.009 -0.004 -0.004 0.002 0.007 0.003 -0.003 -0.003 -0.0035
-0.09 -0.088 -0.087 -0.084 -0.067 -0.075 -0.07 -0.075 -0.09 -0.0855 -0.085 -0.09 -0.117 -0.123 -0.117 -0.12 -0.077 -0.077 -0.074 -0.073 -0.081 -9999 -0.085 -9999 -9999 -9999 -0.099 -9999 -9999 -9999 -9999 -9999 -9999 -9999 -9999 -9999 -9999 -9999 -9999 -9999 -9999 -9999 -9999 -9999 -9999 -9999 -9999 -9999 -9999 -9999 -9999 -9999 -9999 -9999 -9999 -9999 -9999 -9999 -9999 -9999 -9999 -0.007 -0.025 -0.03 -0.04 -0.02 -0.008 -0.004 -0.004 -0.002 0.008 0.007 -0.007 -0.003
-0.09 -0.085 -0.082 -0.082 -0.085 -0.077 -0.078 -0.083 -0.082 -0.0815 -0.082 -0.081 -0.1 -0.127 -0.117 -0.123 -0.069 -0.072 -0.069 -9999 -9999 -9999 -9999 -9999 -9999 -9999 -9999 -9999 -9999 -9999 -9999 -9999 -9999 -9999 -9999 -9999 -9999 -9999 -9999 -9999 -9999 -9999 -9999 -9999 -9999 -9999 -9999 -9999 -9999 -9999 -9999 -9999 -9999 -9999 -9999 -9999 -9999 -9999 -9999 -9999 -9999 -0.005 -0.019 -0.031 -0.04 -0.035 -0.02 -0.012 -0.012 -0.008 0.003 0.006 0.007 -0.013
-0.076 -0.076 -0.076 -0.075 -0.078 -0.077 -0.08 -0.082 -0.083 -0.084 -0.081 -9999 -9999 -0.123 -0.127 -0.127 -0.08 -0.066 -0.066 -9999 -9999 -9999 -9999 -9999 -9999 -9999 -9999 -9999 -9999 -9999 -9999 -9999 -9999 -9999 -9999 -9999 -9999 -9999 -9999 -9999 -9999 -9999 -9999 -9999 -9999 -9999 -9999 -9999 -9999 -9999 -9999 -9999 -9999 -9999 -9999 -9999 -9999 -9999 -9999 -9999 -9999 -9999 -9999 -9999 -0.04 -0.042 -9999 -9999 -0.006 -0.008 -9999 -9999 0 -9999
-0.073 -0.071 -0.07 -0.071 -0.07 -0.076 -0.078 -0.076 -0.083 -0.083 -0.0795 -9999 -9999 -9999 -0.127 -0.125 -0.1 -0.06 -9999 -9999 -9999 -9999 -9999 -9999 -9999 -9999 -9999 -9999 -9999 -9999 -9999 -9999 -9999 -9999 -9999 -9999 -9999 -9999 -9999 -9999 -9999 -9999 -9999 -9999 -9999 -9999 -9999 -9999 -9999 -9999 -9999 -9999 -9999 -9999 -9999 -9999 -9999 -9999 -9999 -9999 -9999 -9999 -9999 -9999 -9999 -9999 -9999 -9999 -9999 -9999 -9999 -9999 -9999 -9999
-0.069 -0.066 -0.067 -0.07 -0.07 -0.07 -0.075 -0.073 -0.076 -0.073 -0.077 -9999 -9999 -9999 -9999 -0.123 -9999 -9999 -9999 -9999 -9999 -9999 -9999 -9999 -9999 -9999 -9999 -9999 -9999 -9999 -9999 -9999 -9999 -9999 -9999 -9999 -9999 -9999 -9999 -9999 -9999 -9999 -9999 -9999 -9999 -9999 -9999 -9999 -9999 -9999 -9999 -9999 -9999 -9999 -9999 -9999 -9999 -9999 -9999 -9999 -9999 -9999 -9999 -9999 -9999 -9999 -9999 -9999 -9999 -9999 -9999 -9999 -9999 -9999
-0.0715 -0.0805 -0.0775 -0.068 -0.065 -0.0645 -0.073 -0.068 -0.067 -0.0685 -0.066 -0.069 -9999 -9999 -9999 -9999 -9999 -9999 -9999 -9999 -9999 -9999 -9999 -9999 -9999 -9999 -9999 -9999 -9999 -9999 -9999 -9999 -9999 -9999 -9999 -9999 -9999 -9999 -9999 -9999 -9999 -9999 -9999 -9999 -9999 -9999 -9999 -9999 -9999 -9999 -9999 -9999 -9999 -9999 -9999 -9999 -9999 -9999 -9999 -9999 -9999 -9999 -9999 -9999 -9999 -9999 -9999 -9999 -9999 -9999 -9999 -9999 -9999 -9999
-0.074 -0.072 -0.071 -0.06 -0.063 -9999 -9999 -0.062 -0.061 -0.06 -9999 -9999 -9999 -9999 -9999 -9999 -9999 -9999 -9999 -9999 -9999 -9999 -9999 -9999 -9999 -9999 -9999 -9999 -9999 -9999 -9999 -9999 -9999 -9999 -9999 -9999 -9999 -9999 -9999 -9999 -9999 -9999 -9999 -9999 -9999 -9999 -9999 -9999 -9999 -9999 -9999 -9999 -9999 -9999 -9999 -9999 -9999 -9999 -9999 -9999 -9999 -9999 -9999 -9999 -9999 -9999 -9999 -9999 -9999 -9999 -9999 -9999 -9999 -9999
-0.065 -0.065 -0.064 -9999 -9999 -9999 -9999 -9999 -9999 -9999 -9999 -9999 -9999 -9999 -9999 -9999 -9999 -9999 -9999 -9999 -9999 -9999 -9999 -9999 -9999 -9999 -9999 -9999 -9999 -9999 -9999 -9999 -9999 -9999 -9999 -9999 -9999 -9999 -9999 -9999 -9999 -9999 -9999 -9999 -9999 -9999 -9999 -9999 -9999 -9999 -9999 -9999 -9999 -9999 -9999 -9999 -9999 -9999 -9999 -9999 -9999 -9999 -9999 -9999 -9999 -9999 -9999 -9999 -9999 -9999 -9999 -9999 -9999 -9999
-0.064 -0.061 -9999 -9999 -9999 -9999 -9999 -9999 -9999 -9999 -9999 -9999 -9999 -9999 -9999 -9999 -9999 -9999 -9999 -9999 -9999 -9999 -9999 -9999 -9999 -9999 -9999 -9999 -9999 -9999 -9999 -9999 -9999 -9999 -9999 -9999 -9999 -9999 -9999 -9999 -9999 -9999 -9999 -9999 -9999 -9999 -9999 -9999 -9999 -9999 -9999 -9999 -9999 -9999 -9999 -9999 -9999 -9999 -9999 -9999 -9999 -9999 -9999 -9999 -9999 -9999 -9999 -9999 -9999 -9999 -9999 -9999 -9999 -9999
-9999 -9999 -9999 -9999 -9999 -9999 -9999 -9999 -9999 -9999 -9999 -9999 -9999 -9999 -9999 -9999 -9999 -9999 -9999 -9999 -9999 -9999 -9999 -9999 -9999 -9999 -9999 -9999 -9999 -9999 -9999 -9999 -9999 -9999 -9999 -9999 -9999 -9999 -9999 -9999 -9999 -9999 -9999 -9999 -9999 -9999 -9999 -9999 -9999 -9999 -9999 -9999 -9999 -9999 -9999 -9999 -9999 -9999 -9999 -9999 -9999 -9999 -9999 -9999 -9999 -9999 -9999 -9999 -9999 -9999 -9999 -9999 -9999 -9999
