data/derived/r_sen_pre.asc
NCOLS 186 
NROWS 74 
XLLCORNER 443300.206538099 
YLLCORNER 4085841.77455235 
CELLSIZE 500 
NODATA_value -9999 
[rows 33 to 65 of 74, columns 0 to 73 of 186]
-9999 -9999 -9999 -9999 -9999 -9999 -9999 -9999 -9999 -9999 -9999 2.089 1.484 1.7915 1.386 1.5005 1.957 1.865 0.774 -9999 -0.194 0.745 -0.7 -0.799 -0.906 -1.016 -1.109 -1.233 -0.305 0.976 2.205 1.355 2.454 1.774 1.9895 2.209 1.754 2.386 -0.565 0.295 1.767 3.117 6.288 5.82 4.454 4.591 4.3315 4.324 4.603 4.763 4.32 5.883 1.93 2.791 1.75 1.591 2.36 2.151 2.27 2.363 2.307 2.134 2.004 1.587 1.144 0.713 0.188 0.01 0.013 -0.956 -1.363 -1.629 -2.1195 -2.077
-9999 -9999 -9999 -9999 -9999 -9999 -9999 -9999 -9999 -9999 -9999 -9999 -9999 -9999 2.367 0.976 1.75 2.441 1.359 -9999 -9999 2.00275 1.325 1.47 1.3075 1.222 2.1945 2.5765 2.9355 2.7275 2.858 3.5285 3.563 2.744 3.0535 2.79 3.805 3.825 1.09 1.41 2.305 4.423 6.066 6.077 4.394 4.707 4.651 4.506 4.79 4.679 4.329 5.967 3.041 2.677 2.947 1.599 1.995 2.188 2.147 2.321 2.208 2.076 2.057 1.47 0.942 0.386 -0.044 -0.084 -0.147 -0.532 -1.576 -2.027 -2.263 -2.3885
-9999 -9999 -9999 -9999 -9999 -9999 -9999 -9999 -9999 -9999 -9999 -9999 -9999 -9999 1.919 2.399 1.69 1.946 2.229 -9999 -9999 -9999 1.6675 3.016 1.937 0.89 0.77 0.867 1 1.217 2.353 2.94 3.5995 3.697 3.809 3.56733333333333 3.8425 2.476 2.922 4.092 5.2965 5.734 6.113 5.996 4.4735 4.7825 4.9245 4.788 4.97366666666667 4.684 4.193 4.16 2.901 2.91 2.918 1.925 2.367 2.47 2.394 2.223 2.151 2.038 1.992 1.474 0.889 0.311 -0.153 -0.234 -0.382 -0.781 -1.349 -0.611 -1.156 -2.595
-9999 -9999 -9999 -9999 -9999 -9999 -9999 -9999 -9999 -9999 -9999 -9999 -9999 -9999 2.431 2.562 2.306 2.294 2.422 2.488 -9999 2.257 2.2095 1.654 2.044 1.953 1.809 2.619 2.006 0.894 1.033 2.187 3.394 3.885 3.973 3.9695 2.875 3.688 4.081 5.407 6.122 5.941 4.396 4.44 4.531 4.968 4.887 4.849 5.184 4.866 4.251 4.657 3.555 3.3325 2.9665 2.929 2.9405 2.7125 2.448 2.244 2.248 2.23 1.957 1.3335 0.772 0.0735 -0.3815 -0.612 -0.924 -1.347 -0.804 -1.2065 -1.7285 -1.908
-9999 -9999 -9999 -9999 -9999 -9999 -9999 -9999 -9999 -9999 -9999 -9999 -9999 -9999 -9999 2.466 2.401 2.33 1.713 1.649 1.167 1.85 2.578 2.396 2.236 2.166 2.357 3.218 3.191 1.711 1.736 3.156 3.639 3.714 3.966 4.058 5.19 4.075 4.843 6.193 5.976 4.457 4.606 4.766 4.787 4.998 5.112 5.341 5.3 5.118 4.654 5.076 3.988 3.259 3.409 3.188 3.047 2.802 2.944 2.692 2.618 2.626 2.4505 1.658 1.087 0.062 -0.796 -1.152 -1.492 -2.144 -1.741 -2.124 -2.604 -2.513
-9999 -9999 -9999 -9999 -9999 -9999 -9999 -9999 -9999 -9999 -9999 -9999 -9999 -9999 -9999 2.34 2.186 2.16 0.604 0.919 0.723 0.96 1.009 2.303 1.901 1.209 1.839 2.056 1.434 1.626 2.091 3.02 2.874 3.037 3.124 3.026 4.65 6.541 3.746 5.959 5.929 4.841 5.049 5.1 5.027 4.881 5.417 5.474 5.504 5.1095 5.122 5.229 3.949 3.454 3.439 3.17 3.223 2.913 3.269 3.32 3.187 3.123 2.3905 1.564 0.916 0.106 -0.892 -1.612 -1.951 -2.596 -2.254 -2.676 -2.938 -3.001
-9999 -9999 -9999 -9999 -9999 -9999 -9999 -9999 -9999 -9999 -9999 -9999 -9999 -9999 -9999 1.985 0.28 0.307 1.599 2.311 1.403 0.581 -0.196 -0.552 -1.104 -0.576 0.131 0.379 0.683 1.293 2.121 1.217 0.707 2.021 2.111 2.663 3.3655 6.396 4.685 4.571 6.028 4.56 4.955 4.973 4.882 4.767 5.421 5.669 5.804 5.049 5.209 5.503 4.237 3.707 3.757 3.784 3.357 3.428 3.603 3.812 4.009 3.357 2.54 1.491 0.673 -0.124 -0.751 -1.604 -2.236 -2.332 -2.807 -3.329 -3.282 -3.241
-9999 -9999 1.248 -9999 -9999 -9999 -9999 -9999 -9999 -9999 -9999 -9999 -9999 -9999 -9999 0.446 1.95 1.96 2.315 2.459 2.589 2.013 0.201 -0.406 -1.003 -1.806 -0.536 -0.069 0.103 -0.79 -0.671 0.217 1.579 1.973 2.463 3.06 3.918 6.279 4.26 5.179 6.16 4.576 5.131 4.917 4.696 5.3 5.504 5.763 5.97 5.547 5.5435 5.007 3.804 3.534 3.769 3.804 4.581 3.839 3.747 4.324 4.378 3.902 3.049 1.905 0.896 0.217 -0.528 -1.511 -2.381 -2.473 -3.399 -3.536 -3.508 -3.557
-9999 -9999 -9999 -9999 -9999 1.262 1.267 -9999 -9999 -9999 -9999 -9999 1.364 0.497 0.471 1.856 2.186 2.337 2.306 2.203 2.525 2.376 1.593 -0.089 -0.645 -1.758 -0.936 -0.479 -0.513 -0.217 0.72 0.889 1.656 2.054 2.77 3.538 4.47 5.5245 5.61 6.194 6.093 4.431 4.636 5.124 4.81 5.422 5.688 5.859 6.01 5.789 5.842 4.78 4.839 4.437 4.504 4.856 5.013 4.768 4.547 4.694 4.618 4.089 3.47 2.254 1.304 0.387 -0.496 -1.41 -2.407 -2.65 -3.588 -3.716 -3.803 -3.96
-9999 -9999 -9999 2.305 -9999 -9999 -9999 1.493 -9999 -9999 -9999 0.281 1.595 1.504 1.457 1.929 2.339 2.725 2.697 2.531 2.291 2.487 1.61 0.216 0.314 -0.666 -2.104 -2.16 -1.757 -0.096 0.964 1.273 1.799 2.404 2.968 3.928 4.995 6.244 5.182 5.976 5.04 4.78 5.151 4.97 4.772 5.437 5.596 5.987 6.32 6.127 6.372 5.601 5.283 5.089 5.343 5.552 5.25 4.653 5.119 4.914 4.488 4.111 3.587 2.818 1.6345 0.329 -0.59 -1.489 -1.79 -2.749 -3.763 -3.98 -4.05 -4.281
-9999 2.638 2.992 2.997 3.338 3.498 2.94 2.953 2.412 1.803 1.172 0.617 1.4835 2.297 2.131 2.178 2.386 2.564 2.84 2.791 2.842 2.279 2.309 1.243 1.073 0.1165 -1.506 -1.027 -0.787 0.321 1.293 1.554 2.073 2.459 2.818 3.633 4.182 6.086 5.1025 5.31 5.04 4.955 5.02 4.794 5.245 5.489 5.727 6.028 6.311 6.113 6.011 5.963 5.503 5.36 5.713 4.853 4.991 5.787 5.921 5.397 4.658 4.212 3.737 2.976 1.5815 0.263 -0.642 -1.754 -1.862 -2.851 -3.896 -4.246 -4.468 -4.624
3.25933333333333 3.7925 4.172 3.56 3.952 4.214 4.422 4.48 4.248 3.827 3.075 2.127 1.3095 2.503 2.645 2.514 2.648 2.599 2.748 2.812 2.161 2.073 1.463 0.391 -0.03 -0.452 -0.91 -0.629 0.094 1.283 1.569 1.528 1.586 1.27 1.983 3.152 5.432 5.919 5.144 5.493 5.155 4.979 4.91 4.888 5.537 5.686 5.987 6.083 5.958 5.804 5.774 5.9115 4.933 4.713 5.171 4.31 4.287 5.449 6.104 5.524 4.71 4.31 3.77 3.052 1.66 0.199 -0.753 -1.702 -1.928 -2.863 -3.594 -4.16 -4.583 -4.62
-9999 3.148 3.84 3.627 3.641 3.546 3.6055 3.715 3.9475 4.261 4.496 3.742 3.428 2.49975 2.739 3.121 2.457 2.05 1.617 1.596 1.691 1.374 0.471 -0.244 -0.244 -0.394 -1.189 -0.711 -0.099 -0.406 -0.56 -0.7 -0.356 1.379 2.3 3.897 5.581 6.101 4.106 5.4385 5.142 4.816 4.576 5.746 6.006 5.976 6.088 5.998 5.836 5.491 5.64 5.83 4.77 4.511 4.154 5.14 3.995 4.999 5.584 5.369 5.294 4.66 3.77 3.139 2.157 0.6225 -0.786 -1.681 -1.759 -3.079 -3.351 -4.203 -4.478 -4.63
-9999 -9999 3.632 3.254 3.077 3.171 2.993 2.899 3.009 3.519 4.182 4.359 4.068 3.57 3.28133333333333 1.682 1.0455 0.3375 0.3955 -0.396 0.0465 -0.6725 -1.2665 -1.8085 -1.9675 -2.204 -2.613 -3.203 -2.53 -3.082 -1.153 -0.091 0.423 1.491 2.417 4.17 5.78 6.267 4.79 5.5505 4.813 4.947 5.862 6.009 5.846 5.93 5.678 5.763 5.892 5.673 5.372 4.919 4.202 3.984 5.82 5.752 5.924 4.016 4.913 4.857 4.903 4.629 3.843 3.169 2.218 0.7395 -0.384 -1.541 -2.326 -2.891 -3.32 -3.994 -4.184 -4.283
-9999 -9999 -9999 3.337 3.104 2.927 2.633 2.644 2.832 3.303 3.777 4.153 4.347 4.257 3.9525 2.897 0.355 0.567 -2.004 -1.527 -2.357 -2.33 -2.357 -2.047 -2.509 -1.92 -1.793 -2.2455 -2.223 -1.1715 -0.6775 0.68 1.718 2.1295 3.249 4.7705 6.011 5.1985 5.9315 5.142 4.79075 4.6305 5.8085 5.65 5.4645 5.641 5.523 5.654 5.718 5.816 5.58 4.823 4.429 5.466 5.779 5.666 6 6.156 4.355 4.279 4.639 4.377 4.036 3.408 2.487 1.536 0.028 -1.403 -1.902 -2.47 -3.136 -3.638 -3.738 -3.881
-9999 -9999 -9999 -9999 -9999 2.937 2.543 2.528 2.824 3.158 3.578 3.962 3.8 4.384 4.333 3.115 1.138 2.69 0.115 0.732 -1.04 -2.494 -1.829 -1.442 -1.997 -1.744 -1.139 -0.3435 0.257 0.613 1.533 1.73 1.963 3.04 4.485 5.66 6.35 5.983 5.028 5.194 4.957 5.382 5.611 5.357 5.286 5.3235 5.214 5.1825 5.4 5.5365 5.561 5.362 4.5845 5.3245 5.4455 5.609 5.8155 5.983 5.964 4.6055 4.015 3.907 3.9535 3.614 2.696 1.777 0.32225 -1.358 -1.387 -2.152 -2.702 -3.6 -3.073 -3.213
-9999 -9999 -9999 -9999 -9999 -9999 2.376 2.409 2.942 3.191 -9999 3.365 3.383 3.862 4.283 2.3685 2.597 1.78 -0.753 0.057 -0.508 -2.078 -1.443 -1.244 -0.833 -0.62 -0.097 0.591 1.3685 1.781 2.111 2.267 2.548 3.945 4.945 5.982 5.293 5.61 4.973 4.952 5.097 5.1755 5.642 5.353 5.168 4.939 5.003 4.929 5.231 5.341 5.402 5.236 5.15 5.065 5.166 5.351 5.571 5.691 5.72 5.6 3.575 3.615 3.334 3.049 2.553 1.714 1.078 -0.312 -1.0175 -1.4325 -2.453 -3.1485 -2.3365 -1.705
-9999 -9999 -9999 -9999 -9999 2.287 -9999 -9999 -9999 -9999 -9999 -9999 -9999 3.033 3.578 2.306 4.113 4.178 0.05 0.362 -0.588 -1.112 -0.818 -0.122 -0.588 -0.264 0.191 0.717 1.649 2.244 2.83 3.582 4.2 4.821 5.366 6.235 6.066 5.909 5.854 4.951 4.861 5.3845 5.549 5.461 5.324 5.142 4.853 4.923 5.184 5.281 5.439 5.302 4.878 4.553 4.887 5.089 5.353 5.422 5.473 5.417 3.88 4.46 3.69 2.803 2.464 1.842 1.32 0.3405 -0.291 -0.179 -2.124 -2.663 -1.695 -1.753
-9999 -9999 -9999 -9999 -9999 2.367 2.547 -9999 -9999 -9999 -9999 -9999 -9999 -9999 2.563 1.623 4.043 3.65 0.794 0.78 0.663 2.181 1.879 1.893 1.64 1.163 1.121 1.434 2.009 2.3875 3.082 4.305 4.775 5.245 5.949 5.657 6.107 5.908 5.501 5.152 4.596 5.869 5.757 5.408 5.288 5.154 5.006 4.77 4.986 5.31 5.417 5.346 5.04 4.51 4.654 4.8695 5.053 5.151 5.234 4.905 3.52 4.221 3.583 3.024 2.494 2.051 1.55 1.53 0.675 0.661 -1.996 -2.547 -0.843 -2.503
-9999 -9999 -9999 2.215 2.263 2.342 -9999 -9999 -9999 -9999 -9999 -9999 -9999 -9999 1.707 2.26 2.6985 3.322 1.483 1.033 1.457 2.31 2.07 2.01 2.003 1.761 1.75 2.091 1.364 1.687 2.483 3.772 4.892 5.462 5.329 6.037 5.968 6.126 4.838 4.916 4.382 5.822 5.666 5.393 5.258 4.99 4.891 4.776 5.037 5.221 5.349 5.326 5.022 4.532 4.628 4.55 4.833 4.994 4.88 3.906 3.79 4.004 3.402 3.17 2.801 2.19 0.927 1.761 1.1555 -1.224 -1.954 -2.01 -1.558 -2.5
-9999 -9999 -9999 -9999 2.194 2.29 -9999 -9999 -9999 -9999 -9999 -9999 -9999 -9999 -9999 -9999 2.995 4.374 3.848 3.244 2.83 2.896 2.55 2.471 2.027 1.554 1.807 0.913 1.023 1.197 1.8765 3.476 4.793 5.752 5.047 5.974 5.984 5.92 5.116 4.68 4.448 4.947 5.626 5.5375 5.366 5.191 5.088 4.904 4.789 5.05 5.221 5.067 4.946 4.511 4.372 4.415 4.724 3.95 4.069 4.133 3.777 3.845 3.268 3.292 1.599 1.084 2.329 1.928 1.771 -1.043 -1.709 -1.308 -2.364 2.14
-9999 -9999 -9999 -9999 2.172 2.203 -9999 -9999 -9999 -9999 -9999 -9999 -9999 -9999 -9999 -9999 3.493 4.5565 4.351 4.309 3.875 2.889 2.576 2.244 1.054 1.266 0.547 0.543 1.119 1.337 2.46 3.857 5.437 5.372 5.263 5.174 5.704 5.576 5.136 4.576 4.52 4.782 5.32 5.4885 5.476 5.326 5.177 5.023 4.809 4.823 5.038 5.014 4.739 4.499 4.387 4.473 4.4635 4.48 4.597 4.086 3.491 3.34 3.217 3.167 1.74 2.826 2.388 2.036 2.504 0.9085 -1.709 0.61 2.81 4.297
-9999 -9999 -9999 -9999 -9999 2.117 -9999 -9999 -9999 -9999 -9999 -9999 -9999 -9999 -9999 -9999 3.427 4.277 4.332 4.275 3.835 2.987 1.68 0.796 0.309 0 0.688 1.152 1.529 1.82 3.091 4.795 5.228 5.059 5.193 5.201 5.054 4.922 4.979 4.671 4.632 4.592 4.843 5.4685 5.533 5.378 5.218 5.074 4.929 4.734 4.75 4.771 4.54 4.469 4.494 4.487 4.6035 4.704 4.563 3.889 3.716 3.386 3.287 3.066 2.337 1.19 2.574 2.514 3.059 -0.838 -1.483 4.78 4.793 4.374
-9999 -9999 -9999 -9999 -9999 -9999 -9999 -9999 -9999 -9999 -9999 -9999 -9999 -9999 -9999 -9999 2.782 4.057 4.2175 4.261 3.138 1.717 1.543 0.242 0.328 0.819 1.287 1.601 1.876 2.431 4.181 4.8695 4.911 4.968 5.018 4.818 5.293 3.984 4.931 4.721 4.786 4.749 4.78 5.259 5.485 5.358 5.219 5.076 5.019 4.86 4.828 4.842 4.712 4.523 4.576 4.591 4.604 4.68 4.329 3.803 3.64 3.613 3.36 4.023 3.836 4.446 2.603 2.821 3.406 -0.512 1.599 4.733 4.39 4.241
-9999 -9999 -9999 -9999 -9999 -9999 -9999 -9999 -9999 -9999 -9999 -9999 -9999 -9999 -9999 -9999 -9999 2.187 3.4235 2.535 1.677 1.18 1.08 0.726 0.819 1.154 1.594 1.977 2.369 2.774 4.621 4.868 4.707 4.41 4.643 4.595 5.32 3.788 5.038 4.879 4.888 4.854 4.791 5.219 5.3305 5.217 5.113 4.997 4.848 4.762 4.825 4.567 4.698 4.366 4.529 4.614 4.603 4.623 4.194 4.854 4.23 4.369 4.251 4.002 3.85 4.783 2.583 3.201 3.477 2.7 3.956 4.444 4.01 3.649
-9999 -9999 -9999 -9999 -9999 -9999 -9999 -9999 -9999 -9999 -9999 -9999 -9999 -9999 -9999 -9999 -9999 -9999 2.055 1.53166666666667 1.857 2.938 2.2235 3.9295 4.7955 1.782 2.063 2.42 2.709 4.223 4.79 5.103 4.501 4.336 4.515 4.2 4.42 3.554 3.637 4.816 4.876 4.721 4.764 5.166 5.173 5.073 4.87 4.77 4.771 4.406 4.744 4.56 4.741 4.391 4.532 4.55 5.814 5.98 6.027 5.75 4.011 4.17 4.218 4.565 4.64 4.864 5.407 2.821 3.613 2.931 4.133 3.8295 3.823 4.85
-9999 -9999 -9999 -9999 -9999 -9999 -9999 -9999 -9999 -9999 -9999 -9999 -9999 -9999 -9999 -9999 -9999 -9999 -9999 1.471 2.264 3.201 4.434 4.609 4.364 4.365 3.302 3.185 3.4565 4.205 4.375 4.215 4.10275 4.2025 4.11 4.4715 3.3455 3.3905 3.542 3.743 4.402 5.033 4.701 5.07 5.039 4.859 4.691 4.426 4.927 4.303 3.914 4.391 4.76 5.151 5.41 5.647 5.873 5.928 6.012 5.347 3.904 3.943 4.01 4.284 4.309 4.807 5.973 6.47 5.36 3.255 3.923 4.255 6.15 6.905
-9999 -9999 -9999 -9999 -9999 -9999 -9999 -9999 -9999 -9999 -9999 -9999 -9999 -9999 -9999 -9999 -9999 -9999 -9999 1.177 2.5405 4.542 4.251 3.992 3.651 3.471 3.231 3.343 3.187 3.706 3.668 3.295 3.649 4.026 3.363 4.226 3 3.29 3.75 4.689 4.419 4.2235 4.9185 4.706 4.837 4.667 4.72133333333333 4.159 4.933 4.78 4.072 4.726 4.8875 5.324 5.615 5.7035 5.78 5.845 5.74566666666667 4.57666666666667 3.7305 3.746 3.841 4.46 4.773 5.36 7.21 6.365 4.807 3.54 2.676 4.7775 7.67 7.305
-9999 -9999 -9999 -9999 -9999 -9999 -9999 -9999 -9999 -9999 -9999 -9999 -9999 -9999 -9999 -9999 -9999 -9999 -9999 1.024 2.5575 3.886 3.537 3.244 2.959 2.73 3.011 2.51 2.927 3.473 2.507 3.26 3.494 4.043 3.213 4.276 4.351 4.29 4.174 3.921 3.959 4.367 3.118 4.565 4.953 4.242 4.011 4.218 4.922 4.122 4.042 4.49 5.107 5.362 5.576 5.629 5.721 4.998 4.223 4.1085 3.808 3.73 3.7155 5.1045 5.127 5.181 6.559 6.5975 3.895 2.606 3.84 5.645 7.5635 7.872
-9999 -9999 -9999 -9999 -9999 -9999 -9999 -9999 -9999 -9999 -9999 -9999 -9999 -9999 -9999 -9999 -9999 -9999 -9999 0.962 0.443 3.4205 2.953 2.636 2.366 2.509 3.085 2.286 2.693 3.083 2.157 3.43 3.013 4.406 2.825 3.7 3.714 3.659 3.541 3.675 4.803 3.934 2.978 3.46 3.598 3.538 3.864 4.197 4.934 4.08 4.346 4.299 4.51 4.94 5.513 5.068 4.765 3.919 3.902 3.741 3.7085 3.702 5.34 5.351 5.501 4.561 6.244 5.945 4.225 4.435 5.35 6.625 6.358 6.476
-9999 -9999 -9999 -9999 -9999 -9999 -9999 -9999 -9999 -9999 -9999 -9999 -9999 -9999 -9999 -9999 -9999 -9999 -9999 0.592 0.324 2.891 2.401 2.064 1.924 3.106 1.427 2.04 2.373 2.255 1.787 3.88 3.38 4.15 2.5505 3.119 3.079 3.08 3.037 4.718 4.475 2.893 2.926 2.95 3.158 3.583 3.894 4.474 4.97 4.096 4.213 4.344 4.296 4.298 4.383 4.082 4.072 3.918 3.894 3.787 3.7265 3.691 5.524 5.68 4.903 4.463 4.213 5.946 4.64 5.68 6.625 6.41 5.91 5.642
-9999 -9999 -9999 -9999 -9999 -9999 -9999 -9999 -9999 -9999 -9999 -9999 -9999 -9999 -9999 -9999 -9999 -9999 0.863 0.519 0.218 2.3465 1.817 1.561 2.019 3.235 1.126 1.613 1.936 2.001 1.281 4.024 3.561 2.68 2.3375 2.404 2.534 2.501 3.35 3.915 3.647 2.808 2.879 2.893 3.05 3.474 3.801 4.335 4.89 4.703 4.193 4.301 4.289 4.119 4.104 4.122 4.066 4.038 3.99 3.897 3.7595 5.326 5.53 5.836 4.81 1.324 3.904 5.519 5.79 5.669 5.579 5.346 4.943 4.5475
-9999 -9999 -9999 -9999 -9999 -9999 -9999 -9999 -9999 -9999 -9999 -9999 -9999 -9999 -9999 -9999 -9999 -9999 0.63 0.314 0.116 0.933 1.582 1.171 2.346 2.435 0.596 1.116 1.437 0.893 -9999 -9999 3.866 1.094 2.12 1.924 2.2 2.635 2.887 3.295 4.411 3.56 2.798 2.798 3.007 3.268 3.664 4.068 4.621 4.644 4.507 4.304 4.093 4.164 4.12 4.268 4.244 4.158 4.112 4.019 -9999 4.5475 5.45 6.411 2.063 2.039 3.451 5.128 4.893 4.59 3.934 4.003 3.551 3.41
