data/derived/r_sen_preau.asc
NCOLS 186 
NROWS 74 
XLLCORNER 443300.206538099 
YLLCORNER 4085841.77455235 
CELLSIZE 500 
NODATA_value -9999 
[rows 33 to 65 of 74, columns 73 to 145 of 186]
-1.55 -1.293 -1.62 -1.613 -1.627 -1.103 -1.053 -0.98 -0.87 -0.753 -0.954 -0.873 -0.7515 -0.803 -1.492 -1.277 -1.118 -0.957 -0.773 -1.048 -1.115 -0.913 -0.653 -0.398 -0.445 -0.31 -0.018 0.078 0.002 -0.267 -0.263 -0.23 -0.42 -0.447 -0.576 -0.46 0.129 0.178 -0.8445 -1.801 -2.378 -2.96 -2.381 -2.586 -2.441 -2.641 -2.873 -3.031 -3.179 -3.323 -4.07 -4.1415 -3.998 -4.17 -3.564 -3.116 -4.037 -3.974 -3.89 -3.83 -3.634 -3.551 -3.39 -3.372 -3.241 -3.131 -2.921 -2.55 -2.31 -2.783 -2.313 -2.9 -2.286
-1.4785 -1.58 -1.533 -1.25 -1.06 -1.127 -1.047 -0.97 -0.897 -0.987 -0.843 -0.833 -1.137 -1.5835 -1.51 -1.72 -1.5 -1.813 -1.888 -1.667 -1.765 -1.363 -0.922 -0.517 -0.492 -0.617 -0.646 -0.525 -0.417 -1.183 -1.39 -1.213 -0.633 -0.32 0.001 0.051 0.13 0.064 -1.42 -2.0595 -2.906 -3.295 -2.86 -2.739 -2.763 -3.039 -3.321 -3.264 -3.416 -4.167 -4.191 -4.224 -4.2285 -4.214 -4.25 -4.247 -4.164 -4.044 -3.967 -3.906 -3.879 -3.621 -3.848 -3.437 -3.473 -3.2995 -2.897 -3.205 -2.36 -2.735 -2.729 -3.043 -3.18
-1.435 -1.037 -1.043 -0.997 -1.397 -0.243 -0.211 -1.49 -1.277 -0.99 -0.873 -0.8 -1.41 -1.343 -1.163 -0.86 -1.659 -1.519 -1.973 -2.22 -1.817 -1.595 -1.043 -0.65 -0.517 -0.685 -0.9335 -1.028 -0.683 -0.76 -0.537 -1.02 -0.805 -0.391 0.227 0.28 0.019 -1.556 -1.836 -2.327 -2.775 -2.359 -2.569 -2.739 -2.999 -3.304 -3.586 -3.746 -3.924 -4.389 -3.684 -3.754 -4.267 -3.452 -3.392 -4.04 -3.502 -4.141 -4.06 -3.927 -3.991 -4.183 -4.241 -4.056 -3.486 -3.387 -3.247 -3.736 -3.455 -3.214 -3.03 -2.863 -3.05
-1.0615 -1.178 -1.22 -1.184 -0.396 -0.409 -0.389 -0.374 -0.42 -1.113 -1.023 -0.963 -0.857 -0.837 -1.035 -0.689 -1.803 -1.672 -1.606 -2.345 -1.863 -1.625 -0.973 -0.594 -0.37 -0.778 -0.912 -1.07 -0.68 -0.302 -0.322 -0.623 -0.993 -0.772 -0.386 0.064 -1.601 -1.869 -2.355 -2.016 -2.245 -2.641 -2.849 -2.99 -3.211 -3.481 -3.809 -3.11 -2.708 -3.074 -2.994 -2.972 -3.113 -3.438 -3.362 -3.412 -3.442 -4.14 -4.307 -4.18 -4.071 -3.979 -3.871 -3.843 -4.294 -4.174 -4.0255 -4.268 -3.949 -3.69 -3.46 -3.263 -3.243
-0.56 -1.00233333333333 -1.063 -1.0455 -1.1125 -1.168 -0.881 -0.4365 -0.48 -0.272 -0.912 -1.402 -1.136 -1.138 -1.278 -1.253 -1.842 -1.739 -1.844 -2.0995 -1.7745 -1.225 -1.001 -0.7315 -0.521 -0.591 -0.7055 -1.02 -1.473 -1.4765 -1.553 -1.038 -1.229 -0.9335 -0.9925 -1.7 -2.1375 -2.391 -2.243 -2.388 -2.59375 -3.0135 -3.236 -3.373 -3.518 -3.789 -3.4605 -2.6005 -2.582 -2.9075 -2.8035 -3.026 -3.1745 -2.6275 -2.449 -2.6605 -2.762 -2.838 -3.551 -3.618 -3.86 -3.8285 -3.91 -4.0785 -3.9245 -4.0935 -4.68575 -4.6955 -4.5625 -4.2725 -3.9765 -3.7595 -3.5655
-0.847 -0.83 -0.9105 -0.7 -0.67 -0.847 -0.737 -0.697 0.15 -0.13 -0.7 -1.459 -1.421 -1.534 -1.636 -1.7515 -1.713 -1.61 -1.479 -1.41 -1.1 -1.353 -1.397 -0.942 -0.618 -0.514 -0.589 -0.624 -1.633 -1.114 -1.656 -1.791 -1.894 -2.046 -1.906 -2.355 -2.17 -2.471 -2.611 -2.676 -2.796 -3.1715 -3.569 -3.67 -3.77 -4.021 -2.607 -2.532 -2.529 -2.712 -2.864 -3 -3.103 -1.28 -1.3485 -2.71 -2.95 -1.207 -2.28 -3.207 -3.131 -2.999 -2.902 -3.406 -4.193 -3.974 -3.804 -4.5825 -5.12 -4.76 -4.456 -4.178 -3.983
-1.02 -0.899 -0.822 -0.953 -0.817 -0.693 -0.463 -0.193 0.027 -0.277 -0.31 -1.509 -1.497 -1.607 -1.737 -1.6705 -1.53 -1.31 -1.4 -0.31 -0.494 -1.082 -1.623 -1.561 -1.589 -1.686 -1.674 -1.721 -0.8585 -1.218 -1.794 -1.866 -1.849 -2.034 -1.773 -2.01 -2.281 -2.59 -9999 -2.901 -3.014 -3.3965 -2.932 -3.799 -3.924 -3.532 -2.813 -2.781 -2.652 -2.649 -2.836 -3.02 -2.63 -1.645 -1.6315 -2.08 -2.87 -1.847 -1.582 -3.107 -3.089 -2.982 -2.822 -2.823 -3.552 -4.114 -3.991 -4.2125 -6.003 -5.041 -4.717 -4.429 -4.197
-0.956 -0.821 -0.721 -0.846 -0.889 -0.9 -0.68 -0.4 -0.063 0.167 -0.783 -1.534 -1.596 -1.7 -1.813 -1.939 -0.895 -0.13 -0.24 0.324 -0.213 -0.803 -0.87 -1.35 -1.761 -1.733 -1.737 -1.54 -1.107 -1.3235 -1.753 -2.067 -2.35 -2.965 -2 -2.17 -2.497 -2.74 -9999 -3.057 -3.197 -3.408 -3.029 -3.911 -4.027 -2.799 -2.743 -2.78 -2.782 -2.69 -2.788 -2.94 -2.33 -1.912 -1.675 -2.129 -2.926 -2.59 -1.91 -2.73 -3 -2.933 -2.773 -2.668 -2.936 -4.237 -4.106 -6.02 -6.13 -5.488 -5.163 -5.213 -5.24
-1.467 -0.76 -0.647 -1.33 -0.97 -1.02 -0.82 -0.537 -1.34 -0.223 -1.66 -1.727 -1.869 -1.817 -1.947 -2.047 -0.475 1.196 0.973 0.62 -0.001 -0.504 -0.888 -0.752 -1.977 -1.14 -1.605 -1.701 -1.404 -1.6645 -1.839 -2.303 -2.73 -2.19 -2.246 -2.329 -2.6 -2.909 -9999 -3.246 -3.38 -2.268 -2.857 -3.84 -4.068 -2.814 -2.678 -2.696 -2.797 -2.65 -2.722 -2.896 -2.4 -2.168 -1.918 -2.3275 -2.778 -2.69 -2.325 -3 -2.926 -2.866 -2.693 -2.753 -2.9 -3.669 -3.75 -5.08 -5.986 -5.503 -5.108 -4.91 -5.046
-1.647 -1.758 -1.847 -1.762 -1.62 -1.333 -1.227 -1.433 -1.623 -0.097 -1.467 -1.823 -1.989 -2.103 -2.311 -1.947 0.4 1.383 1.211 0.897 0.381 -0.226 -0.71 -0.735 -0.546 -0.314 -0.58 -1.065 -1.798 -1.852 -2.028 -2.378 -2.765 -2.373 -2.434 -2.529 -2.736 -3.006 -9999 -9999 -2.866 -9999 -2.569 -3.398 -3.706 -2.839 -2.734 -2.64 -2.683 -2.73 -2.744 -2.781 -2.71 -2.455 -2.255 -2.5345 -2.482 -2.838 -2.655 -2.962 -2.838 -2.757 -2.64 -3.057 -3.293 -3.811 -3.563 -4.03 -5.819 -5.337 -5.013 -5.11 -5.306
-1.443 -1.683 -1.672 -1.543 -1.4185 -1.445 -1.304 -1.491 -1.703 0.363 -1.24 -1.937 -2.114 -2.216 -2.406 -0.61 0.933 1.723 1.384 1.107 0.521 -0.021 -0.507 -0.736 -0.543 -0.325 -0.271 -0.231 -0.185 -1.971 -2.1575 -2.458 -2.785 -2.531 -2.627 -2.699 -2.851 -3.144 -9999 -9999 -9999 -9999 -2.3 -2.605 -3.004 -2.903 -2.876 -2.822 -2.823 -2.707 -2.802 -2.782 -2.86 -2.677 -2.43 -2.543 -2.549 -2.926 -2.863 -2.84 -2.822 -2.785 -2.97 -3.051 -3.213 -3.32 -3.669 -3.404 -5.33 -5.364 -4.875 -5.166 -5.087
-1.505 -1.653 -1.51 -1.357 -1.2975 -1.307 -1.399 -1.644 -1.837 0.213 -0.993 -2.104 -2.266 -2.396 -1.28 0.934 0.93 0.9305 0.892 1.263 0.739 0.203 -0.184 -0.427 -0.42 0.58 0.12 -0.16 0.09 -2.145 -2.385 -2.473 -2.625 -2.657 -2.804 -2.874 -2.989 -3.233 -9999 -9999 -9999 -2.021 -2.244 -2.5415 -2.799 -2.858 -2.862 -2.739 -2.752 -2.72 -2.87 -2.812 -2.84 -2.828 -2.625 -2.815 -2.06 -2.979 -2.89 -2.834 -2.926 -2.946 -2.978 -2.959 -3.077 -3.201 -3.338 -3.406 -5 -5.2635 -4.822 -4.909 -5.031
-1.453 -1.578 -1.445 -1.297 -1.102 -1.1645 -1.493 -1.568 -1.927 0.357 -1.217 -2.254 -2.504 -0.94 0.95 0.96 0.937 0.945 0.9115 0.885 0.886 0.4 0.053 -0.146 0.055 0.795 1.45 1.28 0.97 -2.334 -2.438 -2.731 -2.49 -2.759 -2.966 -3.043 -3.156 -3.241 -2.022 -9999 -9999 -9999 -2.18 -2.367 -2.6635 -2.78 -2.78 -2.763 -2.721 -2.771 -2.893 -2.839 -2.828 -2.813 -2.835 -2.705 -2.079 -2.281 -3 -2.981 -2.974 -2.97 -2.987 -2.976 -3.107 -3.137 -3.678 -3.391 -4.6 -5.425 -4.91 -4.989 -5.124
-1.55 -1.6 -1.247 -1.182 -1.093 -1.309 -1.625 -1.658 -0.89 0.11 -1.707 -2.423 0.1 0.974 0.965 0.963 0.96 0.954 0.918 0.891 0.898 0.887 0.877 0.08 0.445 1.05 1.615 2.33 1.915 1.055 -1.17 -1.345 -2.566 -2.777 -3.049 -2.408 -2.688 -3.364 -2.818 -9999 -9999 -9999 -2.14 -2.346 -2.582 -2.73 -2.732 -2.669 -2.73 -2.734 -2.897 -2.867 -2.836 -2.665 -2.547 -2.035 -1.68 -2.984 -3.054 -3.027 -2.948 -3.02 -2.993 -3.071 -3.69 -3.737 -3.647 -3.957 -5 -5.405 -4.883 -4.949 -4.967
-1.183 -1.353 -1.433 -1.178 -1.309 -1.4 -1.709 -1.885 1.02 -0.64 -1.93 0.2 0.998 1.012 1.004 0.96 0.971 0.952 0.937 0.9005 0.893 0.884 0.885 0.859 0.845 0.831 2.335 2.21 2.055 0.691 -1.193 -1.572 -2.3395 -2.836 -3.051 -2.574 -1.623 -2.54 -2.314 -9999 -9999 -2.032 -2.09 -2.279 -2.5245 -2.649 -2.649 -2.614 -2.668 -2.757 -2.881 -2.839 -2.818 -2.848 -2.854 -2.883 -2.937 -2.993 -3.051 -3.007 -2.867 -2.833 -2.994 -3.63 -3.832 -3.673 -3.641 -3.974 -4.36 -5.315 -4.701 -4.824 -4.663
-0.587 -0.683 -1.279 -1.4 -1.593 -1.683 -1.825 -0.1 0.39 -1.06 0.67 1.028 1.02 1.031 0.997 1.006 0.98 0.959 0.938 0.913 0.881 0.87 0.889 0.879 0.846 0.854 0.848 0.85 0.709 0.757 0.618 -1.61 -2.4355 -2.956 -3.17 -2.002 -1.67 -1.986 -2.312 -9999 -9999 -9999 -2.139 -2.243 -2.409 -2.548 -2.603 -2.544 -2.673 -2.746 -2.854 -2.8 -2.798 -2.792 -2.899 -2.932 -2.951 -2.939 -2.9725 -2.919 -3.049 -2.78 -2.939 -3.118 -3.804 -3.706 -3.676 -3.884 -4.087 -5.03 -4.732 -4.5895 -4.831
-0.8585 -0.31 -0.1135 -0.6755 -0.7085 0.2885 0.525666666666667 1.012 1.0885 1.076 1.0645 1.073 1.0595 1.0405 1.052 1.0345 1.006 0.9705 0.9495 0.921333333333333 0.911 0.894 0.8825 0.8845 0.8555 0.85 0.8485 0.856 0.832 0.874 0.552 0.0415 -2.14966666666667 -2.47033333333333 -2.671 -1.606 -1.7655 -1.789 -1.918 -1.967 -9999 -9999 -2.167 -2.2345 -2.362 -2.46 -2.461 -2.5105 -2.679 -2.751 -2.806 -2.844 -2.814 -2.8925 -2.9465 -2.883 -2.9895 -2.88 -2.89133333333333 -3.03966666666667 -2.989 -2.684 -3.5795 -4.073 -4.4645 -4.1495 -3.781 -3.8995 -4.3625 -4.7005 -4.8135 -4.43133333333333 -4.62866666666667
-2.334 -2.337 -1.57 -1.11 1.101 1.136 1.13 1.1525 1.166 1.135 1.131 1.124 1.105 1.106 1.085 1.07 1.031 0.991 0.951 0.947 0.9125 0.899 0.9 0.889 0.862 0.847 0.838 0.847 0.843 -0.352 -0.449 -0.319 -2.028 -2.1065 -3.45 -2.77 -3.18 -1.848 -1.898 -1.998 -9999 -9999 -9999 -2.211 -2.27 -2.314 -2.396 -2.512 -9999 -9999 -9999 -2.867 -3.03 -3.02 -2.872 -2.953 -2.847 -2.773 -2.719 -2.8075 -2.848 -4.169 -5.051 -5.447 -5.069 -4.684 -4.451 -4.277 -4.441 -4.409 -4.667 -4.502 -4.103
-2.809 1.113 1.125 1.162 1.18 1.201 1.213 1.236 1.239 1.206 1.206 1.191 1.169 1.135 1.325 1.09 1.04 1.003 0.965 0.94 0.924 0.8955 0.887 0.882 0.876 0.844 0.836 0.845 0.848 0.053 -0.167 -0.08 -2.79 -2.043 -2.956 -2.358 -3.56 -2.368 -2.368 -9999 -9999 -9999 -9999 -9999 -2.276 -2.313 -9999 -9999 -9999 -9999 -9999 -9999 -3.037 -2.93 -2.73 -2.666 -2.633 -3.953 -3.822 -4.338 -4.18 -5.597 -5.908 -5.674 -5.348 -4.776 -4.426 -4.242 -4.397 -4.519 -4.727 -4.292 -3.995
1.152 1.156 1.175 1.226 1.273 1.306 1.665 2.565 2.3825 2.25 2.415 2.455 2.47 2.38 2.5 1.36 1.062 1.039 0.998 0.968 0.939 0.9175 0.891 0.891 0.872 0.844 0.843 0.839 0.857 0.188 0.133 0.271 -0.71 -3.19 -3.446 -2.412 -9999 -9999 -9999 -9999 -9999 -9999 -9999 -9999 -9999 -9999 -9999 -9999 -9999 -9999 -9999 -9999 -9999 -2.892 -2.77 -3.414 -3.869 -4.538 -5.28 -5.57 -5.473 -6.198 -6.022 -5.698 -5.574 -5.307 -4.68 -4.408 -4.442 -4.469 -4.517 -3.968 -3.813
1.183 1.246 1.289 1.66 3.195 3.829 3.694 3.686 4.3445 4.32 4.12 3.937 3.763 3.6 3.396 2.44 1.47 1.135 1.009 0.977 0.942 0.909 0.89 0.886 0.872 0.851 0.844 0.849 0.841 -0.56 0.489 0.477 -0.403 -3.736 -4.06 -3.13 -9999 -9999 -9999 -9999 -9999 -9999 -9999 -9999 -9999 -9999 -9999 -9999 -9999 -9999 -9999 -9999 -2.925 -2.817 -3.418 -3.733 -4.951 -5.576 -6.1 -6.098 -5.905 -5.933 -5.833 -5.817 -5.873 -5.42 -4.858 -4.663 -4.413 -4.509 -4.111 -3.741 -3.677
1.27 2.115 3.76 4.151 3.84 2.54 1.632 3.637 4.013 4.1175 3.953 3.687 3.589 3.39 3.24 3.075 2.235 1.935 1.555 1.29 1 0.917 0.892 0.891 -2.036 -1.01 -1.35 -2.176 -1.843 -2.068 -1.003 -0.495 -9999 -9999 -9999 -9999 -9999 -9999 -9999 -9999 -9999 -9999 -9999 -9999 -9999 -9999 -9999 -9999 -9999 -9999 -9999 -9999 -9999 -3.356 -3.793 -4.217 -4.996 -5.696 -5.867 -4.71 -3.29 -5.4235 -5.775 -5.862 -5.727 -5.288 -4.932 -4.683 -4.612 -4.113 -3.814 -3.809 -3.729
3.23 4.549 4.243 3.929 2.53 1.728 1.783 1.757 2.63 3.7895 3.707 3.604 3.409 3.227 3.321 3.603 2.93 2.48 2.13 1.825 0.14 -0.65 -1.375 -2.191 -1.773 -9999 -9999 -1.829 -1.394 -9999 -0.697 -1.44 -9999 -9999 -9999 -9999 -9999 -9999 -9999 -9999 -9999 -9999 -9999 -9999 -9999 -9999 -9999 -9999 -9999 -9999 -9999 -9999 -9999 -9999 -4.063 -4.679 -5.267 -5.705 -5.752 -2.654 -2.63 -3.042 -2.679 -5.69 -5.513 -5.239 -4.937 -4.486 -4.158 -4.053 -3.962 -4.07 -3.672
4.624 4.331 3.989 3.27 1.814 1.893 1.965 1.933 1.877 1.797 2.37 2.63 2.22 1.336 2.59 2.31 1.756 1.666 0.83 -0.21 -0.99 -1.615 -9999 -2.004 -9999 -9999 -9999 -1.553 -9999 -9999 -9999 -9999 -9999 -9999 -9999 -9999 -9999 -9999 -9999 -9999 -9999 -9999 -9999 -9999 -9999 -9999 -9999 -9999 -9999 -9999 -9999 -9999 -9999 -9999 -9999 -9999 -9999 -9999 -9999 -9999 -9999 -9999 -3.3315 -5.645 -5.437 -5.237 -4.911 -4.773 -4.451 -4.163 -3.854 -3.77 -3.694
4.279 4.109 3.786 1.845 1.968 2.075 2.132 2.108 2.036 1.93 1.8865 1.943 1.898 1.915 1.825 1.76 1.45 1.09 0.25 -0.7 -9999 -9999 -9999 -9999 -9999 -9999 -9999 -9999 -9999 -9999 -9999 -9999 -9999 -9999 -9999 -9999 -9999 -9999 -9999 -9999 -9999 -9999 -9999 -9999 -9999 -9999 -9999 -9999 -9999 -9999 -9999 -9999 -9999 -9999 -9999 -9999 -9999 -9999 -9999 -9999 -9999 -9999 -5.555 -5.465 -5.348 -5.222 -4.818 -4.47 -4.252 -3.988 -3.839 -3.942 -3.774
4.13 3.791 1.801 1.961 2.107 2.218 2.381 2.365 2.32 2.216 2.057 1.952 -9999 -9999 1.782 1.735 1.25 0.66 0.23 -0.99 -9999 -9999 -9999 -9999 -9999 -9999 -9999 -9999 -9999 -9999 -9999 -9999 -9999 -9999 -9999 -9999 -9999 -9999 -9999 -9999 -9999 -9999 -9999 -9999 -9999 -9999 -9999 -9999 -9999 -9999 -9999 -9999 -9999 -9999 -9999 -9999 -9999 -9999 -9999 -9999 -9999 -9999 -9999 -9999 -9999 -5.084 -4.774 -9999 -9999 -4.177 -3.819 -9999 -9999
3.934 2.04 2.115 2.225 2.34 2.415 2.453 2.28 2.37 2.26 2.107 1.9725 -9999 -9999 -9999 1.215 0.53 -0.27 -0.19 -9999 -9999 -9999 -9999 -9999 -9999 -9999 -9999 -9999 -9999 -9999 -9999 -9999 -9999 -9999 -9999 -9999 -9999 -9999 -9999 -9999 -9999 -9999 -9999 -9999 -9999 -9999 -9999 -9999 -9999 -9999 -9999 -9999 -9999 -9999 -9999 -9999 -9999 -9999 -9999 -9999 -9999 -9999 -9999 -9999 -9999 -9999 -9999 -9999 -9999 -9999 -9999 -9999 -9999
2.78 2.012 2.108 2.233 2.357 2.481 2.281 2.299 2.331 2.244 2.087 1.977 -9999 -9999 -9999 -9999 -0.34 -9999 -9999 -9999 -9999 -9999 -9999 -9999 -9999 -9999 -9999 -9999 -9999 -9999 -9999 -9999 -9999 -9999 -9999 -9999 -9999 -9999 -9999 -9999 -9999 -9999 -9999 -9999 -9999 -9999 -9999 -9999 -9999 -9999 -9999 -9999 -9999 -9999 -9999 -9999 -9999 -9999 -9999 -9999 -9999 -9999 -9999 -9999 -9999 -9999 -9999 -9999 -9999 -9999 -9999 -9999 -9999
1.8735 1.925 2.0205 2.1475 2.2885 2.4175 2.2475 2.329 2.3025 2.136 1.9995 1.9575 1.948 -9999 -9999 -9999 -9999 -9999 -9999 -9999 -9999 -9999 -9999 -9999 -9999 -9999 -9999 -9999 -9999 -9999 -9999 -9999 -9999 -9999 -9999 -9999 -9999 -9999 -9999 -9999 -9999 -9999 -9999 -9999 -9999 -9999 -9999 -9999 -9999 -9999 -9999 -9999 -9999 -9999 -9999 -9999 -9999 -9999 -9999 -9999 -9999 -9999 -9999 -9999 -9999 -9999 -9999 -9999 -9999 -9999 -9999 -9999 -9999
1.9 1.795 1.834 1.897 2.005 2.139 -9999 -9999 2.197 2.106 2.02 -9999 -9999 -9999 -9999 -9999 -9999 -9999 -9999 -9999 -9999 -9999 -9999 -9999 -9999 -9999 -9999 -9999 -9999 -9999 -9999 -9999 -9999 -9999 -9999 -9999 -9999 -9999 -9999 -9999 -9999 -9999 -9999 -9999 -9999 -9999 -9999 -9999 -9999 -9999 -9999 -9999 -9999 -9999 -9999 -9999 -9999 -9999 -9999 -9999 -9999 -9999 -9999 -9999 -9999 -9999 -9999 -9999 -9999 -9999 -9999 -9999 -9999
1.6435 2.26 2.17 1.869 -9999 -9999 -9999 -9999 -9999 -9999 -9999 -9999 -9999 -9999 -9999 -9999 -9999 -9999 -9999 -9999 -9999 -9999 -9999 -9999 -9999 -9999 -9999 -9999 -9999 -9999 -9999 -9999 -9999 -9999 -9999 -9999 -9999 -9999 -9999 -9999 -9999 -9999 -9999 -9999 -9999 -9999 -9999 -9999 -9999 -9999 -9999 -9999 -9999 -9999 -9999 -9999 -9999 -9999 -9999 -9999 -9999 -9999 -9999 -9999 -9999 -9999 -9999 -9999 -9999 -9999 -9999 -9999 -9999
1.584 1.528 1.456 -9999 -9999 -9999 -9999 -9999 -9999 -9999 -9999 -9999 -9999 -9999 -9999 -9999 -9999 -9999 -9999 -9999 -9999 -9999 -9999 -9999 -9999 -9999 -9999 -9999 -9999 -9999 -9999 -9999 -9999 -9999 -9999 -9999 -9999 -9999 -9999 -9999 -9999 -9999 -9999 -9999 -9999 -9999 -9999 -9999 -9999 -9999 -9999 -9999 -9999 -9999 -9999 -9999 -9999 -9999 -9999 -9999 -9999 -9999 -9999 -9999 -9999 -9999 -9999 -9999 -9999 -9999 -9999 -9999 -9999
1.561 -9999 -9999 -9999 -9999 -9999 -9999 -9999 -9999 -9999 -9999 -9999 -9999 -9999 -9999 -9999 -9999 -9999 -9999 -9999 -9999 -9999 -9999 -9999 -9999 -9999 -9999 -9999 -9999 -9999 -9999 -9999 -9999 -9999 -9999 -9999 -9999 -9999 -9999 -9999 -9999 -9999 -9999 -9999 -9999 -9999 -9999 -9999 -9999 -9999 -9999 -9999 -9999 -9999 -9999 -9999 -9999 -9999 -9999 -9999 -9999 -9999 -9999 -9999 -9999 -9999 -9999 -9999 -9999 -9999 -9999 -9999 -9999
