data/derived/r_sen_pnau.asc
NCOLS 186 
NROWS 74 
XLLCORNER 443300.206538099 
YLLCORNER 4085841.77455235 
CELLSIZE 500 
NODATA_value -9999 
[rows 35 to 69 of 74, columns 0 to 77 of 186]
-9999 -9999 -9999 -9999 -9999 -9999 -9999 -9999 -9999 -9999 -9999 -9999 -9999 -9999 0 0 -0.002 -0.004 0.039 -9999 -9999 -9999 -0.1005 0.1 -0.232 -0.303 -0.366 0.018 -0.038 -0.104 -0.942 -0.023 0.8765 1.4775 1.43466666666667 0.784 1.0965 1.9745 1.725 1.919 2.2485 1.138 0.951 1.1565 2.332 2.8305 2.9075 2.68366666666667 2.75566666666667 2.35 0.992 1.709 -0.255 0.068 1.841 0.671 0.678 0.703 0.215 0.25 1.375 2.206 5.13 2.472 0.238 0.716 2.35 1.959 5.525 2.925 1.906 2.12 2.521 2.0775 -0.323 0.582 2.348 3.741
-9999 -9999 -9999 -9999 -9999 -9999 -9999 -9999 -9999 -9999 -9999 -9999 -9999 -9999 -0.002 -0.001 -0.003 -0.006 0.051 0.065 -9999 0.085 -0.134 -0.397 -0.288 0.027 0.069 -0.548 0.122 0.285 0.1 -0.976 0.863 3.15 3.656 2.6385 2.988 3.399 2.944 2.947 3.001 2.969 3.24 2.759 2.677 3.523 3.275 2.789 3.1685 2.6875 1.3135 0.556 2.168 1.7565 -0.047 1.3725 1.7415 1.1435 0.856 0.64 2.128 2.18325 2.383 1.878 0.7155 2.827 2.792 0.5315 1.886 1.6085 2.397 2.053 2.1205 2.4155 2.32433333333333 2.353 3.126 4.992
-9999 -9999 -9999 -9999 -9999 -9999 -9999 -9999 -9999 -9999 -9999 -9999 -9999 -9999 -9999 -0.001 -0.064 -0.003 0 -0.004 0 -0.01 -0.062 -0.34 -0.576 0.089 -0.353 0.266 -0.349 -0.589 -0.075 0.951 2.901 2.056 3.871 2.909 4.2005 4.197 2.877 3.731 3.179 3.082 2.966 2.829 2.469 2.91 3.22 3.389 2.791 2.915 2.327 2.616 2.38 0.28 1.859 0.628 0.862 1.186 2.25 2.303 2.63 1.963 3.6935 2.324 3.684 2.42 1.157 -0.234 2.47 -0.029 0.344 0.36 0.398 1.974 2.56033333333333 2.217 2.5215 2.275
-9999 -9999 -9999 -9999 -9999 -9999 -9999 -9999 -9999 -9999 -9999 -9999 -9999 -9999 -9999 -0.001 -0.002 0.006 0 0.009 0.012 -0.01 0.082 -0.4455 -0.967 -0.66 -0.258 -0.275 0.255 -0.02 -0.35 1.889 1.329 1.23 1.075 1.312 3.484 3.046 1.714 3.114 4.086 5.1 3.031 2.971 3.549 3.077 2.77 2.55 2.093 2.576 2.634 2.874 2.627 1.973 0.315 0.597 0.827 0.72 2.456 2.409 1.99 2.665 3.0565 2.31 1.94 1.35 1.132 0.38 0.327 0.807 0.98 0.975 0.415 0.617 2.21 2.521 2.003 2.521
-9999 -9999 -9999 -9999 -9999 -9999 -9999 -9999 -9999 -9999 -9999 -9999 -9999 -9999 -9999 -0.009 0 0 0.008 -0.006 0 0.013 -0.01 0.0215 0.022 -0.246 -0.176 -0.126 -0.086 -0.737 -0.269 -0.959 -0.918 0.349 0.56 1.77 1.3105 1.22 1.08 1.548 3.95 3.81 3.456 3.43 3.379 2.906 3.416 -1.838 4.057 2.6245 2.652 2.15 2.035 0.266 0.61 3.19 2.453 0.916 2.859 2.984 2.119 2.735 2.95 2.273 2.959 2.043 0.273 1.076 -0.11 0.375 0.694 -0.414 0.46 1.773 2.027 2.655 1.94 2.021
-9999 -9999 0 -9999 -9999 -9999 -9999 -9999 -9999 -9999 -9999 -9999 -9999 -9999 -9999 0 -0.01 -0.012 -0.053 -0.006 0.09 0.059 -0.024 -0.014 -0.004 0.022 -0.199 0.164 0.093 0.14 0.644 -0.132 0.553 1.318 1.595 2.674 2.747 2.165 2.859 2.323 1.781 4.284 2.876 3.427 3.297 3.506 2.26 3.94 4.966 3.2 1.006 2.935 2.438 2.51 2.787 2.84 2.489 2.96 2.63 2.77 2.83 4 4.47 1.655 1.278 1.083 0.312 0.657 0.811 0.399 -0.87 0.771 0.138 1.963 2.086 2.29 2.477 2.097
-9999 -9999 -9999 -9999 -9999 0 -0.01 -9999 -9999 -9999 -9999 -9999 0 0 0 0 0 -0.002 -0.041 -0.004 0.058 0.029 0.026 -0.012 0.0035 0.022 -0.149 0.027 0.041 0.228 -0.353 0.329 1.48 1.581 2.491 3.83 2.009 3.0005 3.231 3.605 2.196 3.253 3.089 2.941 3.419 3.481 -2.157 4.759 5.05 -0.703 -1.144 2.922 2.347 2.309 2.287 2.51 3.26 2.683 2.15 6.673 3.965 4.508 5.917 2.0595 3.228 2.34 0.612 2.26 0.561 0.76 -0.876 0.754 0.264 2.041 1.84 2.739 2.0575 0.83
-9999 -9999 -9999 -0.008 -9999 -9999 -9999 -0.01 -9999 -9999 -9999 -0.001 0.001 0 0 0.005 -0.001 0.013 0.067 0.034 0.021 0.085 -0.066 -0.02 -0.37 0.0115 0.076 0.102 0.054 0.382 -0.352 0.547 0.765 0.124 1.402 2.466 2.883 3.216 4.5385 5.243 3.307 3.676 2.893 3.05 3.342 3.419 3.407 5.129 4.988 4.859 4.205 2.672 2.591 2.11 2.587 4.408 2.965 2.942 4.622 4.902 3.41 4.4 3.373 2.92 2.0645 0.505 2.419 2.486 0.978 0.782 -0.259 0.962 0.414 -0.075 0.77 1.98 -0.086 0.9375
-9999 -0.01 -0.01 -0.008 -0.01 -0.012 -0.013 -0.001 -0.008 -0.008 -0.008 -0.007 -0.0075 -0.01 0.007 0.012 -0.004 -0.022 0.033 0.088 0.128 -0.046 0.261 -0.128 0.573 0.235 0.026 0.098 -0.026 -0.478 1.992 0.528 0.229 1.565 1.486 2.245 2.549 3.586 4.4495 4.219 3.133 3.8 3.201 3.896 3.964 2.18 -1.678 4.904 4.81 4.607 4.679 2.5375 2.536 3.423 4.075 2.76 3.65 4.631 1.529 4.589 4.83 4.29 5.07 1.799 2.1835 2.74 2.514 1.673 1.192 0.565 0.143 -1.08 1.224 0.267 2.427 0.19 1.42 0.411
-0.01 -0.008 -0.038 -0.01 -0.012 -0.085 -0.09 -0.088 -0.074 -0.053 -0.025 -0.02 -0.012 -0.035 -0.027 -0.004 -0.006 -0.066 -0.024 0.024 0.022 -0.292 -0.157 -0.242 0.072 0.0685 -0.043 0.845 0.895 1.004 0.877 0.484 0.995 1.798 0.511 0.764 2.911 2.559 4.598 3.585 3.666 3.898 3.753 3.464 3.503 2.91 4.977 4.637 4.529 3.124 2.516 2.919 2.393 2.81 6.58 3.335 4.02 4.787 3.76 6.007 4.45 1.606 1.664 2.253 2.719 1.28 1.113 1.605 1.33 -0.57 -0.248 -0.65 0.774 0.296 1.86 1.254 0.314 0.529
-9999 -0.017 -0.0075 -0.062 -0.0295 -0.071 -0.0645 -0.0755 -0.1455 -0.1435 -0.2275 -0.066 -0.183 -0.0615 -0.001 -0.066 -0.03 -0.033 -0.011 0.017 0.014 0.078 -0.008 -0.045 0.009 0.023 -0.002 1.376 0.853 0.892 1.307 0.485 0.685 2.087 0.415 2.752 2.845 2.939 4.041 3.756 3.724 3.596 3.711 3.231 4.99 5.44 4.559 4.171 3.31 3.137 2.656 4.97 2.291 3.297 3.355 1.691 1.81 6.018 3.339 4.738 5.273 2.11 2.457 2.19 2.499 1.75 0.995 1.548 1.288 0.493 1.117 -0.948 0.778 0.263 1.344 0.464 0.566 0.7
-9999 -9999 -0.008 -0.006 -0.02 -0.006 -0.052 -0.042 -0.062 -0.05 -0.024 -0.036 -0.043 -0.031 -0.09 -0.0325 0.0035 -0.022 -0.015 -0.0235 -0.0155 -0.0135 -0.0115 -0.0105 -0.0465 0.01 -0.019 -0.00833333333333333 -0.008 0.026 0.507 0.689 0.621 0.526 0.92 2.812 4.969 4.149 4.741 2.828 4.296 6.21 4.26 4.385 3.449 4.006 3.41 3.391 3.433 2.981 3.43 3.632 2.2175 2.575 3.04 2.084 3.56 4.705 5.982 5.457 5.282 4.249 2.353 2.533 1.196 1.1965 0.465 0.378 0.664 0.253 0.696 -0.622 0.822 0.452 -0.063 0.48 1.276 1.051
-9999 -9999 -9999 -0.004 -0.005 -0.004 -0.01 -0.06 -0.085 -0.002 -0.012 -0.059 -0.049 -0.053 -0.0695 -0.003 0 0 0 -0.019 0 -0.009 -0.009 -0.007 -0.018 -0.151 -0.006 -0.171 -0.0595 0.2765 0.5585 -0.0215 0.408 1.4955 1.5915 2.579 4.8015 4.1775 3.84 3.334 4.2575 3.687 3.915 3.9765 3.7355 3.573 3.739 3.325 3.654 5.08 3.346 3.207 2.881 2.604 2.268 0.634 1.907 3.855 7.147 5.348 4.58 4.926 2.537 2.683 2.326 1.62 0.454 0.097 0.187 0.038 0.067 -0.603 0.845 0.481 1.741 0.492 0.331 -1.027
-9999 -9999 -9999 -9999 -9999 -0.01 0 -0.005 -0.004 -0.014 -0.014 -0.027 0 -0.005 -0.005 -0.005 0 -0.002 -0.006 -0.239 -0.08 -0.013 -0.085 -0.027 -0.009 -0.012 -0.374 -0.4395 0.695 1.167 0.088 -0.047 0.806 1.904 2.696 3.637 3.166 2.922 2.265 1.78 3.48 8.334 3.686 5.123 4.47 4.041 3.105 3.911 4.7715 4.0165 3.2855 3.525 2.698 2.2835 1.7005 1.552 0.666 2.243 2.124 3.022 5.2085 3.1925 2.6305 2.7405 2.5365 1.7445 1.281 -0.047 0.719 -0.037 0.178 -0.67 0.77 0.45 0.357 0.434 0.513 -0.846
-9999 -9999 -9999 -9999 -9999 -9999 -0.001 -0.001 -0.002 -0.01 -9999 0 0 0 -0.002 0 -0.001 0 -0.009 -0.054 -0.051 -0.016 -0.12 -0.262 -0.147 -0.034 -0.635 -0.38 0.511 0.068 -0.098 1.038 1.58 1.881 3.917 2.71 4.993 1.023 2.92 4.257 4.189 3.685 3.586 4.163 4.273 1.74 2.372 1.892 3.646 3.851 4.82 3.53 3.13 2.941 1.2845 1.685 1.05 0.622 1.884 2.304 2.391 0.152 2.291 1.503 2.622 2.305 -0.274 0.570666666666667 0.0715 0.1425 0.4935 -0.396 1.011 0.5575 0.4775 0.8575 -0.5835 -0.487
-9999 -9999 -9999 -9999 -9999 0 -9999 -9999 -9999 -9999 -9999 -9999 -9999 0 0 0 -0.027 -0.019 -0.024 -0.097 -0.013 -0.012 -0.442 -0.352 -0.234 -0.317 -0.4 -0.213 -0.654 -0.407 0.654 1.619 3.858 4.52 2.713 4.426 0.89 3.67 4.021 3.773 3.208 7.121 3.876 4.969 4.786 3.833 2.107 1.796 2.04 4.463 4.145 4.067 1.604 1.736 0.7275 0.843 1.759 1.028 1.737 2.248 2.305 2.296 2.38 2.15 2.264 -0.028 1.135 0.7235 0.044 0.33 0.213 -0.39 1.281 0.256 0.699 -0.29 -0.666 -0.17
-9999 -9999 -9999 -9999 -9999 0 0 -9999 -9999 -9999 -9999 -9999 -9999 -9999 0 0 -0.0155 -0.002 -0.01 -0.006 -0.025 -0.375 -0.134 -0.282 -0.488 -0.726 -0.299 0.704 -0.364 -0.4575 -1.078 2.18 3.111 2.563 5.372 2.706 3.165 4.055 2.877 3.884 4.2 3.61 6.5415 4.481 3.452 2.826 1.62 3.013 3.4 1.392 2.778 4.588 1.66 1.67 1.988 1.3555 2.301 1.744 0.93 0.839 2.04 2.354 2.46 1.618 0.408 1.077 0.665 0.604 -0.1615 0.764 0.473 1.266 2.749 1.364 1.139 -0.342 -0.768 0.151
-9999 -9999 -9999 0 0 0 -9999 -9999 -9999 -9999 -9999 -9999 -9999 -9999 0 0 0 0 -0.01 -0.022 -0.022 -0.345 -0.594 -0.171 -0.574 -0.563 -0.347 -0.245 -0.08 -0.6425 -1.266 0.019 2.28 2.843 2.345 1.463 3.141 2.44 3.68 3.271 3.72 9.813 4.2585 4.763 3.86 1.717 3.43 2.068 3.384 2.471 1.237 1.9 2.513 2.224 1.479 0.8375 2.582 1.506 0.704 0.279 2.466 2.705 0.314 0.625 1.496 1.432 0.896 0.016 -0.095 1.096 1.61 1.49 1.17 0.382 1.192 -0.675 -0.026 0.308
-9999 -9999 -9999 -9999 0 0 -9999 -9999 -9999 -9999 -9999 -9999 -9999 -9999 -9999 -9999 0 -0.0175 -0.026 -0.04 -0.36 -0.088 -0.083 -0.297 -0.444 -0.534 -0.322 -0.061 0.065 -0.042 -0.701 -0.315 0.23 4.5 3.502 4.243 2.272 3.74 3.763 7.9 5.277 4.233 4.253 4.8665 3.918 2.224 1.37 2.692 0.339 2.186 3.258 2.51 2.481 0.642 2.389 1.668 2.877 1.582 2.7 0.954 2.634 2.611 0.82 1.418 0.263 0.242 0.177 -0.013 0.112 0.888 1.799 1.859 1.158 1.244 1.167 -0.872 -0.066 -0.062
-9999 -9999 -9999 -9999 0 0 -9999 -9999 -9999 -9999 -9999 -9999 -9999 -9999 -9999 -9999 0 -0.011 -0.19 -0.175 -0.235 -0.574 -0.175 -0.164 -0.019 -0.1 -0.027 -0.021 -0.168 -0.383 -0.974 -0.006 0.455 3.656 2.556 2.867 2.027 3.919 3.421 7.68 3.815 4.46 4.143 4.156 4.368 4.357 3.277 2.994 0.718 0.279 2.076 2.218 0.646 0.345 2.36 1.647 2.9165 3.203 3.014 2.951 2.78 2.72 0.518 1.245 0.263 0.22 0.129 0.181 0.024 0.646 1.166 1.89 1.28 1.555 1.782 -0.136 -0.062 -0.271
-9999 -9999 -9999 -9999 -9999 0 -9999 -9999 -9999 -9999 -9999 -9999 -9999 -9999 -9999 -9999 0 -0.021 -0.136 -0.263 -0.336 -0.338 -0.59 -0.183 -0.122 -0.13 -0.096 -0.058 -0.495 -0.768 -1.472 0.025 2.569 2.835 1.523 0.63 1.853 4.564 3.031 3.3 4.3 3.91 3.857 4.0895 4.701 3.682 1.362 2.35 2.767 0.281 0.448 0.345 0.255 1.489 2.769 1.414 2.5275 3.519 3.334 2.911 1.07 0.678 0.575 1.478 1.188 0.085 0.204 0.162 0.091 0.2885 1.521 1.91 1.337 1.445 0.636 0.221 -0.144 -0.238
-9999 -9999 -9999 -9999 -9999 -9999 -9999 -9999 -9999 -9999 -9999 -9999 -9999 -9999 -9999 -9999 0 0 -0.0065 -0.049 -0.056 -0.023 -0.02 -0.018 -0.018 -0.462 -0.137 -0.386 -0.25 -1.463 -0.195 0.9335 1.862 1.271 0.859 1.544 2.253 3.804 3.25 5.327 3.81 3.72 2.352 4.394 3.58 4.024 1.842 2.821 3.553 2.192 0.453 0.456 0.461 2.597 1.415 1.371 3.393 3.3835 2.42 1.925 1.466 1.536 1.619 1.077 0.928 0.069 -0.048 0.208 0.142 0.706 0.299 2.321 1.409 1.091 0.307 0.067 -0.272 -0.387
-9999 -9999 -9999 -9999 -9999 -9999 -9999 -9999 -9999 -9999 -9999 -9999 -9999 -9999 -9999 -9999 -9999 0 -0.016 -0.018 -0.016 -0.008 -0.052 -0.023 -0.077 -0.28 -0.244 0.11 -0.44 -1.272 -0.637 -0.2325 0.722 -0.307 -0.15 0.976 1.866 3.626 4.04 4.452 3.002 2.71 1.372 4.266 4.046 2.452 2.11 2.83 2.945 2 0.465 -0.001 0.344 2.31 1.77 2.64 3.514 3.0675 2.66 -0.143 2.054 0.38 0.29 0.481 0.3 0.255 -0.155 0.109 0.029 0.808 0.944 1.057 0.7 0.434 -0.25 0.218 0.043 0.06
-9999 -9999 -9999 -9999 -9999 -9999 -9999 -9999 -9999 -9999 -9999 -9999 -9999 -9999 -9999 -9999 -9999 -9999 0 -0.00166666666666667 -0.0065 -0.0235 -0.0235 -0.0325 -0.2435 -0.088 -0.232 0.032 -1.53 -0.748 -1.202 -1.108 -0.2455 0.716 0.289 0.618 1.872 3.607 2.185 3.135 3.556 1.242 1.39 3.81 3.68 2.234 3.004 2.638 0.602 0.47 0.169 0.282 0.673 2.497 1.694 2.64 3.463 4.077 3.5285 2.168 2.057 0.602 0.224 0.27 0.263 0.002 -0.111 0.174 0.204 -0.603 0.91 0.35 0.157 0.2 -0.01 0.067 -0.246 0.088
-9999 -9999 -9999 -9999 -9999 -9999 -9999 -9999 -9999 -9999 -9999 -9999 -9999 -9999 -9999 -9999 -9999 -9999 -9999 -0.003 -0.006 -0.019 -0.036 -0.03 -0.138 -0.086 -0.012 -0.073 -0.5895 -1.1835 -1.6685 -1.219 -0.46225 1.0645 0.13 0.618 2.014 2.01 1.3975 0.412 0.3265 0.736 0.886 3.74 2.112 1.671 2.632 0.255 0.415 0.131 0 0.26 1.012 1.785 1.212 3.85 3.456 3.26 3.2835 -0.063 2.107 1.366 0.222 0.149 -0.09 -0.1 0.052 -0.593 -0.216 0.472 0.458 -0.3655 -0.268 0.13 -0.27 -0.367 -0.248 -0.379
-9999 -9999 -9999 -9999 -9999 -9999 -9999 -9999 -9999 -9999 -9999 -9999 -9999 -9999 -9999 -9999 -9999 -9999 -9999 -0.005 -0.013 -0.036 -0.014 -0.023 -0.027 0.212 0.138 -0.079 -1.088 -1.426 -0.871 -1.256 0.334 -0.01 0.467 0.748 1.39 0.877 0.372 0.493 1.313 1.419 1.2035 0.8045 0.774 1.359 1.10866666666667 0.2425 0.1095 -0.0165 0.2055 0.2675 2.6165 2.0525 1.991 2.232 1.157 1.253 1.24466666666667 1.06466666666667 1.7965 1.76 0.456 0.258 -0.099 -0.113 -0.135 -0.148 -0.055 -0.115 0.047 -0.214 -0.665 -0.475 -0.664 -0.4 0.052 -0.155
-9999 -9999 -9999 -9999 -9999 -9999 -9999 -9999 -9999 -9999 -9999 -9999 -9999 -9999 -9999 -9999 -9999 -9999 -9999 -0.005 -0.0175 -0.02 -0.038 -0.018 -0.023 0.336 0.116 0.587 0.236 -1.394 0.181 0.121 -0.558 -0.1915 0.128 0.393 0.144 -0.518 0.108 1.176 0.34 0.407 1.236 -0.343 0.27 1.327 0.776 0.007 -0.068 0.047 0.323 0.957 2.401 3.279 1.084 1.042 1.044 2.266 2.466 1.916 0.56 0.6035 0.356 0.102 -0.0975 -0.075 -0.241 -0.0265 -0.4585 -0.0385 0.2755 -0.5345 -0.265 -0.1425 -0.218 -0.085 -0.095 -0.114
-9999 -9999 -9999 -9999 -9999 -9999 -9999 -9999 -9999 -9999 -9999 -9999 -9999 -9999 -9999 -9999 -9999 -9999 -9999 0 -0.013 -0.0325 -0.044 -0.012 -0.34 0.21 -0.128 -0.062 0.312 -0.025 0.167 -0.395 0.014 -0.547 0.1885 -0.49 0.104 0.543 0.824 0.043 -0.137 0.078 0.92 0.674 0.582 1.485 0.387 0.174 -0.114 0 0.308 0.167 2.022 2.675 1.513 2.15 2.28 2.483 1.822 2.305 1.254 0.329 0.22 -0.11 -0.087 -0.061 -0.296 -0.007 -0.72 -0.712 -0.62 -0.287 -0.026 -0.043 -0.156 -0.08 -0.117 -0.026
-9999 -9999 -9999 -9999 -9999 -9999 -9999 -9999 -9999 -9999 -9999 -9999 -9999 -9999 -9999 -9999 -9999 -9999 -9999 -0.004 -0.002 -0.028 -0.037 -0.006 0 -0.295 0.348 0.696 0.883 0.451 0.556 -0.067 0.051 -0.389 0.2965 0.97 0.431 0.91 0.389 -0.382 0.017 0.136 0.44 0.31 0.935 0.508 0.579 -0.0115 -0.299 -0.127 0.002 0.425 0.247 3.071 2.523 1.841 1.213 2.39 0.89 0.843 0.558 0.282 0.116 -0.075 -0.18 -0.095 -0.188 0.302 0.31 0.143 0.241 0.011 -0.109 -0.1025 -0.038 -0.13 -0.079 -9999
-9999 -9999 -9999 -9999 -9999 -9999 -9999 -9999 -9999 -9999 -9999 -9999 -9999 -9999 -9999 -9999 -9999 -9999 0 0 0 -0.023 -0.051 -0.052 -0.065 0.072 0.485 0.147 0.514 0.521 -0.195 0.022 0.032 -0.582 -0.13 0.928 0.518 -0.315 -0.651 -0.211 -0.036 0.27 0.03 0.737 0.929 0.72 0.338 -0.0485 -0.104 -0.097 0.014 0.459 0.638 1.739 1.026 0.65 0.648 0.312 0.442 0.435 0.353 0.06 0 -0.113 -0.174 -0.039 -0.185 0.06 0.208 0.067 -0.024 -0.14 -0.071 -0.076 -0.02 -0.06 -9999 -9999
-9999 -9999 -9999 -9999 -9999 -9999 -9999 -9999 -9999 -9999 -9999 -9999 -9999 -9999 -9999 -9999 -9999 -9999 0 0 0 -0.001 -0.0235 -0.03 -0.077 0.042 0.208 0.316 0.244 0.188 -9999 -9999 -0.088 -0.69 0.261 -0.4655 -0.41 -0.458 -0.589 -0.019 -0.092 0.045 0.22 0.051 0.487 0.277 0.313 0 -0.0565 -0.083 -0.079 0.25 0.163 0.645 0.648 0.381 0.303 0.42 0.202 0.241 -9999 0.09 -0.071 -0.201 -0.074 -0.072 -0.15 -0.042 -0.032 -0.046 -0.177 -0.171 -0.092 -0.097 -9999 -9999 -9999 -9999
-9999 -9999 -9999 -9999 -9999 -9999 -9999 -9999 -9999 -9999 -9999 -9999 -9999 -9999 -9999 -9999 -9999 -9999 0 0 0 -0.001 -0.0085 -0.031 -0.044 0.023 0.159 0.338 0.339 -9999 -9999 -0.086 0.07 -0.333 -0.623 -0.4105 -0.479 -0.228 0.013 -0.01 -0.314 -0.172 0.333 0.225 0.227 0.478 0.225 -0.033 -0.052 -0.105 -0.103 0.246 0.222 0.414 0.308 0.239 -9999 0 -9999 -9999 -9999 -0.031 -0.194 -0.052 -0.07 -0.071 -0.15 -0.17 -0.147 -0.134 -0.11 -0.128 -0.11 -0.092 -9999 -9999 -9999 -9999
-9999 -9999 -9999 -9999 -9999 -9999 -9999 -9999 -9999 -9999 -9999 -9999 -9999 -9999 -9999 -9999 -9999 0 0 0 0 0 0 -0.025 -0.013 -0.042 0.044 0.204 -9999 -9999 -9999 -0.072 0.134 -0.272 -0.016 -0.272 -0.294 -0.233 -0.254 -0.342 -0.42 -0.188 0.207 -9999 0.341 0.336 0.245 -0.056 -0.1 -0.065 -0.092 0.2 0.642 0.53 0.002 -9999 -9999 -9999 -9999 -9999 -9999 -0.084 -0.22 0 -0.018 -9999 -9999 -9999 -9999 -9999 -9999 -9999 -9999 -9999 -9999 -9999 -9999 -9999
-9999 -9999 -9999 -9999 -9999 -9999 -9999 -9999 -9999 -9999 -9999 -9999 -9999 -9999 -9999 -9999 0 0 0 0 0 0 -0.001 -0.023 -0.006 -0.001 -9999 -9999 -9999 -9999 -9999 -0.06 0.168 -0.03 -0.22 -0.292 -0.4335 -0.193 -0.44 -0.397 -0.358 -0.192 -9999 -9999 -9999 0.16 -0.058 -0.31 -0.147 -0.054 -0.089 0.13 0.322 -9999 -9999 -9999 -9999 -9999 -9999 -9999 -0.08 -0.065 -0.068 -0.07 -0.09 -9999 -9999 -9999 -9999 -9999 -9999 -9999 -9999 -9999 -9999 -9999 -9999 -9999
-9999 -9999 -9999 -9999 -9999 -9999 -9999 -9999 -9999 -9999 -9999 -9999 -9999 -9999 -9999 -9999 -9999 -9999 0 0 0 0 -9999 -0.02 -0.0285 -0.002 -9999 -9999 -9999 -9999 -9999 -0.07 -0.028 -0.167 -0.178 -0.147 -0.2895 -0.39 -0.401 -0.011 -9999 -9999 -9999 -9999 -9999 -0.055 -0.146 -0.21 -0.006 -0.071 0.167 -0.018 0 -9999 -9999 -9999 -9999 -9999 -9999 -9999 -9999 -9999 0 -0.074 -9999 -9999 -9999 -9999 -9999 -9999 -9999 -9999 -9999 -9999 -9999 -9999 -9999 -9999
