data/derived/r_tau_scmd.asc
NCOLS 186 
NROWS 74 
XLLCORNER 443300.206538099 
YLLCORNER 4085841.77455235 
CELLSIZE 500 
NODATA_value -9999 
[rows 32 to 63 of 74, columns 73 to 145 of 186]
-0.231 -0.231 -0.374 -0.451 -0.473 -0.33 -0.396 -0.22 -0.242 -0.297 -0.231 -0.22 -0.363 -0.264 -0.242 -0.56 -0.582 -0.396 -0.286 -0.264 -0.132 -0.231 -0.22 -0.538 -0.33 -0.4945 -0.407 -0.286 -0.033 -0.242 -0.165 -0.297 -0.033 -0.165 -0.132 -0.143 -0.407 -0.462 -0.044 -0.11 -0.099 -0.077 -0.011 -0.132 -0.22 -0.055 -0.165 -0.253 -0.275 -0.176 -0.253 -0.209 -0.253 -0.231 -0.22 -0.264 -0.253 -0.352 -0.363 -0.374 -0.473 -0.527 -0.22 -0.242 -0.0935 -0.231 -0.066 -0.121 -0.319 -0.44 -0.11 -0.308 -0.077
-0.198 -0.286 -0.33 -0.374 -0.473 -0.407 -0.418 -0.418 -0.418 -0.407 -0.231 -0.253 -0.4345 -0.462 -0.516 -0.516 -0.516 -0.418 -0.473 -0.44 -0.418 -0.418 -0.33 -0.473 -0.363 -0.44 -0.385 -0.231 -0.165 -0.198 -0.231 -0.33 -0.418 -0.187 -0.418 -0.231 -0.297 -0.165 0.0275 -0.011 -0.143 -0.143 -0.198 -0.088 -0.209 -0.055 -0.154 -0.11 -0.143 -0.165 -0.165 -0.1485 -0.011 -0.297 -0.242 -0.352 -0.374 -0.505 -0.275 -0.253 -0.011 -0.275 -0.363 -0.264 -0.2365 -0.253 -0.22 -0.286 -0.33 -0.352 -0.165 -0.176 -0.22
-0.2365 -0.319 -0.385 -0.396 -0.099 -0.286 -0.297 -0.363 -0.319 -0.275 -0.297 -0.308 -0.473 -0.544 -0.549 -0.505 -0.44 -0.352 -0.374 -0.418 -0.418 -0.418 -0.473 -0.319 -0.231 -0.231 -0.3465 -0.198 -0.154 -0.187 -0.418 -0.44 -0.385 -0.429 -0.253 -0.143 -0.451 -0.187 -0.165 -0.1925 -0.143 -0.132 -0.132 -0.253 -0.275 -0.176 -0.143 -0.022 -0.165 -0.165 -0.165 -0.088 -0.0385 -0.165 -0.121 -0.198 -0.275 -0.275 -0.099 -0.11 -0.066 -0.066 -0.121 -0.099 -0.231 -0.3355 -0.154 -0.297 -0.297 -0.385 -0.231 -0.264 -0.209
-0.2035 -0.165 -0.341 -0.407 -0.385 -0.319 -0.352 -0.363 -0.385 -0.407 -0.407 -0.407 -0.505 -0.56 -0.615 -0.505 -0.516 -0.473 -0.418 -0.451 -0.341 -0.418 -0.418 -0.308 -0.286 -0.187 -0.275 -0.264 -0.275 -0.154 -0.286 -0.407 -0.352 -0.319 -0.407 -0.341 -0.385 -0.154 -0.165 -0.132 -0.187 -0.132 -0.132 -0.22 -0.275 -0.187 -0.242 -0.055 -0.297 -0.308 -0.176 -0.176 -0.044 -0.132 -0.198 -0.165 -0.077 -0.099 -0.066 0.022 0.055 0.022 -0.033 -0.033 -0.176 -0.1925 -0.253 -0.187 -0.099 -0.209 -0.484 -0.473 -0.527
-0.2585 -0.227333333333333 -0.055 -0.286 -0.242 -0.319 -0.319 -0.286 -0.275 -0.308 -0.341 -0.418 -0.363 -0.352 -0.396 -0.462 -0.385 -0.396 -0.462 -0.352 -0.33 -0.33 -0.363 -0.253 -0.165 -0.275 -0.22 -0.297 -0.297 -0.319 -0.264 -0.22 -0.242 -0.209 -0.495 -0.407 -0.242 -0.066 -0.132 -0.198 -0.143 -0.066 -0.055 -0.165 -0.11 -0.055 -0.099 -0.198 -0.154 -0.308 -0.209 -0.231 -0.242 -0.198 -0.22 -0.231 -0.176 -0.154 -0.154 -0.022 -0.121 -0.154 -0.198 -0.033 -0.154 -0.099 -0.121 -0.066 -0.11 -0.253 -0.549 -0.484 -0.429
-0.297 -0.150333333333333 -0.088 -0.132 -0.1155 -0.22 -0.2915 -0.3355 -0.308 -0.3355 -0.396 -0.418 -0.341 -0.385 -0.3655 -0.511 -0.4015 -0.3245 -0.374 -0.319 -0.3135 -0.363 -0.11 -0.2365 -0.1705 -0.308 -0.198 -0.286 -0.3355 -0.4285 -0.4615 -0.33 -0.385 -0.264 -0.2475 -0.2035 -0.2145 -0.011 -0.088 -0.1155 -0.09625 -0.11 -0.308 -0.363 -0.2475 -0.044 -0.0935 -0.176 -0.231 -0.2035 -0.231 -0.2145 -0.1815 -0.17325 -0.1375 -0.2035 -0.187 -0.1815 -0.22 -0.165 -0.1375 -0.0935 -0.187 -0.154 -0.066 -0.055 -0.05775 -0.0495 -0.1155 -0.0825 -0.066 -0.0715 -0.0605
-0.33 -0.297 -0.2145 -0.143 -0.099 -0.165 -0.286 -0.374 -0.308 -0.451 -0.44 -0.462 -0.516 -0.505 -0.418 -0.2915 -0.308 -0.33 -0.473 -0.231 -0.165 -0.077 -0.099 -0.077 -0.099 -0.286 -0.385 -0.264 -0.412 -0.648 -0.516 -0.549 -0.385 -0.198 -0.121 -0.143 -0.154 -0.242 -0.275 -0.253 -0.187 -0.2695 -0.374 -0.176 -0.176 -0.297 -0.143 -0.286 -0.154 -0.099 -0.055 -0.011 -0.176 -0.121 -0.132 -0.198 -0.198 -0.176 -0.176 -0.121 -0.143 -0.121 -0.088 -0.022 -0.088 -0.022 -0.165 -0.2585 -0.11 -0.154 -0.176 -0.044 -0.099
-0.286 -0.22 -0.1155 -0.088 -0.242 -0.319 -0.44 -0.418 -0.297 -0.308 -0.242 -0.352 -0.385 -0.462 -0.462 -0.3135 -0.33 -0.275 -0.396 -0.242 -0.22 -0.176 -0.121 0.088 0.033 0.044 -0.022 -0.099 -0.132 -0.33 -0.363 -0.275 -0.418 -0.187 -0.055 -0.143 -0.176 -0.275 -9999 -0.319 -0.286 -0.308 -0.352 -0.198 -0.187 -0.209 -0.231 -0.165 -0.22 -0.385 0.044 0.11 0.231 -0.176 -0.11 -0.187 -0.187 -0.187 -0.231 -0.11 -0.154 -0.099 -0.11 -0.022 -0.077 -0.209 -0.165 -0.1595 -0.088 -0.088 -0.132 0.066 -0.077
-0.198 -0.253 -0.418 -0.33 -0.264 -0.286 -0.33 -0.319 -0.297 -0.242 -0.231 -0.341 -0.352 -0.341 -0.462 -0.341 -0.264 -0.33 -0.187 -0.143 -0.176 0 -0.143 0.187 -0.033 -0.066 0.044 -0.022 -0.143 -0.011 -0.044 -0.176 -0.154 -0.033 -0.044 -0.165 -0.143 -0.176 -9999 -0.297 -0.341 -0.319 -0.4565 -0.319 -0.407 -0.308 -0.286 -0.132 -0.11 -0.264 0 -0.077 0.121 -0.231 -0.187 -0.198 -0.198 -0.22 -0.209 -0.22 -0.154 -0.264 -0.275 -0.495 -0.264 -0.407 -0.176 -0.198 -0.154 -0.121 0.022 0.022 -0.297
-0.187 -0.297 -0.297 -0.2805 -0.176 -0.396 -0.374 -0.286 -0.363 -0.231 -0.33 -0.231 -0.341 -0.451 -0.297 -0.33 -0.1595 -0.231 -0.165 -0.099 0.033 -0.11 -0.033 0.165 0.022 0 -0.154 0.143 0.044 -0.0055 -0.033 0.033 0.033 -0.088 -0.242 -0.088 -0.165 -0.209 -9999 -0.374 -0.297 -0.319 -0.4505 -0.505 -0.451 -0.473 -0.44 -0.308 -0.341 -0.264 -0.044 0.132 -0.132 -0.176 -0.297 -0.374 -0.176 -0.286 -0.231 -0.341 -0.154 -0.143 -0.341 -0.407 -0.396 -0.396 -0.088 -0.033 -0.165 -0.154 -0.165 0.165 0.022
-0.352 -0.495 -0.209 -0.231 -0.1705 -0.286 -0.231 -0.198 -0.242 -0.231 -0.242 -0.099 -0.253 -0.319 -0.44 -0.418 -0.3355 -0.253 -0.418 -0.429 -0.198 -0.044 0.132 -0.011 -0.22 -0.044 -0.044 -0.033 -0.132 -0.0935 0.033 -0.198 -0.154 -0.154 -0.132 -0.275 -0.231 -0.132 -9999 -9999 -0.484 -9999 -0.4125 -0.264 -0.286 -0.22 -0.253 -0.297 -0.198 -0.132 -0.066 -0.132 -0.011 -0.22 -0.363 -0.418 -0.319 -0.352 -0.352 -0.33 -0.154 -0.286 -0.308 -0.275 -0.451 -0.231 0 0.055 -0.033 -0.209 -0.088 0.154 0.044
-0.374 -0.209 -0.022 -0.275 -0.209 -0.209 -0.253 -0.187 -0.077 -0.099 -0.253 -0.275 -0.44 -0.33 -0.451 -0.319 -0.341 -0.286 -0.462 -0.374 -0.154 -0.055 -0.22 -0.132 -0.22 -0.341 -0.341 -0.418 -0.352 -0.176 -0.1925 -0.22 0.055 -0.022 -0.352 -0.154 -0.319 -0.242 -9999 -9999 -9999 -9999 -0.385 -0.2255 -0.297 -0.308 -0.165 -0.198 -0.198 0 0.044 -0.22 -0.165 -0.462 -0.341 -0.286 -0.341 -0.165 -0.473 -0.176 -0.176 -0.242 -0.099 -0.11 -0.198 -0.187 -0.154 -0.033 -0.022 -0.11 -0.242 -0.11 -0.132
-0.363 -0.077 -0.011 -0.231 -0.275 -0.308 -0.418 -0.242 -0.242 -0.176 -0.264 -0.275 -0.242 -0.505 -0.473 -0.495 -0.451 -0.2365 -0.396 -0.253 -0.286 -0.319 -0.231 -0.22 -0.231 -0.297 -0.187 -0.11 -0.209 -0.385 -0.275 -0.198 -0.198 -0.231 -0.198 -0.22 -0.198 -0.242 -9999 -9999 -9999 -0.187 -0.099 -0.198 -0.396 -0.198 -0.176 -0.253 0 -0.198 -0.022 0 0.154 -0.231 -0.319 -0.066 -0.3795 -0.374 -0.187 -0.187 0.154 0.242 0.308 0.033 -0.154 -0.011 -0.11 -0.033 0.088 -0.1375 -0.286 -0.066 -0.385
-0.209 -0.286 -0.319 -0.396 -0.319 -0.363 -0.275 -0.418 -0.253 -0.11 -0.385 -0.341 -0.242 -0.308 -0.473 -0.451 -0.275 -0.308 -0.3465 -0.363 -0.363 -0.264 -0.209 -0.264 -0.275 -0.242 -0.143 0 -0.22 -0.264 -0.396 0.1485 -0.176 -0.033 -0.297 -0.132 -0.132 0.011 0.044 -9999 -9999 -9999 -0.11 -0.044 -0.1815 -0.319 -0.231 -0.154 -0.044 0.033 0.099 -0.088 -0.011 -0.451 -0.319 0 -0.198 -0.011 0.231 -0.077 0.143 0 0.011 0.044 0.077 -0.176 -0.22 -0.286 -0.44 -0.308 -0.374 -0.451 -0.319
-0.165 -0.253 -0.33 -0.198 -0.396 -0.385 -0.253 -0.286 -0.319 -0.066 -0.132 -0.319 -0.363 -0.462 -0.385 -0.308 -0.242 -0.407 -0.3795 -0.319 -0.33 -0.484 -0.396 -0.308 -0.275 -0.231 -0.297 -0.209 -0.187 -0.066 -0.418 -0.2695 -0.198 -0.253 -0.055 -0.099 -0.077 0.011 -0.099 -9999 -9999 -9999 0.132 -0.231 -0.1265 -0.176 -0.099 0.099 -0.044 0.143 0.121 -0.088 -0.176 0 -0.242 -0.099 -0.022 0.1045 0.286 0.253 0.143 0.033 0.088 0.022 -0.264 -0.286 -0.319 -0.275 -0.165 -0.275 -0.3245 -0.22 -0.264
-0.473 -0.352 -0.286 -0.385 -0.407 -0.396 -0.462 0.033 -0.055 -0.319 -0.341 -0.352 -0.187 -0.286 -0.22 -0.374 -0.44 -0.22 -0.297 -0.286 -0.286 -0.429 -0.209 -0.407 -0.385 -0.286 -0.297 -0.055 -0.253 -0.176 -0.209 -0.154 -0.1485 -0.231 0.165 0.011 0.121 -0.044 -0.022 -9999 -9999 0.143 0.154 -0.121 -0.11 -0.176 -0.077 0.066 0.055 0.143 0.209 0.121 0.011 -0.044 -0.044 -0.132 -0.165 0.0385 0.066 0.055 0.099 -0.165 -0.143 -0.077 -0.099 -0.22 -0.154 -0.198 -0.187 -0.165 -0.11 -0.077 -0.022
-0.407 -0.363 -0.451 -0.253 -0.341 -0.187 -0.231 -0.198 -0.198 -0.253 -0.176 -0.286 -0.077 -0.264 -0.231 -0.264 -0.495 -0.275 -0.363 -0.396 -0.319 -0.231 -0.066 -0.011 -0.121 0.055 -0.22 -0.286 -0.275 -0.176 -0.143 -0.22 -0.1485 -0.187 0.143 0.121 0 0.099 -0.055 -9999 -9999 -9999 0.022 -0.055 -0.022 -0.0605 -0.044 0.165 0.143 0.176 0.154 0.187 -0.11 -0.11 -0.264 -0.088 -0.11 0.077 0.0165 0.033 0.121 0.176 0.11 -0.165 -0.319 0.099 0.044 -0.209 0.011 0.011 -0.099 -0.0275 -0.154
-0.3465 -0.264 -0.209 -0.396 -0.3905 -0.2695 -0.260333333333333 -0.315333333333333 -0.165 -0.121 -0.176 -0.165 -0.22 -0.2365 -0.3025 -0.3025 -0.462 -0.209 -0.2255 -0.227333333333333 -0.286 -0.352 -0.2145 -0.1265 -0.209 -0.077 0.077 0.0385 -0.0605 0.0385 -0.2365 -0.33 -0.176 -0.165 0.1155 0.1815 0.033 0.176 0.044 0.187 -9999 -9999 0.0825 0.044 -0.011 -0.0806666666666667 0.0403333333333333 0.11 0.165 0.209 0.242 0.0935 0.0935 0.011 -0.0055 0.0385 -0.044 0.011 0.0403333333333333 0.139333333333333 0.022 0.0935 0.033 -0.0055 -0.209 -0.0495 -0.0495 -0.055 -0.176 -0.0495 0.0165 -0.066 -0.106333333333333
-0.319 -0.319 -0.429 -0.319 -0.418 -0.341 -0.308 -0.363 -0.275 -0.187 -0.176 -0.088 -0.22 -0.11 -0.198 0.022 -0.099 -0.242 -0.165 -0.132 -0.2255 -0.198 -0.011 -0.011 -0.088 -0.176 -0.044 0.077 -0.275 -0.044 0.022 -0.165 -0.099 0.0165 0.022 -0.033 0.088 -0.143 -0.066 0.077 -9999 -9999 -9999 -0.198 0.088 0.198 0.143 0.121 -9999 -9999 -9999 -0.011 -0.176 -0.088 -0.088 -0.132 -0.253 -0.275 -0.011 0.1375 0.011 0.099 0.033 -0.055 -0.077 -0.055 -0.033 -0.033 -0.176 -0.176 -0.055 0.011 -0.077
-0.121 -0.088 -0.011 -0.341 -0.341 -0.319 -0.319 -0.396 -0.3905 -0.088 -0.11 0.011 -0.121 0.044 -0.11 -0.11 -0.165 -0.209 -0.132 -0.242 0.066 0.099 0.088 -0.088 0.132 0.165 0.176 0.242 -0.165 0 -0.242 -0.308 -0.176 -0.143 -0.1155 -0.143 0.121 0.154 0.165 -9999 -9999 -9999 -9999 -9999 0.121 -0.088 -9999 -9999 -9999 -9999 -9999 -9999 -0.088 -0.088 -0.198 -0.198 -0.231 -0.143 -0.077 -0.066 0.033 0.088 0.099 -0.033 0.033 0.055 0.022 -0.077 -0.011 -0.011 -0.099 0.033 -0.165
-0.264 -0.187 -0.44 -0.418 -0.396 -0.418 -0.341 -0.231 -0.429 -0.253 -0.22 -0.209 -0.275 0.242 -0.187 0.033 -0.033 -0.209 -0.209 0 0.088 0.066 0.033 0.055 0.033 0.011 0.055 0.055 -0.022 -0.011 -0.198 -0.242 -0.121 -0.209 -0.176 0.055 -9999 -9999 -9999 -9999 -9999 -9999 -9999 -9999 -9999 -9999 -9999 -9999 -9999 -9999 -9999 -9999 -9999 0.099 0.099 -0.11 -0.044 -0.132 0.044 -0.121 -0.099 -0.055 0.165 -0.11 0.143 0.055 0.077 0.198 0.198 -0.055 -0.077 -0.165 -0.022
-0.209 -0.396 -0.308 -0.418 -0.341 -0.319 -0.11 -0.352 -0.4125 -0.253 -0.22 -0.209 -0.571 -0.198 -0.165 -0.176 0.022 -0.209 0.033 0.033 -0.033 0.088 0.033 -0.077 -0.055 -0.033 -0.154 -0.11 0.165 0.066 -0.022 -0.099 -0.044 -0.253 -0.066 0.176 -9999 -9999 -9999 -9999 -9999 -9999 -9999 -9999 -9999 -9999 -9999 -9999 -9999 -9999 -9999 -9999 0 0.044 -0.022 -0.198 0.011 -0.055 -0.055 0.011 0.044 -0.132 -0.077 -0.022 -0.022 0.077 0 0 0.055 0.11 0 0 0
-0.703 -0.527 -0.407 -0.286 -0.099 -0.198 -0.088 -0.209 -0.462 -0.363 -0.242 -0.231 -0.088 -0.088 -0.099 0.088 0.088 0.187 0.143 -0.066 -0.033 0.022 0.022 0.066 -0.011 0.077 0.088 0.121 0.121 0.121 0.121 -0.011 -9999 -9999 -9999 -9999 -9999 -9999 -9999 -9999 -9999 -9999 -9999 -9999 -9999 -9999 -9999 -9999 -9999 -9999 -9999 -9999 -9999 -0.077 0.121 0.011 0.132 0.088 0.077 0 0 -0.033 0.154 0.033 0.088 0.088 0.088 0.011 0.077 0.187 0 0 0
-0.571 -0.385 -0.352 -0.121 0 0.011 0.066 -0.22 -0.352 -0.1155 -0.044 -0.297 -0.286 -0.088 -0.209 0.099 0.154 0.143 0.088 -0.033 0.011 -0.099 -0.0055 0.066 0.011 -9999 -9999 0 0.198 -9999 0.022 -0.099 -9999 -9999 -9999 -9999 -9999 -9999 -9999 -9999 -9999 -9999 -9999 -9999 -9999 -9999 -9999 -9999 -9999 -9999 -9999 -9999 -9999 -9999 -0.088 -0.088 0.044 0.099 0.099 -0.121 -0.121 -0.055 0.099 0.11 0.088 0 0 -0.121 0.066 -0.066 -0.154 -0.033 -0.044
-0.308 -0.165 -0.33 -0.132 -0.209 0.088 0.088 -0.066 -0.286 -0.396 -0.0715 -0.143 0 0.088 -0.132 -0.121 0.011 -0.011 -0.022 -0.187 -0.099 0.022 -9999 0.044 -9999 -9999 -9999 0.022 -9999 -9999 -9999 -9999 -9999 -9999 -9999 -9999 -9999 -9999 -9999 -9999 -9999 -9999 -9999 -9999 -9999 -9999 -9999 -9999 -9999 -9999 -9999 -9999 -9999 -9999 -9999 -9999 -9999 -9999 -9999 -9999 -9999 -9999 0.0055 0.011 0.011 -0.121 -0.154 -0.077 -0.066 -0.066 -0.154 -0.044 -0.044
-0.088 -0.231 -0.527 -0.264 -0.22 0.187 -0.33 -0.231 -0.066 0.022 -0.033 0 0 -0.121 -0.165 -0.143 -0.022 -0.22 -0.099 -0.209 -9999 -9999 -9999 -9999 -9999 -9999 -9999 -9999 -9999 -9999 -9999 -9999 -9999 -9999 -9999 -9999 -9999 -9999 -9999 -9999 -9999 -9999 -9999 -9999 -9999 -9999 -9999 -9999 -9999 -9999 -9999 -9999 -9999 -9999 -9999 -9999 -9999 -9999 -9999 -9999 -9999 -9999 -0.121 -0.121 -0.154 -0.154 -0.154 -0.077 -0.066 -0.154 -0.154 -0.154 -0.154
-0.33 -0.418 -0.429 -0.066 -0.297 -0.121 -0.165 -0.33 -0.231 -0.033 -0.1705 -0.352 -9999 -9999 0.099 -0.099 -0.099 -0.077 0.011 -0.055 -9999 -9999 -9999 -9999 -9999 -9999 -9999 -9999 -9999 -9999 -9999 -9999 -9999 -9999 -9999 -9999 -9999 -9999 -9999 -9999 -9999 -9999 -9999 -9999 -9999 -9999 -9999 -9999 -9999 -9999 -9999 -9999 -9999 -9999 -9999 -9999 -9999 -9999 -9999 -9999 -9999 -9999 -9999 -9999 -9999 -0.165 -0.154 -9999 -9999 -0.055 -0.055 -9999 -9999
-0.286 -0.286 -0.187 -0.187 -0.33 -0.121 -0.187 -0.286 -0.11 -0.11 -0.055 -0.209 -9999 -9999 -9999 0 -0.011 -0.011 -0.022 -9999 -9999 -9999 -9999 -9999 -9999 -9999 -9999 -9999 -9999 -9999 -9999 -9999 -9999 -9999 -9999 -9999 -9999 -9999 -9999 -9999 -9999 -9999 -9999 -9999 -9999 -9999 -9999 -9999 -9999 -9999 -9999 -9999 -9999 -9999 -9999 -9999 -9999 -9999 -9999 -9999 -9999 -9999 -9999 -9999 -9999 -9999 -9999 -9999 -9999 -9999 -9999 -9999 -9999
-0.407 -0.154 -0.154 -0.154 -0.176 0.055 -0.033 -0.121 -0.165 0.055 0.099 -0.0165 -9999 -9999 -9999 -9999 -0.011 -9999 -9999 -9999 -9999 -9999 -9999 -9999 -9999 -9999 -9999 -9999 -9999 -9999 -9999 -9999 -9999 -9999 -9999 -9999 -9999 -9999 -9999 -9999 -9999 -9999 -9999 -9999 -9999 -9999 -9999 -9999 -9999 -9999 -9999 -9999 -9999 -9999 -9999 -9999 -9999 -9999 -9999 -9999 -9999 -9999 -9999 -9999 -9999 -9999 -9999 -9999 -9999 -9999 -9999 -9999 -9999
-0.352 -0.2475 -0.176 -0.0385 -0.011 0 0.088 -0.055 -0.0715 0.1265 0.143 -0.022 0.0495 -9999 -9999 -9999 -9999 -9999 -9999 -9999 -9999 -9999 -9999 -9999 -9999 -9999 -9999 -9999 -9999 -9999 -9999 -9999 -9999 -9999 -9999 -9999 -9999 -9999 -9999 -9999 -9999 -9999 -9999 -9999 -9999 -9999 -9999 -9999 -9999 -9999 -9999 -9999 -9999 -9999 -9999 -9999 -9999 -9999 -9999 -9999 -9999 -9999 -9999 -9999 -9999 -9999 -9999 -9999 -9999 -9999 -9999 -9999 -9999
-0.2475 -0.242 -0.165 -0.187 0.011 0.011 -9999 -9999 -0.209 0.242 0.187 -9999 -9999 -9999 -9999 -9999 -9999 -9999 -9999 -9999 -9999 -9999 -9999 -9999 -9999 -9999 -9999 -9999 -9999 -9999 -9999 -9999 -9999 -9999 -9999 -9999 -9999 -9999 -9999 -9999 -9999 -9999 -9999 -9999 -9999 -9999 -9999 -9999 -9999 -9999 -9999 -9999 -9999 -9999 -9999 -9999 -9999 -9999 -9999 -9999 -9999 -9999 -9999 -9999 -9999 -9999 -9999 -9999 -9999 -9999 -9999 -9999 -9999
-0.264 -0.22 0.011 -0.088 -9999 -9999 -9999 -9999 -9999 -9999 -9999 -9999 -9999 -9999 -9999 -9999 -9999 -9999 -9999 -9999 -9999 -9999 -9999 -9999 -9999 -9999 -9999 -9999 -9999 -9999 -9999 -9999 -9999 -9999 -9999 -9999 -9999 -9999 -9999 -9999 -9999 -9999 -9999 -9999 -9999 -9999 -9999 -9999 -9999 -9999 -9999 -9999 -9999 -9999 -9999 -9999 -9999 -9999 -9999 -9999 -9999 -9999 -9999 -9999 -9999 -9999 -9999 -9999 -9999 -9999 -9999 -9999 -9999
