data/derived/r_tau_presu.asc
NCOLS 186 
NROWS 74 
XLLCORNER 443300.206538099 
YLLCORNER 4085841.77455235 
CELLSIZE 500 
NODATA_value -9999 
[rows 34 to 67 of 74, columns 77 to 153 of 186]
0.209 0.187 0.187 0.187 0.187 0.187 0.187 0.187 0.165 0.143 0.165 0.231 0.231 0.253 0.231 0.187 0.209 0.187 0.187 0.165 0.187 0.187 0.187 0.187 0.187 0.143 0.143 0.165 0.165 0.165 0.143 0.165 0.143 0.121 0.121 0.132 0.143 0.121 0.121 0.121 0.099 0.099 0.099 0.143 0.121 0.121 0.121 0.121 0.121 0.121 0.121 0.121 0.121 0.121 0.121 0.121 0.143 0.165 0.187 0.165 0.099 0.066 0.055 0.055 0.055 0.011 0.033 0.033 0.022 0.055 0.055 0.077 0.099 0.143 0.176 0.209 0.209
0.209 0.209 0.209 0.209 0.209 0.187 0.165 0.165 0.187 0.154 0.165 0.209 0.209 0.253 0.253 0.187 0.209 0.187 0.187 0.176 0.165 0.165 0.187 0.187 0.187 0.143 0.143 0.165 0.165 0.165 0.143 0.121 0.121 0.099 0.099 0.121 0.121 0.121 0.099 0.099 0.099 0.077 0.121 0.099 0.099 0.121 0.121 0.121 0.121 0.143 0.121 0.121 0.143 0.121 0.121 0.165 0.165 0.165 0.165 0.165 0.165 0.132 0.099 0.077 0.077 0.033 0.055 0.077 0.055 0.121 0.121 0.121 0.143 0.143 0.209 0.209 0.187
0.187 0.187 0.209 0.209 0.165 0.165 0.165 0.165 0.165 0.187 0.165 0.209 0.209 0.231 0.253 0.231 0.231 0.187 0.187 0.187 0.187 0.165 0.165 0.187 0.187 0.143 0.143 0.165 0.143 0.143 0.165 0.143 0.099 0.099 0.099 0.099 0.1155 0.099 0.099 0.099 0.077 0.099 0.121 0.11 0.099 0.143 0.143 0.121 0.143 0.143 0.143 0.143 0.121 0.121 0.121 0.121 0.121 0.143 0.143 0.143 0.187 0.165 0.187 0.165 0.143 0.088 0.077 0.099 0.143 0.165 0.209 0.187 0.231 0.231 0.22 0.198 0.165
0.187 0.187 0.187 0.198 0.187 0.176 0.176 0.187 0.165 0.176 0.17325 0.165 0.198 0.209 0.198 0.22 0.253 0.209 0.187 0.176 0.165 0.187 0.176 0.187 0.187 0.198 0.209 0.154 0.154 0.154 0.143 0.11 0.099 0.099 0.099 0.099 0.1045 0.077 0.099 0.11 0.088 0.099 0.099 0.11 0.077 0.099 0.055 0.099 0.121 0.121 0.11 0.11 0.11 0.132 0.132 0.132 0.132 0.121 0.121 0.132 0.143 0.165 0.187 0.176 0.143 0.143 0.154 0.165 0.22 0.2145 0.22 0.22 0.22 0.22 0.22 0.172333333333333 0.187
0.209 0.187 0.165 0.187 0.187 0.187 0.187 0.187 0.165 0.187 0.187 0.154 0.121 0.121 0.143 0.165 0.165 0.165 0.143 0.187 0.187 0.187 0.165 0.187 0.176 0.165 0.187 0.165 0.165 0.121 0.121 0.099 0.121 0.077 0.077 0.099 0.099 0.077 0.121 0.121 0.099 0.099 0.077 0.077 0.033 0.033 0.011 0.055 0.055 0.077 0.0605 0.033 0.055 0.099 0.099 0.121 0.121 0.121 0.121 0.121 0.121 0.143 0.143 0.187 0.099 0.143 0.187 0.231 0.231 0.231 0.209 0.209 0.165 0.187 0.187 0.165 0.165
0.209 0.187 0.165 0.165 0.209 0.209 0.165 0.187 0.165 0.187 0.187 0.165 0.121 0.121 0.143 0.143 0.143 0.165 0.143 0.143 0.187 0.187 0.209 0.209 0.198 0.165 0.165 0.165 0.143 0.143 0.099 0.099 0.121 0.077 -9999 0.077 0.077 0.099 0.121 0.099 0.099 0.099 0.099 0.055 0.011 0.033 0.011 0.033 0.033 0.033 0.033 -0.011 -0.011 0.033 0.033 0.055 0.055 0.077 0.077 0.121 0.121 0.143 0.143 0.165 0.165 0.121 0.143 0.209 0.187 0.209 0.209 0.187 0.165 0.165 0.165 0.165 0.187
0.209 0.187 0.187 0.165 0.209 0.187 0.209 0.165 0.187 0.165 0.165 0.143 0.165 0.121 0.121 0.165 0.143 0.165 0.165 0.143 0.143 0.187 0.209 0.209 0.209 0.176 0.143 0.143 0.143 0.143 0.099 0.121 0.099 0.077 -9999 0.077 0.077 0.099 0.11 0.099 0.099 0.099 0.077 0.033 0.011 0.033 -0.011 -0.011 -0.011 0.011 0.011 -0.044 -0.077 -0.055 -0.011 0.033 0.033 0.055 0.055 0.077 0.121 0.121 0.143 0.143 0.154 0.209 0.187 0.187 0.187 0.209 0.187 0.143 0.165 0.143 0.165 0.143 0.121
0.209 0.187 0.187 0.165 0.187 0.209 0.187 0.165 0.143 0.165 0.165 0.165 0.154 0.143 0.121 0.165 0.165 0.165 0.165 0.143 0.143 0.187 0.209 0.209 0.231 0.176 0.143 0.143 0.143 0.121 0.121 0.121 0.099 0.077 -9999 0.077 0.077 0.099 0.121 0.099 0.099 0.099 0.055 0.011 0.011 0.011 0.011 -0.033 -0.033 -0.033 -0.011 -0.055 -0.055 -0.077 -0.033 -0.011 -0.011 0.011 0.033 0.055 0.099 0.143 0.165 0.143 0.165 0.209 0.187 0.187 0.187 0.187 0.187 0.187 0.165 0.143 0.143 0.143 0.121
0.198 0.165 0.187 0.187 0.187 0.209 0.187 0.165 0.143 0.187 0.187 0.143 0.154 0.165 0.143 0.143 0.165 0.165 0.143 0.143 0.143 0.187 0.187 0.209 0.209 0.187 0.143 0.143 0.143 0.099 0.099 0.099 0.099 0.077 -9999 -9999 0.099 -9999 0.121 0.099 0.099 0.077 0.033 0.011 0.033 -0.033 -0.033 -0.033 -0.077 -0.055 -0.055 -0.066 -0.055 -0.055 -0.077 -0.055 -0.033 0.011 0.033 0.077 0.033 0.165 0.143 0.143 0.154 0.187 0.187 0.187 0.187 0.209 0.187 0.187 0.143 0.143 0.165 0.165 0.165
0.176 0.187 0.187 0.187 0.187 0.187 0.187 0.187 0.187 0.187 0.187 0.187 0.187 0.165 0.143 0.143 0.165 0.165 0.143 0.143 0.143 0.143 0.165 0.187 0.209 0.187 0.143 0.143 0.165 0.077 0.099 0.099 0.099 0.077 -9999 -9999 -9999 -9999 0.121 0.11 0.099 0.077 0.055 0.011 -0.011 -0.033 -0.033 -0.011 -0.055 -0.077 -0.055 -0.055 -0.055 -0.033 -0.055 -0.033 -0.033 0.033 0.033 0.077 0.055 0.121 0.143 0.121 0.143 0.165 0.165 0.187 0.209 0.209 0.187 0.187 0.187 0.143 0.143 0.143 0.165
0.176 0.187 0.209 0.187 0.187 0.165 0.187 0.209 0.187 0.187 0.187 0.187 0.187 0.187 0.187 0.143 0.165 0.165 0.143 0.143 0.143 0.143 0.143 0.165 0.165 0.187 0.143 0.143 0.165 0.077 0.077 0.077 0.099 0.077 -9999 -9999 -9999 0.077 0.099 0.088 0.077 0.077 0.055 0.011 -0.011 -0.033 -0.033 -0.011 -0.055 -0.055 -0.055 -0.077 -0.055 -0.077 -0.033 -0.011 -0.011 0.033 0.055 0.077 0.121 0.121 0.121 0.121 0.121 0.165 0.187 0.143 0.187 0.187 0.187 0.187 0.143 0.143 0.143 0.143 0.143
0.209 0.187 0.187 0.187 0.187 0.165 0.187 0.209 0.209 0.187 0.187 0.165 0.165 0.187 0.198 0.209 0.187 0.143 0.143 0.143 0.143 0.143 0.143 0.143 0.143 0.209 0.187 0.165 0.121 0.077 0.077 0.077 0.077 0.077 0.077 -9999 -9999 -9999 0.077 0.077 0.077 0.077 0.055 0.011 0.011 -0.033 -0.033 -0.033 -0.055 -0.055 -0.055 -0.055 -0.055 -0.066 -0.033 -0.011 -0.011 0.033 0.055 0.099 0.099 0.121 0.121 0.121 0.121 0.165 0.176 0.143 0.187 0.187 0.187 0.165 0.143 0.143 0.143 0.143 0.165
0.187 0.198 0.187 0.209 0.187 0.187 0.209 0.209 0.165 0.165 0.187 0.165 0.187 0.143 0.198 0.209 0.165 0.143 0.143 0.143 0.143 0.143 0.143 0.143 0.143 0.165 0.077 0.044 0.121 0.099 0.077 0.077 0.077 0.077 0.077 -9999 -9999 -9999 0.077 0.077 0.066 0.055 0.055 -0.011 0.011 0.011 -0.033 -0.033 -0.033 -0.055 -0.055 -0.055 -0.055 -0.066 -0.077 -0.055 0.033 0.055 0.099 0.099 0.121 0.121 0.143 0.143 0.121 0.143 0.154 0.143 0.165 0.187 0.187 0.165 0.143 0.143 0.143 0.165 0.165
0.187 0.209 0.187 0.209 0.187 0.187 0.209 0.187 0.165 0.165 0.165 0.187 0.143 0.143 0.187 0.209 0.165 0.143 0.165 0.143 0.143 0.165 0.143 0.143 0.143 0.143 0.077 0.055 0.077 0.099 0.077 0.077 0.055 0.077 0.055 -9999 -9999 0.055 0.055 0.077 0.066 0.055 0.055 0.055 0.011 0.011 -0.055 -0.033 -0.033 -0.033 -0.055 -0.055 -0.055 -0.033 -0.055 -0.055 0.033 0.077 0.099 0.121 0.121 0.121 0.121 0.143 0.121 0.143 0.143 0.121 0.143 0.187 0.187 0.165 0.143 0.143 0.143 0.165 0.165
0.187 0.187 0.187 0.187 0.187 0.209 0.187 0.165 0.165 0.187 0.187 0.143 0.165 0.143 0.209 0.198 0.187 0.143 0.165 0.143 0.143 0.165 0.165 0.165 0.143 0.143 0.143 0.055 0.088 0.099 0.077 0.055 0.033 0.055 0.055 -9999 -9999 -9999 0.077 0.055 0.077 0.066 0.055 0.077 0.055 0.011 -0.033 -0.011 -0.011 -0.033 -0.033 -0.011 -0.011 -0.011 -0.022 0.055 0.077 0.077 0.121 0.143 0.165 0.143 0.121 0.121 0.121 0.143 0.143 0.132 0.143 0.143 0.165 0.187 0.143 0.143 0.165 0.165 0.165
0.187 0.176 0.187 0.216333333333333 0.198 0.187 0.187 0.176 0.176 0.154 0.154 0.165 0.165 0.154 0.165 0.143 0.121 0.132 0.165 0.165 0.143 0.165 0.165 0.165 0.165 0.132 0.143 0.143 0.113666666666667 0.113666666666667 0.11 0.033 0.044 0.022 0.033 0.055 -9999 -9999 0.088 0.066 0.077 0.077 0.077 0.077 0.077 0.033 0.011 0.055 0.044 0.033 0.033 0.055 0.033 0.044 0.0696666666666667 0.0696666666666667 0.099 0.121 0.143 0.121 0.121 0.143 0.143 0.143 0.099 0.121 0.143 0.121 0.143 0.143 0.176 0.154 0.176 0.154 0.143 0.143 0.143
0.209 0.209 0.187 0.198 0.187 0.209 0.209 0.165 0.143 0.165 0.165 0.165 0.132 0.143 0.143 0.121 0.121 0.143 0.165 0.165 0.165 0.143 0.165 0.165 0.165 0.077 0.077 0.077 0.121 0.121 0.121 0.099 0.077 0.033 0.033 0.077 -9999 -9999 -9999 0.099 0.099 0.099 0.099 0.099 -9999 -9999 -9999 0.077 0.077 0.077 0.099 0.077 0.077 0.099 0.121 0.11 0.099 0.143 0.121 0.121 0.121 0.165 0.143 0.143 0.121 0.121 0.165 0.121 0.154 0.165 0.187 0.165 0.143 0.143 0.143 0.143 0.121
0.187 0.209 0.187 0.165 0.165 0.165 0.165 0.121 0.121 0.165 0.165 0.143 0.121 0.121 0.121 0.121 0.121 0.132 0.143 0.165 0.165 0.143 0.165 0.165 0.143 0.077 0.077 0.077 0.099 0.121 0.121 0.099 0.099 0.077 0.077 -9999 -9999 -9999 -9999 -9999 0.077 0.077 -9999 -9999 -9999 -9999 -9999 -9999 0.077 0.077 0.099 0.121 0.121 0.143 0.143 0.143 0.143 0.165 0.143 0.165 0.165 0.187 0.165 0.143 0.143 0.143 0.165 0.165 0.165 0.187 0.143 0.143 0.143 0.165 0.143 0.143 0.143
0.165 0.165 0.165 0.165 0.143 0.165 0.143 0.121 0.143 0.143 0.143 0.143 0.121 0.121 0.143 0.143 0.143 0.143 0.143 0.165 0.165 0.143 0.143 0.165 0.143 0.077 0.077 0.077 0.077 0.121 0.11 0.099 -9999 -9999 -9999 -9999 -9999 -9999 -9999 -9999 -9999 -9999 -9999 -9999 -9999 -9999 -9999 -9999 -9999 0.121 0.121 0.121 0.143 0.143 0.165 0.165 0.165 0.165 0.165 0.165 0.165 0.187 0.165 0.143 0.143 0.143 0.143 0.143 0.143 0.176 0.165 0.143 0.165 0.187 0.187 0.187 0.165
0.143 0.143 0.143 0.143 0.187 0.187 0.165 0.143 0.143 0.143 0.143 0.143 0.121 0.143 0.143 0.143 0.143 0.143 0.143 0.143 0.165 0.143 0.143 0.165 0.143 0.077 0.077 0.077 0.077 0.121 0.099 0.099 -9999 -9999 -9999 -9999 -9999 -9999 -9999 -9999 -9999 -9999 -9999 -9999 -9999 -9999 -9999 -9999 0.121 0.121 0.121 0.121 0.165 0.165 0.165 0.165 0.165 0.165 0.165 0.165 0.165 0.165 0.165 0.165 0.143 0.121 0.121 0.143 0.121 0.176 0.165 0.165 0.154 0.165 0.165 0.165 0.187
0.165 0.143 0.143 0.187 0.165 0.176 0.165 0.165 0.165 0.143 0.143 0.143 0.143 0.143 0.143 0.143 0.143 0.143 0.143 0.143 0.143 0.165 0.165 0.143 0.143 0.143 0.077 0.077 -9999 -9999 -9999 -9999 -9999 -9999 -9999 -9999 -9999 -9999 -9999 -9999 -9999 -9999 -9999 -9999 -9999 -9999 -9999 -9999 -9999 0.121 0.121 0.121 0.143 0.165 0.165 0.187 0.165 0.154 0.187 0.165 0.165 0.121 0.121 0.143 0.143 0.077 0.077 0.143 0.121 0.165 0.165 0.121 0.121 0.121 0.143 0.143 0.143
0.165 0.143 0.121 0.165 0.143 0.165 0.187 0.165 0.165 0.143 0.143 0.143 0.143 0.143 0.143 0.143 0.165 0.165 0.165 0.143 0.143 -9999 -9999 0.143 0.099 -9999 0.055 0.077 -9999 -9999 -9999 -9999 -9999 -9999 -9999 -9999 -9999 -9999 -9999 -9999 -9999 -9999 -9999 -9999 -9999 -9999 -9999 -9999 -9999 -9999 0.121 0.121 0.121 0.121 0.143 0.165 0.165 0.143 0.187 0.187 0.121 0.099 0.099 0.121 0.099 0.055 0.077 0.143 0.121 0.143 0.165 0.143 0.165 0.099 0.143 0.143 0.143
0.165 0.121 0.121 0.143 0.165 0.165 0.176 0.165 0.165 0.165 0.143 0.165 0.165 0.187 0.165 0.165 0.165 0.165 -9999 0.143 -9999 -9999 -9999 0.121 -9999 -9999 -9999 -9999 -9999 -9999 -9999 -9999 -9999 -9999 -9999 -9999 -9999 -9999 -9999 -9999 -9999 -9999 -9999 -9999 -9999 -9999 -9999 -9999 -9999 -9999 -9999 -9999 -9999 -9999 -9999 -9999 -9999 -9999 0.143 0.143 0.121 0.099 0.099 0.121 0.099 0.055 0.099 0.099 0.099 0.121 0.187 0.143 0.121 0.121 0.099 0.143 0.121
0.143 0.099 0.099 0.077 0.121 0.121 0.165 0.165 0.143 0.165 0.165 0.165 0.187 0.165 0.165 0.165 -9999 -9999 -9999 -9999 -9999 -9999 -9999 -9999 -9999 -9999 -9999 -9999 -9999 -9999 -9999 -9999 -9999 -9999 -9999 -9999 -9999 -9999 -9999 -9999 -9999 -9999 -9999 -9999 -9999 -9999 -9999 -9999 -9999 -9999 -9999 -9999 -9999 -9999 -9999 -9999 -9999 -9999 0.121 0.121 0.121 0.121 0.099 0.099 0.121 0.077 0.099 0.077 0.099 0.099 0.143 0.11 0.121 0.121 0.121 0.099 0.121
0.121 0.121 0.055 0.077 0.055 0.121 0.143 0.165 -9999 -9999 0.165 0.165 0.165 0.165 0.165 0.165 -9999 -9999 -9999 -9999 -9999 -9999 -9999 -9999 -9999 -9999 -9999 -9999 -9999 -9999 -9999 -9999 -9999 -9999 -9999 -9999 -9999 -9999 -9999 -9999 -9999 -9999 -9999 -9999 -9999 -9999 -9999 -9999 -9999 -9999 -9999 -9999 -9999 -9999 -9999 -9999 -9999 -9999 -9999 -9999 -9999 0.121 0.121 -9999 -9999 0.077 0.099 -9999 -9999 0.099 -9999 -9999 -9999 -9999 0.099 0.099 0.099
0.121 0.099 0.099 0.055 0.055 0.121 0.121 0.143 -9999 -9999 -9999 0.165 0.165 0.165 0.165 -9999 -9999 -9999 -9999 -9999 -9999 -9999 -9999 -9999 -9999 -9999 -9999 -9999 -9999 -9999 -9999 -9999 -9999 -9999 -9999 -9999 -9999 -9999 -9999 -9999 -9999 -9999 -9999 -9999 -9999 -9999 -9999 -9999 -9999 -9999 -9999 -9999 -9999 -9999 -9999 -9999 -9999 -9999 -9999 -9999 -9999 -9999 -9999 -9999 -9999 -9999 -9999 -9999 -9999 -9999 -9999 -9999 -9999 -9999 -9999 -9999 -9999
0.121 0.099 0.077 0.055 0.077 0.099 0.121 0.121 -9999 -9999 -9999 -9999 0.165 -9999 -9999 -9999 -9999 -9999 -9999 -9999 -9999 -9999 -9999 -9999 -9999 -9999 -9999 -9999 -9999 -9999 -9999 -9999 -9999 -9999 -9999 -9999 -9999 -9999 -9999 -9999 -9999 -9999 -9999 -9999 -9999 -9999 -9999 -9999 -9999 -9999 -9999 -9999 -9999 -9999 -9999 -9999 -9999 -9999 -9999 -9999 -9999 -9999 -9999 -9999 -9999 -9999 -9999 -9999 -9999 -9999 -9999 -9999 -9999 -9999 -9999 -9999 -9999
0.11 0.088 0.077 0.055 0.055 0.055 0.132 0.1485 0.165 -9999 -9999 -9999 -9999 -9999 -9999 -9999 -9999 -9999 -9999 -9999 -9999 -9999 -9999 -9999 -9999 -9999 -9999 -9999 -9999 -9999 -9999 -9999 -9999 -9999 -9999 -9999 -9999 -9999 -9999 -9999 -9999 -9999 -9999 -9999 -9999 -9999 -9999 -9999 -9999 -9999 -9999 -9999 -9999 -9999 -9999 -9999 -9999 -9999 -9999 -9999 -9999 -9999 -9999 -9999 -9999 -9999 -9999 -9999 -9999 -9999 -9999 -9999 -9999 -9999 -9999 -9999 -9999
0.121 0.055 -9999 -9999 0.033 0.077 0.165 -9999 -9999 -9999 -9999 -9999 -9999 -9999 -9999 -9999 -9999 -9999 -9999 -9999 -9999 -9999 -9999 -9999 -9999 -9999 -9999 -9999 -9999 -9999 -9999 -9999 -9999 -9999 -9999 -9999 -9999 -9999 -9999 -9999 -9999 -9999 -9999 -9999 -9999 -9999 -9999 -9999 -9999 -9999 -9999 -9999 -9999 -9999 -9999 -9999 -9999 -9999 -9999 -9999 -9999 -9999 -9999 -9999 -9999 -9999 -9999 -9999 -9999 -9999 -9999 -9999 -9999 -9999 -9999 -9999 -9999
-9999 -9999 -9999 -9999 -9999 -9999 -9999 -9999 -9999 -9999 -9999 -9999 -9999 -9999 -9999 -9999 -9999 -9999 -9999 -9999 -9999 -9999 -9999 -9999 -9999 -9999 -9999 -9999 -9999 -9999 -9999 -9999 -9999 -9999 -9999 -9999 -9999 -9999 -9999 -9999 -9999 -9999 -9999 -9999 -9999 -9999 -9999 -9999 -9999 -9999 -9999 -9999 -9999 -9999 -9999 -9999 -9999 -9999 -9999 -9999 -9999 -9999 -9999 -9999 -9999 -9999 -9999 -9999 -9999 -9999 -9999 -9999 -9999 -9999 -9999 -9999 -9999
-9999 -9999 -9999 -9999 -9999 -9999 -9999 -9999 -9999 -9999 -9999 -9999 -9999 -9999 -9999 -9999 -9999 -9999 -9999 -9999 -9999 -9999 -9999 -9999 -9999 -9999 -9999 -9999 -9999 -9999 -9999 -9999 -9999 -9999 -9999 -9999 -9999 -9999 -9999 -9999 -9999 -9999 -9999 -9999 -9999 -9999 -9999 -9999 -9999 -9999 -9999 -9999 -9999 -9999 -9999 -9999 -9999 -9999 -9999 -9999 -9999 -9999 -9999 -9999 -9999 -9999 -9999 -9999 -9999 -9999 -9999 -9999 -9999 -9999 -9999 -9999 -9999
-9999 -9999 -9999 -9999 -9999 -9999 -9999 -9999 -9999 -9999 -9999 -9999 -9999 -9999 -9999 -9999 -9999 -9999 -9999 -9999 -9999 -9999 -9999 -9999 -9999 -9999 -9999 -9999 -9999 -9999 -9999 -9999 -9999 -9999 -9999 -9999 -9999 -9999 -9999 -9999 -9999 -9999 -9999 -9999 -9999 -9999 -9999 -9999 -9999 -9999 -9999 -9999 -9999 -9999 -9999 -9999 -9999 -9999 -9999 -9999 -9999 -9999 -9999 -9999 -9999 -9999 -9999 -9999 -9999 -9999 -9999 -9999 -9999 -9999 -9999 -9999 -9999
-9999 -9999 -9999 -9999 -9999 -9999 -9999 -9999 -9999 -9999 -9999 -9999 -9999 -9999 -9999 -9999 -9999 -9999 -9999 -9999 -9999 -9999 -9999 -9999 -9999 -9999 -9999 -9999 -9999 -9999 -9999 -9999 -9999 -9999 -9999 -9999 -9999 -9999 -9999 -9999 -9999 -9999 -9999 -9999 -9999 -9999 -9999 -9999 -9999 -9999 -9999 -9999 -9999 -9999 -9999 -9999 -9999 -9999 -9999 -9999 -9999 -9999 -9999 -9999 -9999 -9999 -9999 -9999 -9999 -9999 -9999 -9999 -9999 -9999 -9999 -9999 -9999
-9999 -9999 -9999 -9999 -9999 -9999 -9999 -9999 -9999 -9999 -9999 -9999 -9999 -9999 -9999 -9999 -9999 -9999 -9999 -9999 -9999 -9999 -9999 -9999 -9999 -9999 -9999 -9999 -9999 -9999 -9999 -9999 -9999 -9999 -9999 -9999 -9999 -9999 -9999 -9999 -9999 -9999 -9999 -9999 -9999 -9999 -9999 -9999 -9999 -9999 -9999 -9999 -9999 -9999 -9999 -9999 -9999 -9999 -9999 -9999 -9999 -9999 -9999 -9999 -9999 -9999 -9999 -9999 -9999 -9999 -9999 -9999 -9999 -9999 -9999 -9999 -9999
