data/derived/r_tau_temp.asc
NCOLS 186 
NROWS 74 
XLLCORNER 443300.206538099 
YLLCORNER 4085841.77455235 
CELLSIZE 500 
NODATA_value -9999 
[rows 34 to 67 of 74, columns 0 to 74 of 186]
-9999 -9999 -9999 -9999 -9999 -9999 -9999 -9999 -9999 -9999 -9999 -9999 -9999 -9999 0.187 0.187 0.198 0.132 0.121 -9999 -9999 0.15125 0.187 0.187 0.1485 0.099 0.11 0.1045 0.11 0.1045 0.1045 0.099 0.099 0.11 0.1045 0.077 0.088 0.077 0.066 -0.011 0 0.022 0.011 0 0.044 0.055 0.044 0.022 0.055 0.055 0.022 0.055 0.055 0.099 0.066 0.121 0.11 0.088 0.11 0.154 0.1265 0.088 0.132 -0.011 -0.011 -0.011 -0.011 -0.044 -0.077 -0.077 -0.077 -0.077 -0.055 -0.0825 -0.121
-9999 -9999 -9999 -9999 -9999 -9999 -9999 -9999 -9999 -9999 -9999 -9999 -9999 -9999 0.242 0.253 0.275 0.264 0.187 -9999 -9999 -9999 0.198 0.198 0.187 0.165 0.132 0.121 0.121 0.11 0.11 0.11 0.099 0.1045 0.0916666666666667 0.088 0.0715 0.055 0.055 0.055 0.0385 0.033 0.0055 0.011 0.0055 0.033 0.033 0.00733333333333333 0.0293333333333333 0.022 0.044 0.044 0.066 0.088 0.099 0.154 0.099 0.088 0.121 0.154 0.132 0.099 -0.011 -0.033 -0.022 -0.044 -0.055 -0.077 -0.077 -0.077 -0.099 -0.121 -0.121 -0.143 -0.143
-9999 -9999 -9999 -9999 -9999 -9999 -9999 -9999 -9999 -9999 -9999 -9999 -9999 -9999 0.264 0.264 0.264 0.264 0.187 0.187 -9999 0.187 0.2035 0.209 0.209 0.154 0.132 0.132 0.11 0.143 0.132 0.11 0.121 0.088 0.077 0.0825 0.055 0.055 0.055 0.055 0.077 0.055 0.044 0.011 0.011 -0.011 0 -0.044 -0.0055 0 0.033 0.022 0.066 0.066 0.088 0.1485 0.11 0.121 0.1155 0.121 0.077 -0.00825 -0.011 -0.0275 -0.077 -0.066 -0.077 -0.077 -0.099 -0.121 -0.121 -0.1375 -0.1375 -0.1595 -0.168666666666667
-9999 -9999 -9999 -9999 -9999 -9999 -9999 -9999 -9999 -9999 -9999 -9999 -9999 -9999 -9999 0.275 0.264 0.275 0.22 0.209 0.187 0.176 0.209 0.209 0.209 0.176 0.143 0.121 0.121 0.132 0.132 0.11 0.099 0.099 0.088 0.088 0.055 0.055 0.055 0.077 0.077 0.055 0.055 0.022 -0.022 -0.044 -0.055 -0.044 -0.055 -0.044 -0.011 0.055 0.055 0.077 0.099 0.088 0.121 0.121 0.132 0.099 0.077 -0.011 -0.0385 -0.066 -0.066 -0.077 -0.077 -0.11 -0.121 -0.132 -0.143 -0.165 -0.209 -0.231 -0.234666666666667
-9999 -9999 -9999 -9999 -9999 -9999 -9999 -9999 -9999 -9999 -9999 -9999 -9999 -9999 -9999 0.275 0.275 0.275 0.297 0.275 0.242 0.187 0.165 0.209 0.209 0.22 0.176 0.154 0.154 0.143 0.121 0.11 0.121 0.099 0.099 0.11 0.0715 0.055 0.077 0.077 0.077 0.055 0.055 0.022 -0.044 -0.055 -0.033 -0.033 -0.033 -0.0385 -0.011 0.044 0.066 0.055 0.077 0.11 0.121 0.121 0.132 0.099 0.011 -0.033 -0.033 -0.022 -0.066 -0.088 -0.088 -0.099 -0.121 -0.121 -0.198 -0.198 -0.231 -0.253 -0.242
-9999 -9999 -9999 -9999 -9999 -9999 -9999 -9999 -9999 -9999 -9999 -9999 -9999 -9999 -9999 0.297 0.308 0.319 0.275 0.209 0.253 0.242 0.22 0.1815 0.176 0.209 0.22 0.198 0.165 0.154 0.143 0.154 0.143 0.099 0.11 0.11 0.077 0.088 0.077 0.077 0.077 0.055 0.055 0.055 -0.022 -0.033 -0.033 -0.044 -0.055 -0.033 0.022 0.033 0.066 0.099 0.088 0.077 0.121 0.143 0.099 0.121 -0.011 -0.022 -0.022 -0.022 -0.055 -0.099 -0.132 -0.121 -0.121 -0.176 -0.198 -0.209 -0.242 -0.253 -0.264
-9999 -9999 0.242 -9999 -9999 -9999 -9999 -9999 -9999 -9999 -9999 -9999 -9999 -9999 -9999 0.319 0.308 0.297 0.264 0.209 0.187 0.187 0.22 0.198 0.1815 0.187 0.231 0.209 0.176 0.176 0.165 0.165 0.143 0.099 0.099 0.099 0.088 0.0935 0.077 0.077 0.077 0.055 0.055 0.055 0 -0.033 -0.033 -0.044 -0.055 -0.033 0.0055 0.044 0.055 0.077 0.088 0.11 0.099 0.099 0.099 0.077 0 -0.011 -0.033 -0.011 -0.055 -0.077 -0.154 -0.165 -0.132 -0.209 -0.198 -0.231 -0.253 -0.253 -0.297
-9999 -9999 -9999 -9999 -9999 0.33 0.308 -9999 -9999 -9999 -9999 -9999 0.308 0.319 0.319 0.319 0.297 0.275 0.275 0.275 0.198 0.165 0.165 0.187 0.165 0.165 0.231 0.231 0.209 0.176 0.165 0.165 0.154 0.11 0.099 0.099 0.121 0.1155 0.066 0.077 0.077 0.066 0.055 0.022 -0.022 -0.044 -0.033 -0.055 -0.055 -0.033 0.0385 0.055 0.055 0.077 0.077 0.099 0.121 0.121 0.121 0.055 0.055 -0.011 -0.033 -0.0275 -0.055 -0.055 -0.143 -0.165 -0.165 -0.209 -0.209 -0.231 -0.253 -0.286 -0.297
-9999 -9999 -9999 0.319 -9999 -9999 -9999 0.319 -9999 -9999 -9999 0.297 0.3135 0.319 0.319 0.319 0.275 0.242 0.253 0.242 0.253 0.165 0.165 0.176 0.187 0.2475 0.33 0.275 0.22 0.176 0.176 0.187 0.187 0.187 0.187 0.121 0.11 0.099 0.088 0.066 0.066 0.066 0.066 0.055 0.044 -0.022 -0.033 0 0.044 0.044 -0.011 0.033 0.077 0.088 0.121 0.077 0.077 0.11 0.055 0.055 0.055 -0.011 -0.022 -0.011 -0.044 -0.066 -0.132 -0.165 -0.165 -0.209 -0.209 -0.253 -0.275 -0.297 -0.297
-9999 0.308 0.308 0.308 0.33 0.286 0.33 0.308 0.308 0.297 0.297 0.308 0.319 0.308 0.308 0.319 0.286 0.253 0.231 0.22 0.154 0.154 0.165 0.165 0.187 0.264 0.286 0.275 0.286 0.187 0.209 0.187 0.176 0.176 0.176 0.11 0.121 0.099 0.099 0.077 0.066 0.055 0.066 0.066 0.055 0.055 0.055 0.022 -0.011 0.011 0.033 0.055 0.088 0.11 0.077 0.088 0.055 0.055 0.033 0.033 0.055 0.011 -0.022 -0.044 -0.0385 -0.077 -0.143 -0.143 -0.176 -0.187 -0.22 -0.253 -0.275 -0.297 -0.297
0.315333333333333 0.3135 0.308 0.341 0.33 0.297 0.297 0.297 0.297 0.286 0.297 0.308 0.3025 0.297 0.308 0.308 0.286 0.253 0.242 0.242 0.231 0.154 0.154 0.154 0.264 0.264 0.264 0.253 0.264 0.209 0.187 0.187 0.187 0.209 0.099 0.121 0.099 0.11 0.099 0.099 0.088 0.066 0.066 0.044 0.044 0.044 0.033 0.022 0.033 0.033 0.055 0.0825 0.11 0.121 0.055 0.055 0.055 0.044 0.033 0.033 0.055 0.055 -0.011 -0.033 -0.0605 -0.121 -0.143 -0.154 -0.187 -0.187 -0.209 -0.242 -0.275 -0.297 -0.297
-9999 0.363 0.3355 0.3245 0.3355 0.319 0.319 0.2915 0.2805 0.2805 0.297 0.3135 0.2915 0.297 0.297 0.275 0.308 0.264 0.264 0.275 0.231 0.187 0.231 0.231 0.242 0.264 0.2585 0.253 0.198 0.209 0.22 0.209 0.231 0.187 0.099 0.121 0.099 0.099 0.099 0.088 0.077 0.066 0.077 0.055 0.044 0.055 0.055 0.055 0.066 0.077 0.077 0.11 0.121 0.088 0.055 0.077 0.077 0.066 0.055 0.044 0.044 0.044 -0.022 -0.033 -0.033 -0.088 -0.143 -0.154 -0.187 -0.187 -0.209 -0.242 -0.275 -0.297 -0.297
-9999 -9999 0.363 0.341 0.341 0.341 0.341 0.308 0.275 0.286 0.297 0.319 0.319 0.308 0.289666666666667 0.308 0.33 0.308 0.3025 0.319 0.297 0.2915 0.297 0.286 0.2805 0.264 0.267666666666667 0.260333333333333 0.253 0.253 0.242 0.209 0.209 0.099 0.121 0.121 0.121 0.132 0.121 0.132 0.132 0.121 0.121 0.099 0.088 0.088 0.077 0.077 0.143 0.143 0.132 0.121 0.1045 0.066 0.077 0.099 0.077 0.077 0.055 0.055 0.055 -0.011 -0.044 -0.022 -0.033 -0.0715 -0.132 -0.143 -0.165 -0.187 -0.209 -0.242 -0.275 -0.297 -0.297
-9999 -9999 -9999 0.363 0.363 0.363 0.341 0.33 0.341 0.33 0.319 0.319 0.319 0.308 0.2915 0.297 0.341 0.319 0.319 0.319 0.319 0.319 0.319 0.319 0.286 0.198 0.176 0.1925 0.231 0.2255 0.22 0.198 0.1485 0.121 0.1155 0.1045 0.0935 0.0935 0.11 0.121 0.10175 0.11 0.099 0.11 0.121 0.143 0.143 0.121 0.099 0.066 0.077 0.077 0.077 0.1045 0.099 0.132 0.088 0.077 0.077 0.066 0.055 0 -0.033 -0.033 -0.033 -0.055 -0.099 -0.165 -0.165 -0.176 -0.198 -0.231 -0.253 -0.286 -0.297
-9999 -9999 -9999 -9999 -9999 0.352 0.363 0.363 0.363 0.341 0.33 0.319 0.341 0.319 0.308 0.319 0.319 0.319 0.319 0.275 0.319 0.319 0.308 0.264 0.264 0.209 0.187 0.1925 0.198 0.187 0.176 0.154 0.132 0.099 0.077 0.077 0.077 0.055 0.055 0.055 0.099 0.044 0.077 0.099 0.099 0.11 0.11 0.11 0.077 0.033 0.044 0.0605 0.0935 0.121 0.1265 0.1155 0.099 0.0935 0.077 0.077 0.0605 0.0055 -0.0275 -0.022 -0.033 -0.0385 -0.09625 -0.143 -0.154 -0.154 -0.187 -0.198 -0.253 -0.264 -0.297
-9999 -9999 -9999 -9999 -9999 -9999 0.33 0.352 0.363 0.363 -9999 0.319 0.341 0.33 0.319 0.3245 0.319 0.319 0.319 0.297 0.297 0.319 0.264 0.22 0.198 0.187 0.176 0.187 0.176 0.187 0.187 0.154 0.077 0.077 0.077 0.055 0.055 0.055 0.055 0.055 0.055 0.044 0.066 0.099 0.121 0.121 0.11 0.099 0.066 0.022 -0.011 0.022 0.066 0.099 0.121 0.121 0.11 0.132 0.077 0.077 0.055 0.022 -0.011 -0.033 -0.022 -0.033 -0.055 -0.106333333333333 -0.1265 -0.165 -0.187 -0.187 -0.2255 -0.2365 -0.253
-9999 -9999 -9999 -9999 -9999 0.374 -9999 -9999 -9999 -9999 -9999 -9999 -9999 0.33 0.319 0.3245 0.308 0.308 0.308 0.297 0.297 0.297 0.264 0.187 0.198 0.187 0.165 0.187 0.176 0.187 0.176 0.165 0.066 0.055 0.055 0.055 0.055 0.055 0.055 0.077 0.077 0.0385 0.066 0.055 0.055 0.077 0.066 0.055 0.011 0 -0.022 -0.033 0.022 0.132 0.121 0.121 0.143 0.143 0.099 0.055 0.055 0.011 0 -0.033 -0.033 -0.033 -0.033 -0.088 -0.088 -0.143 -0.165 -0.187 -0.22 -0.253 -0.253
-9999 -9999 -9999 -9999 -9999 0.363 0.352 -9999 -9999 -9999 -9999 -9999 -9999 -9999 0.33 0.363 0.308 0.319 0.319 0.319 0.297 0.264 0.242 0.187 0.176 0.165 0.176 0.165 0.165 0.0825 0.055 0.055 0.055 0.055 0.055 0.055 0.055 0.055 0.077 0.077 0.055 0.044 0.0275 0.055 0.066 0.044 0.022 0.066 0.033 0 -0.011 0 0.044 0.099 0.121 0.132 0.143 0.099 0.088 0.055 0.022 0.011 0.033 -0.011 -0.011 -0.022 -0.022 -0.033 -0.088 -0.143 -0.143 -0.165 -0.198 -0.176 -0.209
-9999 -9999 -9999 0.374 0.385 0.374 -9999 -9999 -9999 -9999 -9999 -9999 -9999 -9999 0.374 0.33 0.3245 0.319 0.319 0.308 0.297 0.264 0.231 0.209 0.165 0.165 0.165 0.165 0.143 0.099 0.099 0.055 0.055 0.055 0.055 0.044 0.055 0.055 0.077 0.077 0.022 0 0.0495 0.077 0.033 0.044 0.044 0.055 0.033 0.033 0.011 0.011 0.033 0.077 0.132 0.11 0.099 0.099 0.066 0.055 0.011 0.011 0.033 0.022 0.044 0 -0.011 -0.011 -0.077 -0.154 -0.143 -0.165 -0.187 -0.165 -0.176
-9999 -9999 -9999 -9999 0.3795 0.374 -9999 -9999 -9999 -9999 -9999 -9999 -9999 -9999 -9999 -9999 0.319 0.297 0.297 0.286 0.297 0.253 0.209 0.176 0.176 0.176 0.187 0.165 0.143 0.143 0.121 0.077 0.055 0.055 0.044 0.044 0.055 0.066 0.066 0.033 0.033 0.033 0.033 0.0275 0.022 0.011 0.033 0.033 0.044 0.044 0.033 0.033 0.044 0.088 0.099 0.099 0.099 0.099 0.055 0.055 0.011 0.011 0 0.077 0.088 0.033 0.011 0 -0.055 -0.121 -0.143 -0.143 -0.165 -0.165 -0.143
-9999 -9999 -9999 -9999 0.363 0.385 -9999 -9999 -9999 -9999 -9999 -9999 -9999 -9999 -9999 -9999 0.319 0.308 0.286 0.253 0.242 0.242 0.22 0.187 0.198 0.187 0.176 0.187 0.143 0.143 0.1155 0.077 0.055 0.044 0.044 0.055 0.055 0.055 0.055 0.011 0.033 0.033 0.033 -0.0275 -0.033 0.011 0.022 0.033 0.055 0.044 0.044 0.033 0.077 0.077 0.11 0.099 0.11 0.066 0.055 0.099 0.011 0 -0.011 0.055 0.121 0.066 0.033 0.033 -0.044 -0.0935 -0.143 -0.11 -0.132 -0.143 -0.143
-9999 -9999 -9999 -9999 -9999 0.385 -9999 -9999 -9999 -9999 -9999 -9999 -9999 -9999 -9999 -9999 0.319 0.3025 0.297 0.264 0.231 0.198 0.231 0.22 0.165 0.176 0.187 0.165 0.143 0.132 0.0825 0.077 0.055 0 0.011 0.055 0.044 0.044 0.055 0.033 0.033 0.033 0 -0.0165 -0.033 0 0.022 0.033 0.033 0.066 0.066 0.055 0.077 0.066 0.066 0.099 0.0825 0.066 0.088 0.099 -0.011 0 0.022 0.044 0.066 0.044 0.044 0.033 -0.033 -0.1155 -0.121 -0.11 -0.121 -0.121 -0.121
-9999 -9999 -9999 -9999 -9999 -9999 -9999 -9999 -9999 -9999 -9999 -9999 -9999 -9999 -9999 -9999 0.319 0.319 0.2915 0.242 0.264 0.275 0.286 0.176 0.187 0.176 0.165 0.143 0.143 0.099 0.077 0.0605 0.011 0.033 0.033 0.033 0.033 0.022 0.044 0.044 0.055 0.044 0.033 -0.011 -0.0275 0 0.011 0.033 0.044 0.044 0.066 0.066 0.077 0.066 0.044 0.022 0.066 0.055 0.099 0.099 0.066 0.077 0.066 0.077 0.044 0.066 0.066 0.022 -0.011 -0.088 -0.1265 -0.121 -0.132 -0.132 -0.121
-9999 -9999 -9999 -9999 -9999 -9999 -9999 -9999 -9999 -9999 -9999 -9999 -9999 -9999 -9999 -9999 -9999 0.319 0.308 0.297 0.286 0.286 0.187 0.198 0.176 0.176 0.165 0.143 0.11 0.077 0.077 0.0495 0.033 0.033 0.044 0.033 0.033 0.011 0.033 0.055 0.022 0.022 0.066 -0.011 -0.0165 0.022 0.033 0.044 0.055 0.055 0.077 0.099 0.055 0.066 0.044 -0.011 0.055 0.0275 0.099 0 0.066 0.088 0.099 0.099 0.088 0.055 0.088 -0.011 -0.011 -0.055 -0.1045 -0.121 -0.121 -0.132 -0.121
-9999 -9999 -9999 -9999 -9999 -9999 -9999 -9999 -9999 -9999 -9999 -9999 -9999 -9999 -9999 -9999 -9999 -9999 0.319 0.308 0.297 0.253 0.2035 0.2035 0.1705 0.165 0.154 0.143 0.099 0.077 0.066 0.055 0.044 0.055 0.044 0.033 0.044 0.033 0.044 0.044 0.066 0.099 0.077 0.022 0 0.0385 0.044 0.055 0.077 0.077 0.088 0.099 0.077 0.055 0.022 0.011 -0.011 0 0.077 -0.011 0.055 0.099 0.088 0.088 0.088 0.088 0.066 0.033 -0.011 -0.088 -0.088 -0.099 -0.121 -0.11 -0.088
-9999 -9999 -9999 -9999 -9999 -9999 -9999 -9999 -9999 -9999 -9999 -9999 -9999 -9999 -9999 -9999 -9999 -9999 -9999 0.297 0.297 0.209 0.231 0.176 0.165 0.1485 0.132 0.1045 0.0715 0.0605 0.0605 0.066 0.11 0.0275 0.055 0.0385 0.0385 0.0385 0.088 0.1375 0.121 0.099 0.099 0.044 0.066 0.066 0.044 0.077 0.077 0.088 0.088 0.099 0.077 0.055 0.033 -0.011 0 0.044 0.088 0 0.055 0.11 0.11 0.099 0.099 0.099 0.044 -0.011 -0.033 -0.11 -0.099 -0.0935 -0.099 -0.099 -0.088
-9999 -9999 -9999 -9999 -9999 -9999 -9999 -9999 -9999 -9999 -9999 -9999 -9999 -9999 -9999 -9999 -9999 -9999 -9999 0.297 0.253 0.209 0.231 0.198 0.165 0.154 0.143 0.055 0.055 0.044 0.066 0.132 0.187 0.176 0.132 0.077 0.055 0.077 0.132 0.154 0.198 0.1705 0.1045 0.0825 0.088 0.077 0.099 0.099 0.11 0.11 0.0825 0.0715 0.0605 0.0385 0.011 0.0275 0.022 0.0275 0.066 0.0366666666666667 0.0385 0.077 0.11 0.088 0.099 0.088 0.044 -0.011 -0.022 -0.066 -0.066 -0.055 -0.022 -0.011 0.011
-9999 -9999 -9999 -9999 -9999 -9999 -9999 -9999 -9999 -9999 -9999 -9999 -9999 -9999 -9999 -9999 -9999 -9999 -9999 0.297 0.2585 0.22 0.198 0.22 0.198 0.165 0.132 0.077 0.044 0.044 0.11 0.165 0.198 0.1815 0.143 0.132 0.143 0.132 0.165 0.187 0.187 0.187 0.143 0.121 0.121 0.11 0.1265 0.132 0.143 0.143 0.132 0.099 0.077 0.044 0.044 0.033 0.044 0.088 0.121 0.121 0.143 0.1155 0.132 0.1265 0.154 0.2145 0.209 0.209 0.0165 -0.0055 0.0055 0.0275 0.05225 0.0715 0.066
-9999 -9999 -9999 -9999 -9999 -9999 -9999 -9999 -9999 -9999 -9999 -9999 -9999 -9999 -9999 -9999 -9999 -9999 -9999 0.308 0.22 0.198 0.187 0.22 0.198 0.198 0.165 0.077 0.044 0.077 0.143 0.165 0.209 0.198 0.143 0.132 0.132 0.143 0.165 0.187 0.187 0.187 0.187 0.143 0.143 0.143 0.154 0.143 0.143 0.143 0.121 0.11 0.099 0.066 0.033 0.044 0.077 0.099 0.099 0.143 0.1485 0.154 0.165 0.187 0.209 0.22 0.231 0.22 0.044 0.044 0.077 0.077 0.11 0.1045 0.099
-9999 -9999 -9999 -9999 -9999 -9999 -9999 -9999 -9999 -9999 -9999 -9999 -9999 -9999 -9999 -9999 -9999 -9999 -9999 0.253 0.187 0.1595 0.154 0.176 0.187 0.154 0.143 0.055 0.077 0.077 0.143 0.187 0.209 0.209 0.143 0.132 0.143 0.154 0.143 0.198 0.22 0.187 0.187 0.198 0.176 0.187 0.176 0.1595 0.165 0.143 0.143 0.143 0.121 0.088 0.099 0.11 0.11 0.132 0.143 0.143 0.143 0.154 0.176 0.198 0.22 0.231 0.231 0.22 0.198 0.132 0.121 0.121 0.099 0.121 0.132
-9999 -9999 -9999 -9999 -9999 -9999 -9999 -9999 -9999 -9999 -9999 -9999 -9999 -9999 -9999 -9999 -9999 -9999 0.297 0.231 0.154 0.143 0.132 0.132 0.132 0.121 0.099 0.055 0.077 0.077 0.143 0.165 0.22 0.209 0.143 0.154 0.143 0.132 0.143 0.209 0.231 0.187 0.187 0.209 0.187 0.198 0.209 0.253 0.253 0.143 0.143 0.154 0.143 0.121 0.121 0.154 0.143 0.143 0.154 0.165 0.143 0.176 0.187 0.209 0.231 0.198 0.231 0.22 0.198 0.143 0.121 0.143 0.132 0.143 0.132
-9999 -9999 -9999 -9999 -9999 -9999 -9999 -9999 -9999 -9999 -9999 -9999 -9999 -9999 -9999 -9999 -9999 -9999 0.264 0.176 0.165 0.132 0.1375 0.099 0.099 0.099 0.099 0.088 0.066 0.11 -9999 -9999 0.22 0.209 0.143 0.1375 0.132 0.154 0.165 0.187 0.231 0.231 0.187 0.209 0.22 0.22 0.231 0.253 0.2585 0.253 0.231 0.143 0.132 0.143 0.154 0.143 0.143 0.154 0.143 0.154 -9999 0.176 0.209 0.231 0.209 0.198 0.22 0.22 0.165 0.143 0.154 0.165 0.143 0.143 -9999
-9999 -9999 -9999 -9999 -9999 -9999 -9999 -9999 -9999 -9999 -9999 -9999 -9999 -9999 -9999 -9999 -9999 -9999 0.187 0.143 0.143 0.132 0.1045 0.077 0.066 0.099 0.088 0.099 0.088 -9999 -9999 0.209 0.209 0.198 0.176 0.1815 0.165 0.165 0.176 0.209 0.22 0.231 0.209 0.231 0.253 0.242 0.242 0.253 0.275 0.253 0.231 0.253 0.132 0.154 0.154 0.154 -9999 0.154 -9999 -9999 -9999 0.187 0.22 0.209 0.198 0.198 0.198 0.176 0.187 0.198 0.176 0.165 0.132 0.132 -9999
-9999 -9999 -9999 -9999 -9999 -9999 -9999 -9999 -9999 -9999 -9999 -9999 -9999 -9999 -9999 -9999 -9999 0.22 0.143 0.143 0.121 0.099 0.077 0.0495 0.066 0.066 0.099 0.099 -9999 -9999 -9999 0.209 0.176 0.209 0.22 0.231 0.1925 0.187 0.198 0.209 0.242 0.231 0.231 -9999 0.253 0.275 0.264 0.253 0.297 0.308 0.231 0.231 0.242 0.253 0.154 -9999 -9999 -9999 -9999 -9999 -9999 0.187 0.2145 0.22 0.198 -9999 -9999 -9999 -9999 -9999 -9999 -9999 -9999 -9999 -9999
