data/derived/r_tau_pnau.asc
NCOLS 186 
NROWS 74 
XLLCORNER 443300.206538099 
YLLCORNER 4085841.77455235 
CELLSIZE 500 
NODATA_value -9999 
[rows 33 to 65 of 74, columns 0 to 74 of 186]
-9999 -9999 -9999 -9999 -9999 -9999 -9999 -9999 -9999 -9999 -9999 0.022 0.055 0.022 0.0275 0.088 0.022 0.0825 0.143 -9999 0.121 -0.055 -0.077 -0.077 -0.055 -0.055 -0.077 -0.055 -0.187 -0.077 -0.099 -0.077 -0.077 -0.077 -0.077 -0.033 -0.055 -0.077 -0.121 0.033 0.055 0.033 0.077 0.099 0.077 0.077 0.066 0.033 0.077 0.077 0.011 0.165 0.099 0.033 0.077 0.143 0.033 -0.011 0.033 0.022 0.077 0.077 0.033 0.077 0.055 0.077 0.011 0.011 0.033 0.033 0.077 0.033 0.033 0.055 0.055
-9999 -9999 -9999 -9999 -9999 -9999 -9999 -9999 -9999 -9999 -9999 -9999 -9999 -9999 0.022 0.011 -0.022 0.121 0.121 -9999 -9999 -0.0495 -0.066 -0.055 -0.044 0 -0.055 -0.099 -0.099 -0.077 -0.088 0.099 0.033 -0.055 -0.055 -0.077 0.011 -0.011 0.011 0.077 0.033 0.033 0.055 0.077 0.077 0.077 0.099 0.077 0.099 0.055 0.011 0.055 0.077 -0.011 0.099 0.121 0.121 -0.011 0.011 0.011 0.022 0.055 0.033 0.055 0.011 -0.011 0.033 0.055 0.055 0.055 0.055 0.011 0.011 0.033 0.033
-9999 -9999 -9999 -9999 -9999 -9999 -9999 -9999 -9999 -9999 -9999 -9999 -9999 -9999 0.022 0 -0.022 -0.022 0.066 -9999 -9999 -9999 -0.0165 0.011 -0.077 -0.077 -0.099 0.011 -0.011 -0.033 -0.099 -0.033 0.066 0.066 0.0696666666666667 0.033 0.044 0.066 0.066 0.088 0.077 0.066 0.055 0.055 0.077 0.066 0.077 0.0623333333333333 0.077 0.077 0.099 0.033 -0.011 0.011 0.055 0.077 0.099 0.011 0.033 0.011 0.044 0.033 0.077 0.055 0.011 0.033 0.033 0.033 0.077 0.077 0.033 0.011 0.055 0.055 -0.011
-9999 -9999 -9999 -9999 -9999 -9999 -9999 -9999 -9999 -9999 -9999 -9999 -9999 -9999 -0.011 -0.011 -0.022 -0.066 0.055 0.033 -9999 0.055 -0.066 -0.099 -0.099 0.011 0.011 -0.099 0.033 0.033 0.033 -0.033 0.077 0.099 0.077 0.077 0.077 0.099 0.099 0.099 0.077 0.077 0.099 0.099 0.055 0.099 0.055 0.055 0.055 0.077 0.044 0.066 0.055 0.055 0 0.143 0.077 0.066 0.022 0.022 0.044 0.055 0.066 0.033 0.011 0.055 0.066 0.011 0.022 0.044 0.033 0.033 0.055 0.022 0.0256666666666667
-9999 -9999 -9999 -9999 -9999 -9999 -9999 -9999 -9999 -9999 -9999 -9999 -9999 -9999 -9999 -0.011 -0.066 -0.022 0 -0.022 0 -0.011 -0.033 -0.099 -0.077 0.011 -0.033 0.011 -0.011 -0.099 -0.033 0.077 0.077 0.099 0.099 0.099 0.088 0.099 0.099 0.099 0.099 0.077 0.055 0.077 0.055 0.055 0.077 0.077 0.055 0.066 0.077 0.055 0.033 0.033 0.055 0.033 0.011 0.033 0.055 0.033 0.077 0.011 0.077 0.055 0.077 0.099 0.033 -0.011 0.077 -0.011 0.011 0.011 0.033 0.055 0.0183333333333333
-9999 -9999 -9999 -9999 -9999 -9999 -9999 -9999 -9999 -9999 -9999 -9999 -9999 -9999 -9999 -0.022 -0.022 0.022 0.055 0.088 0.088 -0.044 0.055 -0.11 -0.099 -0.055 -0.033 -0.099 0.011 -0.011 -0.055 0.099 0.055 0.077 0.011 0.033 0.099 0.099 0.099 0.099 0.077 0.099 0.077 0.077 0.099 0.055 0.033 0.033 0.055 0.044 0.055 0.077 0.077 0.077 0.033 0.011 0.055 0.011 0.033 0.033 0.033 0.055 0.066 0.055 0.011 0.055 0.033 0.011 0.033 0.033 0.033 0.033 0.011 0.033 0.011
-9999 -9999 -9999 -9999 -9999 -9999 -9999 -9999 -9999 -9999 -9999 -9999 -9999 -9999 -9999 -0.066 -0.022 -0.088 0.066 -0.044 0 0.044 -0.044 0.0385 0.011 -0.055 -0.077 -0.011 -0.011 -0.055 -0.033 -0.033 -0.077 0.011 0.077 0.055 0.066 0.055 0.033 0.055 0.099 0.077 0.055 0.055 0.055 0.033 0.033 -0.011 0.033 0.055 0.055 0.055 0.033 0.011 0.011 0.099 0.033 0.033 0.077 0.055 0.055 0.077 0.077 0.033 0.099 0.033 0.011 0.033 -0.011 0.055 0.011 -0.033 0.011 0.055 0.033
-9999 -9999 0 -9999 -9999 -9999 -9999 -9999 -9999 -9999 -9999 -9999 -9999 -9999 -9999 0.022 -0.044 -0.088 -0.088 -0.011 0.033 0.033 -0.088 -0.066 0.011 0.011 -0.033 0.033 0.033 0.011 0.077 -0.033 0.077 0.055 0.077 0.099 0.099 0.099 0.099 0.099 0.055 0.077 0.099 0.055 0.077 0.055 0.033 0.033 0.099 0.033 0.022 0.033 0.077 0.077 0.055 0.077 0.077 0.099 0.099 0.077 0.077 0.055 0.077 0.011 0.011 0.011 0.011 0.011 0.033 0.011 -0.055 0.055 0.011 0.055 0.033
-9999 -9999 -9999 -9999 -9999 0.011 -0.209 -9999 -9999 -9999 -9999 -9999 -0.066 -0.011 0.022 -0.033 0.022 -0.044 -0.066 -0.022 0.055 0.033 0.011 -0.033 0 0.011 -0.077 0.011 0.011 0.077 -0.033 0.033 0.055 0.055 0.121 0.121 0.077 0.088 0.077 0.099 0.077 0.099 0.099 0.077 0.055 0.033 -0.011 0.099 0.099 -0.011 -0.011 0.033 0.055 0.055 0.033 0.077 0.099 0.077 0.055 0.099 0.055 0.055 0.099 0.066 0.077 0.033 0.033 0.055 0.033 0.033 -0.077 0.033 0.011 0.055 0.033
-9999 -9999 -9999 -0.198 -9999 -9999 -9999 -0.242 -9999 -9999 -9999 -0.055 0.011 -0.022 0.033 0.099 -0.022 0.033 0.033 0.055 0.011 0.044 -0.055 -0.011 -0.143 0.011 0.066 0.011 0.033 0.055 -0.011 0.077 0.055 0.011 0.077 0.077 0.121 0.099 0.099 0.099 0.077 0.099 0.077 0.099 0.055 0.077 0.033 0.099 0.077 0.055 0.077 0.033 0.077 0.077 0.077 0.055 0.055 0.077 0.077 0.077 0.055 0.055 0.077 0.077 0.033 0.011 0.077 0.033 0.033 0.033 -0.033 0.077 0.011 -0.011 0.011
-9999 -0.242 -0.132 -0.088 -0.11 -0.077 -0.154 -0.011 -0.088 -0.099 -0.132 -0.088 -0.0935 -0.066 0.088 0.11 -0.044 -0.088 0.033 0.033 0.077 -0.011 0.055 -0.011 0.033 0.044 0.011 0.011 -0.033 -0.033 0.143 0.033 0.055 0.077 0.077 0.077 0.121 0.077 0.099 0.099 0.099 0.099 0.099 0.055 0.055 0.077 -0.011 0.099 0.077 0.033 0.099 0.077 0.077 0.077 0.055 0.055 0.077 0.033 0.077 0.033 0.099 0.077 0.077 0.033 0.033 0.077 0.033 0.055 0.055 0.055 0.011 -0.077 0.033 0.011 0.033
-0.124666666666667 -0.099 -0.143 -0.11 -0.055 -0.121 -0.121 -0.099 -0.099 -0.121 -0.099 -0.077 -0.066 -0.077 -0.077 -0.022 -0.044 -0.088 -0.011 0.011 0.011 -0.121 -0.033 -0.055 0.033 0.044 -0.033 0.143 0.121 0.055 0.077 0.055 0.055 0.121 0.055 0.055 0.099 0.099 0.099 0.077 0.099 0.055 0.055 0.055 0.033 0.033 0.099 0.077 0.077 0.033 0.033 0.088 0.077 0.077 0.099 0.077 0.099 0.033 0.077 0.033 0.099 0.033 0.033 0.055 0.055 0.033 0.033 0.055 0.077 -0.077 -0.033 -0.077 0.011 0.011 0.033
-9999 -0.253 -0.0605 -0.088 -0.077 -0.077 -0.0935 -0.066 -0.088 -0.077 -0.099 -0.121 -0.099 -0.077 -0.011 -0.033 -0.099 -0.066 -0.022 0.011 0.011 0.055 -0.011 -0.055 0.011 0.011 0 0.121 0.077 0.077 0.099 0.077 0.099 0.143 0.033 0.121 0.099 0.099 0.077 0.077 0.055 0.033 0.055 0.033 0.077 0.099 0.077 0.077 0.077 0.055 0.055 0.077 0.088 0.077 0.099 0.055 0.077 0.033 0.055 0.033 0.077 0.077 0.099 0.077 0.055 0.066 0.077 0.099 0.077 0.033 0.121 -0.099 0.011 0.011 0.055
-9999 -9999 -0.154 -0.055 -0.055 -0.055 -0.055 -0.055 -0.033 -0.099 -0.077 -0.099 -0.099 -0.121 -0.088 -0.055 -0.0055 -0.066 -0.044 -0.1815 -0.044 -0.044 -0.044 -0.055 -0.0605 -0.0385 -0.0366666666666667 -0.0146666666666667 -0.011 0.011 0.055 0.143 0.165 0.033 0.077 0.121 0.121 0.077 0.099 0.055 0.077 0.099 0.077 0.077 0.055 0.055 0.077 0.055 0.121 0.055 0.055 0.077 0.022 0.077 0.077 0.077 0.077 0.077 0.055 0.055 0.077 0.121 0.055 0.033 0.033 0.022 0.033 0.033 0.033 0.033 0.077 -0.077 0.033 0.011 -0.011
-9999 -9999 -9999 -0.066 -0.11 -0.11 -0.033 -0.055 -0.099 -0.011 -0.099 -0.099 -0.121 -0.121 -0.121 -0.055 -0.044 -0.121 -0.099 -0.11 -0.11 -0.066 -0.077 -0.077 -0.11 -0.033 -0.011 -0.044 -0.011 0.044 0.088 0.022 0.033 0.066 0.11 0.11 0.11 0.121 0.121 0.077 0.0715 0.066 0.066 0.088 0.066 0.055 0.077 0.055 0.055 0.099 0.055 0.055 0.055 0.077 0.077 0.033 0.055 0.099 0.099 0.055 0.077 0.121 0.099 0.055 0.066 0.055 0.033 0.011 0.077 0.011 0.033 -0.055 0.033 0.011 0.055
-9999 -9999 -9999 -9999 -9999 -0.143 0 -0.044 -0.099 -0.154 -0.209 -0.22 -0.033 -0.066 -0.055 -0.088 -0.099 -0.055 -0.022 -0.099 -0.11 -0.132 -0.11 -0.066 -0.022 -0.011 -0.099 -0.077 0.033 0.077 0.011 -0.055 0.055 0.121 0.121 0.099 0.121 0.055 0.033 0.055 0.077 0.099 0.077 0.099 0.099 0.066 0.077 0.121 0.077 0.055 0.066 0.055 0.077 0.077 0.077 0.088 0.022 0.055 0.077 0.077 0.088 0.088 0.088 0.055 0.055 0.044 0.0605 -0.011 0.033 -0.066 0.055 -0.077 0.033 0.011 0.033
-9999 -9999 -9999 -9999 -9999 -9999 -0.121 -0.055 -0.143 -0.253 -9999 -0.132 -0.143 -0.088 -0.099 -0.1485 -0.209 -0.121 -0.088 -0.088 -0.11 -0.088 -0.099 -0.121 -0.077 -0.033 -0.187 -0.077 0.077 0.011 -0.011 0.099 0.099 0.143 0.099 0.121 0.077 0.033 0.077 0.099 0.099 0.088 0.077 0.099 0.077 0.121 0.121 0.055 0.121 0.055 0.055 0.099 0.099 0.099 0.066 0.099 0.055 0.033 0.077 0.055 0.055 0.011 0.055 0.077 0.077 0.121 -0.033 0.077 0.044 0.044 0.033 -0.044 0.044 0.011 0.022
-9999 -9999 -9999 -9999 -9999 0.11 -9999 -9999 -9999 -9999 -9999 -9999 -9999 -0.132 -0.187 -0.1485 -0.11 -0.077 -0.11 -0.154 -0.044 -0.044 -0.099 -0.121 -0.077 -0.187 -0.143 -0.011 -0.044 -0.033 0.011 0.077 0.099 0.121 0.099 0.121 0.055 0.121 0.077 0.077 0.099 0.077 0.077 0.099 0.055 0.121 0.143 0.143 0.099 0.165 0.099 0.121 0.077 0.033 0.022 0.055 0.099 0.055 0.033 0.077 0.077 0.055 0.077 0.077 0.121 -0.011 0.055 0.143 0.055 0.099 0.033 -0.033 0.033 0.033 0.055
-9999 -9999 -9999 -9999 -9999 0.11 0.132 -9999 -9999 -9999 -9999 -9999 -9999 -9999 -0.132 -0.121 -0.209 -0.132 -0.209 -0.11 -0.088 -0.077 -0.099 -0.143 -0.121 -0.143 -0.077 0.077 -0.099 0 -0.055 0.077 0.099 0.099 0.099 0.055 0.121 0.099 0.077 0.099 0.077 0.055 0.077 0.077 0.055 0.143 0.077 0.253 0.187 0.055 0.165 0.165 0.077 0.143 0.121 0.099 0.099 0.077 0.033 0.055 0.033 0.099 0.121 0.099 0.011 0.055 0.143 0.143 -0.033 0.121 0.033 0.099 0.033 0.033 0.011
-9999 -9999 -9999 0.11 0.099 0.099 -9999 -9999 -9999 -9999 -9999 -9999 -9999 -9999 -0.033 -0.121 -0.165 -0.209 -0.121 -0.11 -0.066 -0.088 -0.143 -0.121 -0.165 -0.077 -0.011 -0.055 -0.011 -0.055 -0.077 0.011 0.099 0.099 0.055 0.033 0.121 0.121 0.077 0.099 0.077 0.077 0.088 0.099 0.121 0.077 0.209 0.187 0.209 0.165 0.165 0.143 0.165 0.253 0.209 0.0825 0.121 0.055 0.033 0.033 0.077 0.099 0.011 0.066 0.165 0.121 0.165 0.011 -0.011 0.099 0.121 0.055 0.011 0.055 0.033
-9999 -9999 -9999 -9999 0.099 0.099 -9999 -9999 -9999 -9999 -9999 -9999 -9999 -9999 -9999 -9999 -0.132 -0.176 -0.077 -0.099 -0.143 -0.055 -0.033 -0.121 -0.209 -0.209 -0.033 -0.011 0.011 -0.011 -0.077 -0.011 0.055 0.077 0.077 0.077 0.121 0.121 0.099 0.077 0.099 0.077 0.055 0.077 0.099 0.121 0.121 0.209 0.099 0.231 0.209 0.231 0.187 0.055 0.209 0.099 0.121 0.044 0.055 0.033 0.077 0.077 0.011 0.121 0.033 0.033 0.033 -0.011 0.055 0.099 0.099 0.011 0.055 0.033 0.033
-9999 -9999 -9999 -9999 0.099 0.099 -9999 -9999 -9999 -9999 -9999 -9999 -9999 -9999 -9999 -9999 -0.187 -0.1375 -0.099 -0.077 -0.121 -0.121 -0.055 -0.033 -0.033 -0.055 -0.011 -0.011 -0.033 -0.011 -0.055 -0.011 0.033 0.077 0.077 0.165 0.099 0.099 0.077 0.077 0.099 0.077 0.099 0.088 0.077 0.121 0.077 0.209 0.077 0.099 0.253 0.253 0.121 0.099 0.209 0.121 0.121 0.055 0.055 0.055 0.121 0.121 0.011 0.165 0.033 0.077 0.077 0.077 0.011 0.0715 0.077 0.055 0.077 0.033 0.099
-9999 -9999 -9999 -9999 -9999 0.066 -9999 -9999 -9999 -9999 -9999 -9999 -9999 -9999 -9999 -9999 -0.165 -0.1815 -0.099 -0.099 -0.143 -0.143 -0.154 -0.099 -0.099 -0.132 -0.055 -0.011 -0.033 -0.033 -0.088 0.011 0.077 0.143 0.077 0.033 0.121 0.099 0.077 0.099 0.099 0.099 0.077 0.066 0.077 0.143 0.121 0.143 0.231 0.099 0.121 0.099 0.099 0.209 0.187 0.077 0.11 0.055 0.055 0.121 0.077 0.011 0.099 0.165 0.143 0.055 0.099 0.077 0.033 0.044 0.033 0.077 0.055 0.033 0.055
-9999 -9999 -9999 -9999 -9999 -9999 -9999 -9999 -9999 -9999 -9999 -9999 -9999 -9999 -9999 -9999 -0.132 -0.209 -0.022 -0.077 -0.11 -0.11 -0.066 -0.066 -0.099 -0.099 -0.077 -0.077 -0.033 -0.077 -0.033 0.011 0.121 0.077 0.077 0.055 0.165 0.099 0.099 0.099 0.143 0.077 0.099 0.077 0.088 0.143 0.099 0.143 0.209 0.209 0.099 0.099 0.099 0.209 0.165 0.055 0.121 0.088 0.121 0.121 0.143 0.165 0.165 0.187 0.187 0.033 -0.088 0.099 0.033 0.143 0 0.033 0.033 0.099 0.011
-9999 -9999 -9999 -9999 -9999 -9999 -9999 -9999 -9999 -9999 -9999 -9999 -9999 -9999 -9999 -9999 -9999 -0.165 -0.1265 -0.099 -0.165 -0.22 -0.275 -0.187 -0.088 -0.077 -0.077 0.011 -0.033 -0.077 -0.033 0 0.033 -0.011 -0.011 0.055 0.121 0.121 0.099 0.099 0.077 0.099 0.055 0.077 0.099 0.121 0.077 0.165 0.187 0.165 0.099 -0.022 0.077 0.209 0.121 0.121 0.121 0.044 0.099 -0.011 0.209 0.033 0.033 0.077 0.055 0.099 -0.088 0.055 0.033 0.165 0.033 0.077 0.055 0.033 -0.011
-9999 -9999 -9999 -9999 -9999 -9999 -9999 -9999 -9999 -9999 -9999 -9999 -9999 -9999 -9999 -9999 -9999 -9999 -0.099 -0.172333333333333 -0.2255 -0.121 -0.231 -0.044 -0.099 -0.033 -0.077 0.011 -0.099 -0.033 -0.055 -0.033 -0.011 0.055 0.055 0.077 0.099 0.165 0.099 0.077 0.099 0.077 0.033 0.099 0.121 0.099 0.165 0.209 0.055 0.099 0.077 0.055 0.055 0.165 0.077 0.099 0.099 0.055 0.11 0.099 0.143 0.143 0.077 0.099 0.077 0.011 -0.044 0.099 0.121 -0.033 0.033 0.033 0.033 0.011 -0.011
-9999 -9999 -9999 -9999 -9999 -9999 -9999 -9999 -9999 -9999 -9999 -9999 -9999 -9999 -9999 -9999 -9999 -9999 -9999 -0.1925 -0.264 -0.33 -0.143 -0.011 -0.099 -0.044 0 0 -0.044 -0.077 -0.066 -0.077 -0.03575 0.077 0.022 0.055 0.099 0.077 0.055 0.033 0.044 0.077 0.055 0.121 0.099 0.11 0.165 0.099 0.121 0.055 -0.022 0.099 0.121 0.187 0.033 0.121 0.121 0.121 0.121 -0.011 0.165 0.187 0.055 0.055 -0.066 -0.088 0.033 -0.077 -0.055 0.033 0.055 -0.011 -0.033 0.011 -0.011
-9999 -9999 -9999 -9999 -9999 -9999 -9999 -9999 -9999 -9999 -9999 -9999 -9999 -9999 -9999 -9999 -9999 -9999 -9999 -0.286 -0.2915 -0.154 -0.077 -0.011 -0.033 0.011 0.011 -0.011 -0.011 -0.121 -0.077 -0.099 0.055 -0.022 0.055 0.055 0.033 0.077 0.033 0.055 0.077 0.099 0.033 0.066 0.044 0.099 0.0843333333333333 0.066 0.0165 -0.044 0.077 0.055 0.198 0.132 0.099 0.088 0.077 0.044 0.0476666666666667 0.0696666666666667 0.176 0.187 0.055 0.099 -0.044 -0.066 -0.077 -0.011 -0.011 -0.011 0.011 -0.011 -0.055 -0.055 -0.077
-9999 -9999 -9999 -9999 -9999 -9999 -9999 -9999 -9999 -9999 -9999 -9999 -9999 -9999 -9999 -9999 -9999 -9999 -9999 -0.242 -0.2915 -0.099 -0.077 -0.033 -0.033 0.055 0.011 0.055 0.011 -0.099 0.011 0.033 -0.121 -0.077 0.022 0.055 0.033 -0.011 0.055 0.055 0.121 0.121 0.077 -0.033 0.011 0.121 0.132 0.022 -0.088 0.022 0.121 0.121 0.187 0.187 0.077 0.099 0.055 0.121 0.143 0.165 0.121 0.11 0.0825 0.0385 -0.066 -0.088 -0.088 0 -0.022 0 0.011 -0.033 -0.055 -0.055 -0.033
-9999 -9999 -9999 -9999 -9999 -9999 -9999 -9999 -9999 -9999 -9999 -9999 -9999 -9999 -9999 -9999 -9999 -9999 -9999 -0.22 -0.319 -0.2365 -0.099 -0.033 -0.099 0.055 -0.011 -0.011 0.055 -0.011 0.011 -0.077 0.011 -0.099 0.022 -0.011 0.011 0.011 0.033 0.011 -0.055 0.033 0.055 0.033 0.099 0.099 0.077 0.0605 -0.198 -0.022 0.121 0.099 0.231 0.165 0.121 0.165 0.187 0.187 0.121 0.187 0.176 0.121 0.099 -0.044 -0.066 -0.088 -0.121 -0.033 -0.077 -0.099 -0.033 -0.033 -0.033 -0.011 -0.077
-9999 -9999 -9999 -9999 -9999 -9999 -9999 -9999 -9999 -9999 -9999 -9999 -9999 -9999 -9999 -9999 -9999 -9999 -9999 -0.242 -0.231 -0.264 -0.121 -0.011 0.011 -0.077 0.077 0.033 0.055 0.077 0.033 -0.011 0.033 -0.121 0.011 0.055 0.033 0.033 0.077 -0.055 0.055 0.011 0.055 0.055 0.099 0.033 0.121 -0.033 -0.231 -0.044 0.011 0.077 0.033 0.187 0.165 0.231 0.143 0.143 0.209 0.209 0.088 0.121 0.033 -0.044 -0.154 -0.176 -0.154 0.077 0.143 0.121 0.143 0.011 -0.088 -0.1045 -0.033
-9999 -9999 -9999 -9999 -9999 -9999 -9999 -9999 -9999 -9999 -9999 -9999 -9999 -9999 -9999 -9999 -9999 -9999 -0.22 -0.187 -0.209 -0.2475 -0.143 -0.121 -0.055 0.011 0.121 0.011 0.033 0.055 -0.033 0.033 0.033 -0.121 -0.011 0.121 0.099 -0.033 -0.077 -0.055 -0.077 0.066 0.011 0.099 0.099 0.121 0.077 -0.055 -0.209 -0.176 0.033 0.099 0.099 0.209 0.165 0.121 0.121 0.099 0.099 0.099 0.11 0.033 0 -0.066 -0.154 -0.231 -0.154 0.055 0.033 0.055 -0.033 -0.143 -0.099 -0.077 -0.055
-9999 -9999 -9999 -9999 -9999 -9999 -9999 -9999 -9999 -9999 -9999 -9999 -9999 -9999 -9999 -9999 -9999 -9999 -0.11 -0.165 -0.231 -0.198 -0.264 -0.242 -0.143 0.033 0.033 0.055 0.011 0.099 -9999 -9999 -0.033 -0.121 0.033 -0.077 -0.055 -0.099 -0.099 -0.011 -0.055 0.033 0.044 0.011 0.055 0.011 0.099 0 -0.165 -0.11 -0.066 0.077 0.055 0.077 0.077 0.121 0.121 0.121 0.077 0.077 -9999 0.0495 -0.044 -0.198 -0.264 -0.275 -0.154 -0.044 -0.077 -0.099 -0.099 -0.099 -0.099 -0.132 -9999
