data/derived/r_tau_tempau.asc
NCOLS 186 
NROWS 74 
XLLCORNER 443300.206538099 
YLLCORNER 4085841.77455235 
CELLSIZE 500 
NODATA_value -9999 
[rows 34 to 67 of 74, columns 77 to 153 of 186]
0.121 0.121 0.121 0.121 0.143 0.121 0.121 0.121 0.143 0.1375 0.121 0.121 0.121 0.121 0.121 0.121 0.099 0.121 0.121 0.132 0.132 0.154 0.187 0.187 0.187 0.187 0.187 0.198 0.209 0.209 0.187 0.187 0.187 0.187 0.209 0.231 0.242 0.264 0.275 0.275 0.275 0.275 0.253 0.253 0.275 0.264 0.264 0.264 0.275 0.275 0.253 0.253 0.253 0.253 0.253 0.253 0.253 0.253 0.231 0.231 0.231 0.209 0.187 0.198 0.209 0.187 0.209 0.198 0.187 0.187 0.187 0.187 0.165 0.165 0.176 0.187 0.187
0.143 0.165 0.165 0.165 0.165 0.143 0.121 0.121 0.154 0.143 0.121 0.121 0.121 0.088 0.099 0.099 0.121 0.121 0.121 0.143 0.143 0.165 0.187 0.187 0.187 0.187 0.187 0.209 0.209 0.187 0.187 0.187 0.187 0.187 0.187 0.2255 0.231 0.231 0.253 0.275 0.275 0.275 0.253 0.253 0.253 0.253 0.253 0.253 0.2695 0.253 0.253 0.253 0.253 0.253 0.253 0.253 0.253 0.253 0.253 0.253 0.253 0.22 0.209 0.187 0.198 0.187 0.187 0.187 0.187 0.198 0.209 0.187 0.165 0.165 0.187 0.187 0.187
0.154 0.165 0.165 0.165 0.165 0.143 0.121 0.121 0.132 0.143 0.11 0.066 0.055 0.099 0.099 0.099 0.121 0.121 0.143 0.143 0.121 0.143 0.176 0.187 0.165 0.165 0.165 0.165 0.187 0.187 0.187 0.187 0.187 0.187 0.187 0.231 0.231 0.231 0.253 0.275 0.275 0.275 0.253 0.253 0.253 0.253 0.253 0.253 0.253 0.253 0.253 0.253 0.253 0.253 0.253 0.253 0.253 0.253 0.253 0.253 0.253 0.253 0.231 0.209 0.22 0.198 0.209 0.22 0.198 0.209 0.22 0.209 0.209 0.165 0.1815 0.187 0.187
0.187 0.187 0.187 0.165 0.154 0.132 0.121 0.0935 0.099 0.066 0.0495 0.066 0.077 0.0825 0.099 0.099 0.121 0.143 0.143 0.1375 0.121 0.143 0.143 0.15125 0.165 0.154 0.154 0.165 0.1705 0.187 0.187 0.187 0.187 0.187 0.187 0.22 0.231 0.231 0.2365 0.2365 0.2585 0.253 0.2475 0.2475 0.242 0.2475 0.242 0.242 0.2475 0.253 0.253 0.253 0.253 0.253 0.253 0.253 0.253 0.253 0.253 0.253 0.253 0.253 0.2695 0.2695 0.275 0.2475 0.242 0.2145 0.2255 0.209 0.2145 0.209 0.2145 0.176 0.1815 0.187 0.187
0.187 0.187 0.187 0.121 0.121 0.099 0.099 0.077 0.121 0.055 0.055 0.044 0.066 0.077 0.099 0.121 0.121 0.143 0.121 0.121 0.121 0.121 0.121 0.132 0.1375 0.154 0.154 0.143 0.143 0.187 0.187 0.187 0.187 0.187 0.198 0.209 0.209 0.2365 0.231 0.231 0.253 0.231 0.231 0.231 0.231 0.231 0.231 0.231 0.242 0.253 0.253 0.253 0.253 0.253 0.253 0.253 0.253 0.253 0.253 0.253 0.253 0.253 0.253 0.275 0.275 0.275 0.275 0.275 0.275 0.253 0.209 0.187 0.187 0.198 0.187 0.187 0.187
0.176 0.165 0.143 0.143 0.121 0.121 0.099 0.077 0.099 0.055 0.055 0.044 0.066 0.077 0.11 0.121 0.143 0.132 0.121 0.121 0.099 0.099 0.121 0.121 0.121 0.132 0.143 0.143 0.143 0.165 0.187 0.187 0.187 0.187 -9999 0.209 0.209 0.22 0.231 0.242 0.253 0.253 0.231 0.231 0.231 0.231 0.231 0.231 0.253 0.253 0.253 0.253 0.253 0.253 0.275 0.264 0.275 0.253 0.253 0.253 0.253 0.253 0.231 0.242 0.253 0.253 0.275 0.275 0.253 0.231 0.231 0.231 0.198 0.187 0.198 0.187 0.187
0.165 0.143 0.154 0.143 0.121 0.121 0.099 0.11 0.099 0.088 0.055 0.033 0.055 0.055 0.099 0.143 0.143 0.132 0.121 0.11 0.099 0.099 0.099 0.121 0.11 0.121 0.121 0.143 0.143 0.143 0.176 0.187 0.187 0.165 -9999 0.209 0.209 0.209 0.231 0.231 0.253 0.231 0.231 0.231 0.231 0.231 0.231 0.231 0.242 0.253 0.253 0.253 0.22 0.242 0.253 0.253 0.231 0.231 0.242 0.242 0.231 0.231 0.231 0.231 0.2365 0.231 0.231 0.253 0.253 0.231 0.231 0.231 0.231 0.22 0.187 0.22 0.198
0.165 0.154 0.121 0.143 0.121 0.121 0.099 0.11 0.099 0.077 0.055 0.055 0.055 0.077 0.088 0.143 0.121 0.121 0.099 0.099 0.077 0.077 0.066 0.099 0.099 0.099 0.099 0.099 0.143 0.143 0.143 0.176 0.176 0.165 -9999 0.209 0.209 0.209 0.231 0.231 0.253 0.231 0.231 0.231 0.231 0.231 0.231 0.231 0.242 0.253 0.253 0.253 0.231 0.253 0.253 0.253 0.253 0.231 0.209 0.22 0.231 0.231 0.231 0.231 0.231 0.231 0.231 0.231 0.231 0.231 0.231 0.231 0.231 0.22 0.231 0.22 0.209
0.165 0.121 0.121 0.143 0.121 0.121 0.099 0.099 0.077 0.055 0.044 0.055 0.066 0.077 0.099 0.11 0.11 0.099 0.088 0.066 0.055 0.066 0.055 0.099 0.099 0.099 0.099 0.099 0.121 0.132 0.143 0.143 0.165 0.165 -9999 -9999 0.209 -9999 0.231 0.231 0.253 0.231 0.231 0.231 0.231 0.231 0.231 0.231 0.231 0.253 0.253 0.253 0.231 0.242 0.253 0.253 0.253 0.22 0.209 0.209 0.231 0.231 0.231 0.231 0.231 0.231 0.231 0.231 0.231 0.231 0.231 0.231 0.231 0.231 0.22 0.209 0.209
0.1485 0.121 0.121 0.143 0.121 0.121 0.11 0.099 0.077 0.055 0.033 0.055 0.055 0.077 0.099 0.11 0.077 0.033 0.055 0.055 0.055 0.055 0.055 0.077 0.077 0.099 0.099 0.099 0.099 0.121 0.121 0.165 0.165 0.165 -9999 -9999 -9999 -9999 0.231 0.231 0.242 0.242 0.231 0.231 0.231 0.231 0.231 0.231 0.231 0.253 0.253 0.253 0.242 0.242 0.253 0.253 0.231 0.209 0.209 0.22 0.231 0.231 0.231 0.231 0.231 0.231 0.231 0.231 0.231 0.231 0.231 0.231 0.231 0.231 0.231 0.209 0.209
0.143 0.121 0.121 0.121 0.121 0.121 0.099 0.099 0.077 0.055 0.044 0.055 0.055 0.088 0.099 0.077 0.033 0.033 0.033 0.044 0.044 0.033 0.044 0.077 0.077 0.077 0.0825 0.099 0.099 0.099 0.143 0.143 0.143 0.187 -9999 -9999 -9999 0.209 0.231 0.231 0.231 0.231 0.231 0.231 0.231 0.231 0.242 0.253 0.231 0.253 0.253 0.253 0.2365 0.209 0.231 0.231 0.22 0.209 0.209 0.231 0.231 0.231 0.231 0.231 0.231 0.231 0.231 0.231 0.231 0.231 0.231 0.231 0.231 0.209 0.253 0.209 0.209
0.121 0.121 0.132 0.121 0.121 0.121 0.099 0.099 0.055 0.033 0.055 0.055 0.077 0.077 0.077 0.033 0.033 0.033 0.033 0.033 0.022 0.011 -0.022 -0.033 0.055 0.077 0.077 0.077 0.077 0.121 0.143 0.143 0.143 0.165 0.187 -9999 -9999 -9999 0.231 0.231 0.231 0.231 0.231 0.242 0.253 0.253 0.253 0.253 0.253 0.253 0.275 0.231 0.231 0.22 0.209 0.209 0.209 0.231 0.231 0.231 0.231 0.231 0.231 0.231 0.231 0.231 0.231 0.231 0.231 0.231 0.231 0.22 0.22 0.209 0.253 0.209 0.209
0.121 0.121 0.143 0.121 0.121 0.099 0.099 0.077 0.055 0.033 0.055 0.055 0.077 0.077 0.055 0.033 0.033 0.033 0.033 -0.011 -0.011 -0.033 -0.055 -0.033 0.011 0.033 0.044 0.066 0.11 0.099 0.121 0.143 0.143 0.143 0.187 -9999 -9999 -9999 0.209 0.253 0.231 0.253 0.253 0.253 0.253 0.253 0.253 0.253 0.253 0.253 0.264 0.253 0.253 0.253 0.253 0.253 0.242 0.253 0.231 0.231 0.231 0.231 0.231 0.231 0.231 0.231 0.2145 0.231 0.231 0.231 0.22 0.209 0.209 0.209 0.253 0.242 0.209
0.121 0.121 0.121 0.121 0.099 0.099 0.099 0.088 0.033 0.033 0.055 0.077 0.099 0.055 0.033 0.0385 0.022 0 -0.011 -0.033 -0.033 -0.033 -0.055 -0.055 -0.011 0.022 0.033 0.033 0.077 0.099 0.121 0.121 0.143 0.143 0.187 -9999 -9999 0.198 0.209 0.253 0.253 0.253 0.253 0.253 0.253 0.253 0.242 0.231 0.242 0.253 0.253 0.253 0.275 0.275 0.286 0.275 0.264 0.253 0.231 0.253 0.253 0.22 0.209 0.231 0.22 0.209 0.22 0.22 0.209 0.209 0.209 0.209 0.209 0.209 0.253 0.242 0.209
0.121 0.143 0.121 0.099 0.099 0.099 0.099 0.055 0.033 0.044 0.055 0.077 0.088 0.044 0.033 0.033 0.011 0.011 -0.044 -0.033 -0.022 -0.055 -0.055 -0.055 -0.055 -0.033 -0.011 0.011 0.055 0.066 0.099 0.121 0.121 0.143 0.154 -9999 -9999 -9999 0.187 0.253 0.253 0.253 0.253 0.253 0.253 0.231 0.231 0.231 0.253 0.253 0.275 0.275 0.286 0.297 0.308 0.308 0.275 0.275 0.253 0.253 0.231 0.231 0.209 0.209 0.209 0.209 0.209 0.209 0.209 0.209 0.209 0.209 0.209 0.209 0.198 0.209 0.209
0.132 0.132 0.121 0.099 0.099 0.0935 0.066 0.033 0.033 0.066 0.077 0.0825 0.055 0.033 0.033 0.0293333333333333 0.011 -0.022 -0.033 -0.0385 -0.0385 -0.0495 -0.0605 -0.0825 -0.0715 -0.066 -0.0495 0 0.0183333333333333 0.044 0.066 0.099 0.121 0.132 0.143 0.187 -9999 -9999 0.1925 0.209 0.22 0.242 0.227333333333333 0.231 0.231 0.231 0.231 0.2365 0.253 0.253 0.275 0.275 0.297 0.319 0.333666666666667 0.326333333333333 0.3135 0.275 0.253 0.253 0.231 0.231 0.22 0.209 0.209 0.209 0.209 0.209 0.209 0.209 0.209 0.209 0.209 0.209 0.22 0.209 0.209
0.121 0.121 0.099 0.099 0.077 0.055 0.033 0.033 0.044 0.077 0.099 0.055 0.055 0.033 0.033 0.011 -0.0055 -0.033 -0.055 -0.055 -0.055 -0.077 -0.099 -0.132 -0.121 -0.099 -0.033 -0.033 -0.011 0.011 0.055 0.077 0.132 0.121 0.143 0.187 -9999 -9999 -9999 0.187 0.198 0.209 0.231 0.231 -9999 -9999 -9999 0.231 0.253 0.253 0.275 0.275 0.297 0.297 0.319 0.33 0.297 0.253 0.253 0.253 0.231 0.209 0.209 0.209 0.209 0.209 0.209 0.209 0.209 0.209 0.209 0.209 0.209 0.165 0.209 0.209 0.209
0.121 0.121 0.099 0.099 0.066 0.033 0.033 0.033 0.077 0.077 0.077 0.077 0.033 0.022 0.033 -0.011 0 -0.022 -0.055 -0.066 -0.066 -0.077 -0.11 -0.132 -0.121 -0.121 -0.077 -0.033 -0.044 -0.033 0.0165 0.066 0.11 0.121 0.132 -9999 -9999 -9999 -9999 -9999 0.176 0.22 -9999 -9999 -9999 -9999 -9999 -9999 0.253 0.253 0.253 0.275 0.275 0.297 0.297 0.297 0.2805 0.253 0.231 0.209 0.209 0.209 0.209 0.209 0.209 0.209 0.209 0.209 0.1925 0.209 0.209 0.198 0.176 0.165 0.209 0.209 0.209
0.121 0.099 0.077 0.077 0.044 0.033 0.033 0.033 0.077 0.077 0.077 0.077 0.011 0.011 0.022 0 -0.022 -0.0275 -0.055 -0.077 -0.132 -0.099 -0.121 -0.121 -0.121 -0.132 -0.121 -0.099 -0.099 -0.099 0 0.077 -9999 -9999 -9999 -9999 -9999 -9999 -9999 -9999 -9999 -9999 -9999 -9999 -9999 -9999 -9999 -9999 -9999 0.242 0.253 0.253 0.253 0.253 0.253 0.253 0.2365 0.209 0.209 0.187 0.187 0.209 0.165 0.165 0.165 0.165 0.209 0.165 0.165 0.165 0.165 0.165 0.165 0.187 0.209 0.209 0.209
0.099 0.099 0.055 0.055 0.055 0.033 0.033 0.055 0.077 0.077 0.077 0.077 0.033 0.011 0.011 -0.011 -0.033 -0.044 -0.055 -0.11 -0.143 -0.121 -0.143 -0.132 -0.121 -0.121 -0.132 -0.099 -0.088 -0.077 -0.033 0.044 -9999 -9999 -9999 -9999 -9999 -9999 -9999 -9999 -9999 -9999 -9999 -9999 -9999 -9999 -9999 -9999 0.231 0.231 0.231 0.231 0.231 0.231 0.209 0.187 0.165 0.165 0.165 0.165 0.165 0.165 0.165 0.165 0.165 0.165 0.165 0.165 0.165 0.165 0.165 0.165 0.165 0.187 0.198 0.209 0.209
0.099 0.055 0.055 0.055 0.044 0.055 0.055 0.077 0.077 0.077 0.077 0.055 0.033 0.011 0.011 -0.011 -0.033 -0.055 -0.066 -0.121 -0.11 -0.132 -0.121 -0.121 -0.132 -0.132 -0.121 -0.088 -9999 -9999 -9999 -9999 -9999 -9999 -9999 -9999 -9999 -9999 -9999 -9999 -9999 -9999 -9999 -9999 -9999 -9999 -9999 -9999 -9999 0.231 0.231 0.209 0.187 0.176 0.165 0.143 0.121 0.121 0.143 0.154 0.165 0.165 0.165 0.165 0.165 0.165 0.165 0.165 0.165 0.165 0.165 0.165 0.187 0.165 0.209 0.209 0.209
0.077 0.055 0.055 0.044 0.055 0.066 0.066 0.088 0.077 0.077 0.077 0.055 0.033 0.011 0.011 -0.011 -0.033 -0.055 -0.088 -0.099 -0.11 -9999 -9999 -0.132 -0.143 -9999 -0.121 -0.099 -9999 -9999 -9999 -9999 -9999 -9999 -9999 -9999 -9999 -9999 -9999 -9999 -9999 -9999 -9999 -9999 -9999 -9999 -9999 -9999 -9999 -9999 0.176 0.165 0.165 0.165 0.121 0.099 0.077 0.088 0.121 0.121 0.154 0.165 0.165 0.165 0.165 0.165 0.165 0.165 0.165 0.165 0.165 0.165 0.165 0.165 0.176 0.209 0.209
0.077 0.077 0.077 0.077 0.066 0.077 0.0715 0.077 0.077 0.077 0.055 0.055 0.011 0.011 0.011 -0.022 -0.033 -0.077 -9999 -0.088 -9999 -9999 -9999 -0.143 -9999 -9999 -9999 -9999 -9999 -9999 -9999 -9999 -9999 -9999 -9999 -9999 -9999 -9999 -9999 -9999 -9999 -9999 -9999 -9999 -9999 -9999 -9999 -9999 -9999 -9999 -9999 -9999 -9999 -9999 -9999 -9999 -9999 -9999 0.088 0.121 0.143 0.165 0.165 0.165 0.165 0.165 0.165 0.165 0.165 0.165 0.165 0.176 0.165 0.165 0.165 0.198 0.209
0.077 0.077 0.077 0.077 0.055 0.055 0.077 0.088 0.077 0.077 0.055 0.055 0.033 0.011 0.011 -0.011 -9999 -9999 -9999 -9999 -9999 -9999 -9999 -9999 -9999 -9999 -9999 -9999 -9999 -9999 -9999 -9999 -9999 -9999 -9999 -9999 -9999 -9999 -9999 -9999 -9999 -9999 -9999 -9999 -9999 -9999 -9999 -9999 -9999 -9999 -9999 -9999 -9999 -9999 -9999 -9999 -9999 -9999 0.077 0.121 0.121 0.143 0.165 0.165 0.165 0.165 0.165 0.165 0.165 0.165 0.187 0.187 0.165 0.165 0.165 0.187 0.209
0.088 0.099 0.066 0.055 0.088 0.099 0.088 0.077 -9999 -9999 0.066 0.066 0.055 0.011 0.011 -0.011 -9999 -9999 -9999 -9999 -9999 -9999 -9999 -9999 -9999 -9999 -9999 -9999 -9999 -9999 -9999 -9999 -9999 -9999 -9999 -9999 -9999 -9999 -9999 -9999 -9999 -9999 -9999 -9999 -9999 -9999 -9999 -9999 -9999 -9999 -9999 -9999 -9999 -9999 -9999 -9999 -9999 -9999 -9999 -9999 -9999 0.143 0.165 -9999 -9999 0.165 0.165 -9999 -9999 0.187 -9999 -9999 -9999 -9999 0.165 0.187 0.187
0.121 0.099 0.11 0.099 0.099 0.099 0.099 0.099 -9999 -9999 -9999 0.066 0.055 0.033 0.011 -9999 -9999 -9999 -9999 -9999 -9999 -9999 -9999 -9999 -9999 -9999 -9999 -9999 -9999 -9999 -9999 -9999 -9999 -9999 -9999 -9999 -9999 -9999 -9999 -9999 -9999 -9999 -9999 -9999 -9999 -9999 -9999 -9999 -9999 -9999 -9999 -9999 -9999 -9999 -9999 -9999 -9999 -9999 -9999 -9999 -9999 -9999 -9999 -9999 -9999 -9999 -9999 -9999 -9999 -9999 -9999 -9999 -9999 -9999 -9999 -9999 -9999
0.099 0.121 0.121 0.121 0.121 0.099 0.099 0.099 -9999 -9999 -9999 -9999 0.077 -9999 -9999 -9999 -9999 -9999 -9999 -9999 -9999 -9999 -9999 -9999 -9999 -9999 -9999 -9999 -9999 -9999 -9999 -9999 -9999 -9999 -9999 -9999 -9999 -9999 -9999 -9999 -9999 -9999 -9999 -9999 -9999 -9999 -9999 -9999 -9999 -9999 -9999 -9999 -9999 -9999 -9999 -9999 -9999 -9999 -9999 -9999 -9999 -9999 -9999 -9999 -9999 -9999 -9999 -9999 -9999 -9999 -9999 -9999 -9999 -9999 -9999 -9999 -9999
0.121 0.121 0.121 0.121 0.121 0.11 0.11 0.099 0.099 -9999 -9999 -9999 -9999 -9999 -9999 -9999 -9999 -9999 -9999 -9999 -9999 -9999 -9999 -9999 -9999 -9999 -9999 -9999 -9999 -9999 -9999 -9999 -9999 -9999 -9999 -9999 -9999 -9999 -9999 -9999 -9999 -9999 -9999 -9999 -9999 -9999 -9999 -9999 -9999 -9999 -9999 -9999 -9999 -9999 -9999 -9999 -9999 -9999 -9999 -9999 -9999 -9999 -9999 -9999 -9999 -9999 -9999 -9999 -9999 -9999 -9999 -9999 -9999 -9999 -9999 -9999 -9999
0.121 0.165 -9999 -9999 0.154 0.143 0.143 -9999 -9999 -9999 -9999 -9999 -9999 -9999 -9999 -9999 -9999 -9999 -9999 -9999 -9999 -9999 -9999 -9999 -9999 -9999 -9999 -9999 -9999 -9999 -9999 -9999 -9999 -9999 -9999 -9999 -9999 -9999 -9999 -9999 -9999 -9999 -9999 -9999 -9999 -9999 -9999 -9999 -9999 -9999 -9999 -9999 -9999 -9999 -9999 -9999 -9999 -9999 -9999 -9999 -9999 -9999 -9999 -9999 -9999 -9999 -9999 -9999 -9999 -9999 -9999 -9999 -9999 -9999 -9999 -9999 -9999
-9999 -9999 -9999 -9999 -9999 -9999 -9999 -9999 -9999 -9999 -9999 -9999 -9999 -9999 -9999 -9999 -9999 -9999 -9999 -9999 -9999 -9999 -9999 -9999 -9999 -9999 -9999 -9999 -9999 -9999 -9999 -9999 -9999 -9999 -9999 -9999 -9999 -9999 -9999 -9999 -9999 -9999 -9999 -9999 -9999 -9999 -9999 -9999 -9999 -9999 -9999 -9999 -9999 -9999 -9999 -9999 -9999 -9999 -9999 -9999 -9999 -9999 -9999 -9999 -9999 -9999 -9999 -9999 -9999 -9999 -9999 -9999 -9999 -9999 -9999 -9999 -9999
-9999 -9999 -9999 -9999 -9999 -9999 -9999 -9999 -9999 -9999 -9999 -9999 -9999 -9999 -9999 -9999 -9999 -9999 -9999 -9999 -9999 -9999 -9999 -9999 -9999 -9999 -9999 -9999 -9999 -9999 -9999 -9999 -9999 -9999 -9999 -9999 -9999 -9999 -9999 -9999 -9999 -9999 -9999 -9999 -9999 -9999 -9999 -9999 -9999 -9999 -9999 -9999 -9999 -9999 -9999 -9999 -9999 -9999 -9999 -9999 -9999 -9999 -9999 -9999 -9999 -9999 -9999 -9999 -9999 -9999 -9999 -9999 -9999 -9999 -9999 -9999 -9999
-9999 -9999 -9999 -9999 -9999 -9999 -9999 -9999 -9999 -9999 -9999 -9999 -9999 -9999 -9999 -9999 -9999 -9999 -9999 -9999 -9999 -9999 -9999 -9999 -9999 -9999 -9999 -9999 -9999 -9999 -9999 -9999 -9999 -9999 -9999 -9999 -9999 -9999 -9999 -9999 -9999 -9999 -9999 -9999 -9999 -9999 -9999 -9999 -9999 -9999 -9999 -9999 -9999 -9999 -9999 -9999 -9999 -9999 -9999 -9999 -9999 -9999 -9999 -9999 -9999 -9999 -9999 -9999 -9999 -9999 -9999 -9999 -9999 -9999 -9999 -9999 -9999
-9999 -9999 -9999 -9999 -9999 -9999 -9999 -9999 -9999 -9999 -9999 -9999 -9999 -9999 -9999 -9999 -9999 -9999 -9999 -9999 -9999 -9999 -9999 -9999 -9999 -9999 -9999 -9999 -9999 -9999 -9999 -9999 -9999 -9999 -9999 -9999 -9999 -9999 -9999 -9999 -9999 -9999 -9999 -9999 -9999 -9999 -9999 -9999 -9999 -9999 -9999 -9999 -9999 -9999 -9999 -9999 -9999 -9999 -9999 -9999 -9999 -9999 -9999 -9999 -9999 -9999 -9999 -9999 -9999 -9999 -9999 -9999 -9999 -9999 -9999 -9999 -9999
-9999 -9999 -9999 -9999 -9999 -9999 -9999 -9999 -9999 -9999 -9999 -9999 -9999 -9999 -9999 -9999 -9999 -9999 -9999 -9999 -9999 -9999 -9999 -9999 -9999 -9999 -9999 -9999 -9999 -9999 -9999 -9999 -9999 -9999 -9999 -9999 -9999 -9999 -9999 -9999 -9999 -9999 -9999 -9999 -9999 -9999 -9999 -9999 -9999 -9999 -9999 -9999 -9999 -9999 -9999 -9999 -9999 -9999 -9999 -9999 -9999 -9999 -9999 -9999 -9999 -9999 -9999 -9999 -9999 -9999 -9999 -9999 -9999 -9999 -9999 -9999 -9999
