data/derived/r_tau_prewi.asc
NCOLS 186 
NROWS 74 
XLLCORNER 443300.206538099 
YLLCORNER 4085841.77455235 
CELLSIZE 500 
NODATA_value -9999 
[rows 34 to 67 of 74, columns 77 to 153 of 186]
0.165 0.165 0.165 0.187 0.187 0.165 0.165 0.165 0.165 0.198 0.209 0.187 0.187 0.209 0.209 0.187 0.209 0.209 0.187 0.165 0.165 0.187 0.198 0.187 0.187 0.209 0.209 0.209 0.187 0.165 0.143 0.121 0.121 0.121 0.165 0.154 0.165 0.165 0.143 0.143 0.143 0.121 0.121 0.121 0.121 0.143 0.143 0.143 0.143 0.143 0.143 0.143 0.165 0.165 0.165 0.165 0.187 0.165 0.187 0.165 0.165 0.187 0.187 0.165 0.165 0.165 0.143 0.143 0.143 0.143 0.143 0.143 0.165 0.165 0.198 0.209 0.209
0.165 0.143 0.143 0.187 0.187 0.187 0.165 0.165 0.187 0.165 0.165 0.187 0.187 0.187 0.209 0.231 0.187 0.187 0.165 0.165 0.165 0.165 0.198 0.209 0.187 0.187 0.187 0.209 0.187 0.143 0.121 0.121 0.099 0.165 0.165 0.143 0.143 0.143 0.143 0.143 0.121 0.121 0.121 0.121 0.099 0.143 0.121 0.121 0.132 0.121 0.143 0.143 0.121 0.143 0.143 0.121 0.187 0.209 0.209 0.209 0.165 0.165 0.165 0.165 0.143 0.143 0.143 0.165 0.143 0.165 0.165 0.165 0.165 0.165 0.198 0.231 0.209
0.165 0.143 0.143 0.143 0.143 0.165 0.165 0.165 0.165 0.165 0.165 0.165 0.165 0.187 0.187 0.209 0.209 0.165 0.165 0.165 0.143 0.165 0.187 0.209 0.187 0.187 0.165 0.187 0.187 0.121 0.121 0.121 0.143 0.143 0.165 0.143 0.143 0.121 0.121 0.121 0.121 0.121 0.099 0.121 0.121 0.121 0.121 0.143 0.121 0.121 0.121 0.121 0.143 0.121 0.143 0.143 0.143 0.143 0.165 0.165 0.209 0.209 0.198 0.187 0.187 0.187 0.165 0.187 0.165 0.165 0.165 0.165 0.165 0.165 0.198 0.22 0.22
0.187 0.187 0.154 0.143 0.143 0.143 0.143 0.143 0.165 0.154 0.154 0.143 0.121 0.165 0.187 0.198 0.198 0.176 0.165 0.143 0.143 0.154 0.154 0.1705 0.187 0.154 0.154 0.132 0.132 0.132 0.143 0.165 0.143 0.143 0.121 0.121 0.1265 0.121 0.121 0.121 0.121 0.11 0.11 0.121 0.121 0.143 0.154 0.143 0.121 0.121 0.121 0.121 0.121 0.121 0.121 0.121 0.132 0.132 0.132 0.154 0.165 0.187 0.198 0.198 0.187 0.187 0.187 0.165 0.165 0.165 0.154 0.165 0.165 0.154 0.165 0.201666666666667 0.231
0.143 0.143 0.143 0.143 0.121 0.143 0.143 0.143 0.165 0.143 0.143 0.11 0.121 0.143 0.143 0.154 0.165 0.143 0.099 0.143 0.121 0.121 0.143 0.165 0.187 0.165 0.143 0.121 0.143 0.143 0.165 0.165 0.143 0.121 0.121 0.121 0.121 0.121 0.143 0.121 0.121 0.099 0.121 0.121 0.143 0.165 0.165 0.143 0.143 0.121 0.132 0.143 0.143 0.121 0.121 0.121 0.121 0.143 0.143 0.121 0.143 0.143 0.165 0.209 0.187 0.187 0.187 0.165 0.165 0.143 0.165 0.165 0.165 0.187 0.187 0.187 0.231
0.143 0.143 0.143 0.143 0.143 0.143 0.121 0.143 0.165 0.143 0.143 0.11 0.099 0.121 0.143 0.143 0.143 0.121 0.099 0.099 0.099 0.099 0.099 0.121 0.165 0.165 0.165 0.121 0.099 0.143 0.165 0.165 0.121 0.121 -9999 0.121 0.121 0.132 0.121 0.121 0.099 0.121 0.121 0.121 0.121 0.165 0.165 0.143 0.143 0.143 0.132 0.143 0.143 0.143 0.143 0.143 0.143 0.143 0.143 0.143 0.143 0.143 0.165 0.165 0.187 0.187 0.187 0.165 0.165 0.143 0.165 0.165 0.187 0.187 0.187 0.187 0.187
0.143 0.143 0.143 0.143 0.143 0.143 0.143 0.143 0.143 0.143 0.143 0.121 0.099 0.099 0.143 0.143 0.121 0.099 0.099 0.099 0.099 0.099 0.099 0.099 0.143 0.165 0.165 0.121 0.055 0.121 0.165 0.121 0.121 0.143 -9999 0.143 0.121 0.143 0.132 0.121 0.099 0.121 0.121 0.121 0.165 0.165 0.165 0.165 0.143 0.143 0.143 0.143 0.165 0.165 0.143 0.143 0.143 0.143 0.165 0.165 0.121 0.143 0.143 0.187 0.176 0.143 0.187 0.187 0.209 0.209 0.165 0.165 0.187 0.165 0.187 0.165 0.143
0.143 0.143 0.143 0.143 0.121 0.165 0.165 0.165 0.165 0.143 0.143 0.121 0.099 0.099 0.099 0.121 0.099 0.099 0.099 0.099 0.099 0.099 0.099 0.099 0.143 0.154 0.143 0.143 0.099 0.143 0.143 0.121 0.121 0.143 -9999 0.143 0.143 0.121 0.121 0.121 0.099 0.121 0.121 0.121 0.165 0.165 0.165 0.165 0.165 0.143 0.143 0.132 0.143 0.143 0.143 0.143 0.165 0.165 0.165 0.165 0.121 0.165 0.165 0.187 0.187 0.165 0.187 0.187 0.187 0.187 0.165 0.165 0.165 0.143 0.121 0.143 0.143
0.143 0.143 0.143 0.121 0.099 0.143 0.165 0.165 0.165 0.165 0.165 0.099 0.099 0.099 0.099 0.099 0.099 0.099 0.099 0.099 0.099 0.099 0.099 0.099 0.099 0.143 0.143 0.143 0.099 0.121 0.121 0.121 0.121 0.143 -9999 -9999 0.143 -9999 0.121 0.121 0.121 0.121 0.121 0.165 0.165 0.165 0.165 0.165 0.165 0.121 0.143 0.132 0.121 0.121 0.143 0.165 0.165 0.165 0.165 0.143 0.165 0.165 0.165 0.187 0.176 0.165 0.187 0.187 0.209 0.209 0.187 0.187 0.165 0.165 0.165 0.165 0.165
0.143 0.121 0.121 0.099 0.099 0.121 0.165 0.165 0.165 0.165 0.165 0.143 0.121 0.099 0.099 0.099 0.099 0.099 0.099 0.099 0.099 0.099 0.099 0.099 0.099 0.121 0.132 0.143 0.099 0.143 0.143 0.121 0.121 0.143 -9999 -9999 -9999 -9999 0.121 0.121 0.121 0.121 0.121 0.121 0.165 0.165 0.143 0.143 0.143 0.143 0.121 0.121 0.121 0.099 0.143 0.143 0.165 0.165 0.165 0.143 0.165 0.165 0.165 0.165 0.165 0.165 0.187 0.187 0.187 0.231 0.209 0.187 0.209 0.187 0.143 0.143 0.165
0.132 0.121 0.099 0.099 0.099 0.099 0.165 0.165 0.165 0.165 0.143 0.143 0.143 0.121 0.143 0.099 0.099 0.099 0.099 0.099 0.099 0.099 0.099 0.099 0.099 0.099 0.121 0.143 0.099 0.143 0.121 0.143 0.143 0.143 -9999 -9999 -9999 0.121 0.121 0.121 0.121 0.121 0.121 0.143 0.165 0.165 0.099 0.143 0.143 0.143 0.121 0.099 0.11 0.099 0.121 0.143 0.165 0.165 0.165 0.143 0.165 0.165 0.165 0.165 0.165 0.165 0.187 0.187 0.209 0.187 0.187 0.187 0.187 0.187 0.165 0.165 0.165
0.121 0.121 0.099 0.099 0.099 0.099 0.121 0.165 0.143 0.143 0.143 0.121 0.121 0.121 0.132 0.143 0.121 0.099 0.099 0.099 0.099 0.099 0.099 0.099 0.099 0.055 0.099 0.121 0.143 0.121 0.121 0.121 0.143 0.143 0.121 -9999 -9999 -9999 0.121 0.121 0.121 0.121 0.121 0.143 0.165 0.165 0.099 0.121 0.143 0.143 0.143 0.121 0.121 0.099 0.099 0.121 0.165 0.143 0.143 0.143 0.165 0.143 0.165 0.165 0.165 0.165 0.187 0.187 0.209 0.165 0.165 0.209 0.165 0.143 0.143 0.165 0.165
0.121 0.099 0.099 0.099 0.099 0.099 0.121 0.121 0.121 0.121 0.121 0.121 0.121 0.121 0.121 0.121 0.121 0.121 0.121 0.099 0.099 0.099 0.099 0.121 0.099 0.099 0.088 0.088 0.143 0.143 0.121 0.121 0.121 0.143 0.143 -9999 -9999 -9999 0.143 0.121 0.121 0.132 0.143 0.165 0.165 0.165 0.055 0.121 0.143 0.143 0.121 0.121 0.099 0.099 0.099 0.099 0.165 0.165 0.143 0.165 0.165 0.187 0.187 0.165 0.165 0.187 0.187 0.187 0.209 0.165 0.187 0.209 0.187 0.209 0.165 0.165 0.165
0.099 0.099 0.099 0.099 0.099 0.099 0.121 0.121 0.121 0.121 0.121 0.121 0.121 0.121 0.121 0.143 0.121 0.121 0.121 0.121 0.121 0.121 0.121 0.121 0.099 0.077 0.077 0.077 0.121 0.143 0.121 0.121 0.121 0.121 0.143 -9999 -9999 0.121 0.121 0.143 0.143 0.143 0.143 0.165 0.165 0.165 0.033 0.143 0.143 0.143 0.121 0.121 0.099 0.099 0.055 0.121 0.165 0.143 0.165 0.165 0.165 0.165 0.165 0.165 0.187 0.187 0.187 0.209 0.187 0.165 0.165 0.209 0.187 0.187 0.165 0.165 0.143
0.099 0.099 0.099 0.099 0.099 0.099 0.121 0.121 0.121 0.121 0.121 0.121 0.121 0.121 0.121 0.121 0.121 0.121 0.121 0.099 0.121 0.121 0.143 0.143 0.077 0.077 0.077 0.077 0.121 0.143 0.121 0.121 0.077 0.121 0.121 -9999 -9999 -9999 0.121 0.143 0.143 0.143 0.143 0.165 0.165 0.165 0.099 0.165 0.165 0.165 0.143 0.121 0.121 0.143 0.143 0.143 0.121 0.121 0.165 0.165 0.165 0.165 0.165 0.187 0.187 0.187 0.209 0.187 0.187 0.187 0.187 0.165 0.187 0.143 0.165 0.165 0.121
0.099 0.099 0.099 0.099 0.099 0.121 0.121 0.121 0.121 0.121 0.121 0.132 0.121 0.121 0.132 0.121 0.121 0.121 0.121 0.132 0.121 0.132 0.143 0.132 0.143 0.077 0.077 0.077 0.113666666666667 0.106333333333333 0.11 0.099 0.077 0.132 0.132 0.099 -9999 -9999 0.121 0.121 0.143 0.143 0.143 0.143 0.143 0.121 0.121 0.154 0.165 0.165 0.165 0.154 0.165 0.154 0.143 0.128333333333333 0.132 0.154 0.176 0.176 0.187 0.187 0.198 0.198 0.187 0.198 0.209 0.194333333333333 0.209 0.187 0.198 0.187 0.165 0.165 0.176 0.132 0.132
0.099 0.099 0.099 0.099 0.121 0.121 0.121 0.121 0.121 0.121 0.143 0.143 0.121 0.121 0.121 0.121 0.11 0.121 0.143 0.143 0.143 0.143 0.143 0.121 0.143 0.121 0.121 0.121 0.121 0.099 0.099 0.099 0.099 0.121 0.121 0.099 -9999 -9999 -9999 0.121 0.121 0.121 0.121 0.121 -9999 -9999 -9999 0.121 0.121 0.121 0.121 0.121 0.121 0.143 0.165 0.176 0.209 0.187 0.187 0.187 0.187 0.209 0.209 0.209 0.209 0.187 0.209 0.209 0.231 0.187 0.187 0.187 0.165 0.143 0.121 0.121 0.121
0.099 0.099 0.099 0.099 0.121 0.121 0.121 0.121 0.121 0.143 0.143 0.121 0.121 0.121 0.121 0.099 0.121 0.121 0.143 0.143 0.143 0.143 0.143 0.121 0.121 0.121 0.121 0.121 0.121 0.121 0.11 0.099 0.099 0.099 0.099 -9999 -9999 -9999 -9999 -9999 0.121 0.121 -9999 -9999 -9999 -9999 -9999 -9999 0.121 0.143 0.143 0.165 0.165 0.187 0.187 0.209 0.253 0.231 0.209 0.209 0.231 0.253 0.231 0.253 0.231 0.209 0.187 0.209 0.231 0.187 0.187 0.165 0.165 0.143 0.121 0.121 0.121
0.121 0.099 0.099 0.121 0.121 0.121 0.121 0.121 0.121 0.143 0.143 0.121 0.099 0.099 0.121 0.121 0.121 0.132 0.143 0.143 0.121 0.143 0.143 0.143 0.121 0.143 0.121 0.121 0.143 0.121 0.121 0.121 -9999 -9999 -9999 -9999 -9999 -9999 -9999 -9999 -9999 -9999 -9999 -9999 -9999 -9999 -9999 -9999 -9999 0.165 0.165 0.187 0.187 0.209 0.231 0.231 0.275 0.231 0.231 0.253 0.231 0.253 0.253 0.253 0.253 0.253 0.231 0.253 0.253 0.22 0.187 0.165 0.187 0.165 0.143 0.143 0.121
0.121 0.121 0.121 0.121 0.121 0.121 0.121 0.121 0.143 0.143 0.143 0.143 0.121 0.121 0.121 0.143 0.143 0.143 0.143 0.121 0.121 0.143 0.121 0.121 0.121 0.165 0.165 0.143 0.143 0.121 0.121 0.121 -9999 -9999 -9999 -9999 -9999 -9999 -9999 -9999 -9999 -9999 -9999 -9999 -9999 -9999 -9999 -9999 0.143 0.165 0.209 0.209 0.231 0.231 0.231 0.231 0.319 0.319 0.319 0.297 0.231 0.275 0.297 0.275 0.275 0.253 0.275 0.253 0.253 0.253 0.209 0.231 0.165 0.143 0.121 0.121 0.143
0.143 0.121 0.121 0.143 0.121 0.121 0.121 0.143 0.143 0.143 0.143 0.143 0.121 0.143 0.143 0.143 0.143 0.143 0.143 0.121 0.121 0.099 0.099 0.121 0.121 0.121 0.165 0.165 -9999 -9999 -9999 -9999 -9999 -9999 -9999 -9999 -9999 -9999 -9999 -9999 -9999 -9999 -9999 -9999 -9999 -9999 -9999 -9999 -9999 0.231 0.253 0.253 0.275 0.297 0.297 0.319 0.297 0.286 0.297 0.319 0.319 0.297 0.297 0.297 0.297 0.275 0.253 0.253 0.253 0.253 0.242 0.209 0.187 0.165 0.121 0.121 0.143
0.143 0.121 0.121 0.165 0.143 0.121 0.143 0.143 0.143 0.143 0.143 0.143 0.143 0.143 0.143 0.143 0.099 0.099 0.121 0.121 0.121 -9999 -9999 0.121 0.121 -9999 0.143 0.165 -9999 -9999 -9999 -9999 -9999 -9999 -9999 -9999 -9999 -9999 -9999 -9999 -9999 -9999 -9999 -9999 -9999 -9999 -9999 -9999 -9999 -9999 0.275 0.297 0.297 0.297 0.275 0.275 0.275 0.264 0.297 0.297 0.275 0.275 0.275 0.253 0.253 0.253 0.253 0.253 0.253 0.253 0.22 0.209 0.231 0.165 0.121 0.121 0.143
0.165 0.121 0.099 0.121 0.165 0.143 0.143 0.143 0.143 0.121 0.121 0.121 0.121 0.121 0.099 0.099 0.121 0.121 -9999 0.121 -9999 -9999 -9999 0.121 -9999 -9999 -9999 -9999 -9999 -9999 -9999 -9999 -9999 -9999 -9999 -9999 -9999 -9999 -9999 -9999 -9999 -9999 -9999 -9999 -9999 -9999 -9999 -9999 -9999 -9999 -9999 -9999 -9999 -9999 -9999 -9999 -9999 -9999 0.275 0.275 0.275 0.253 0.253 0.275 0.253 0.253 0.253 0.253 0.253 0.253 0.253 0.2145 0.187 0.165 0.143 0.121 0.143
0.165 0.121 0.099 0.099 0.121 0.143 0.154 0.143 0.143 0.121 0.121 0.121 0.121 0.121 0.099 0.121 -9999 -9999 -9999 -9999 -9999 -9999 -9999 -9999 -9999 -9999 -9999 -9999 -9999 -9999 -9999 -9999 -9999 -9999 -9999 -9999 -9999 -9999 -9999 -9999 -9999 -9999 -9999 -9999 -9999 -9999 -9999 -9999 -9999 -9999 -9999 -9999 -9999 -9999 -9999 -9999 -9999 -9999 0.253 0.253 0.253 0.253 0.253 0.253 0.253 0.253 0.253 0.253 0.253 0.253 0.253 0.209 0.209 0.165 0.165 0.165 0.121
0.143 0.121 0.121 0.099 0.121 0.143 0.143 0.143 -9999 -9999 0.121 0.121 0.121 0.099 0.099 0.121 -9999 -9999 -9999 -9999 -9999 -9999 -9999 -9999 -9999 -9999 -9999 -9999 -9999 -9999 -9999 -9999 -9999 -9999 -9999 -9999 -9999 -9999 -9999 -9999 -9999 -9999 -9999 -9999 -9999 -9999 -9999 -9999 -9999 -9999 -9999 -9999 -9999 -9999 -9999 -9999 -9999 -9999 -9999 -9999 -9999 0.253 0.253 -9999 -9999 0.253 0.253 -9999 -9999 0.253 -9999 -9999 -9999 -9999 0.165 0.143 0.165
0.165 0.121 0.121 0.099 0.099 0.143 0.143 0.143 -9999 -9999 -9999 0.121 0.099 0.121 0.121 -9999 -9999 -9999 -9999 -9999 -9999 -9999 -9999 -9999 -9999 -9999 -9999 -9999 -9999 -9999 -9999 -9999 -9999 -9999 -9999 -9999 -9999 -9999 -9999 -9999 -9999 -9999 -9999 -9999 -9999 -9999 -9999 -9999 -9999 -9999 -9999 -9999 -9999 -9999 -9999 -9999 -9999 -9999 -9999 -9999 -9999 -9999 -9999 -9999 -9999 -9999 -9999 -9999 -9999 -9999 -9999 -9999 -9999 -9999 -9999 -9999 -9999
0.121 0.121 0.121 0.099 0.099 0.143 0.143 0.132 -9999 -9999 -9999 -9999 0.121 -9999 -9999 -9999 -9999 -9999 -9999 -9999 -9999 -9999 -9999 -9999 -9999 -9999 -9999 -9999 -9999 -9999 -9999 -9999 -9999 -9999 -9999 -9999 -9999 -9999 -9999 -9999 -9999 -9999 -9999 -9999 -9999 -9999 -9999 -9999 -9999 -9999 -9999 -9999 -9999 -9999 -9999 -9999 -9999 -9999 -9999 -9999 -9999 -9999 -9999 -9999 -9999 -9999 -9999 -9999 -9999 -9999 -9999 -9999 -9999 -9999 -9999 -9999 -9999
0.132 0.121 0.099 0.099 0.099 0.143 0.143 0.143 0.121 -9999 -9999 -9999 -9999 -9999 -9999 -9999 -9999 -9999 -9999 -9999 -9999 -9999 -9999 -9999 -9999 -9999 -9999 -9999 -9999 -9999 -9999 -9999 -9999 -9999 -9999 -9999 -9999 -9999 -9999 -9999 -9999 -9999 -9999 -9999 -9999 -9999 -9999 -9999 -9999 -9999 -9999 -9999 -9999 -9999 -9999 -9999 -9999 -9999 -9999 -9999 -9999 -9999 -9999 -9999 -9999 -9999 -9999 -9999 -9999 -9999 -9999 -9999 -9999 -9999 -9999 -9999 -9999
0.143 0.121 -9999 -9999 0.121 0.121 0.121 -9999 -9999 -9999 -9999 -9999 -9999 -9999 -9999 -9999 -9999 -9999 -9999 -9999 -9999 -9999 -9999 -9999 -9999 -9999 -9999 -9999 -9999 -9999 -9999 -9999 -9999 -9999 -9999 -9999 -9999 -9999 -9999 -9999 -9999 -9999 -9999 -9999 -9999 -9999 -9999 -9999 -9999 -9999 -9999 -9999 -9999 -9999 -9999 -9999 -9999 -9999 -9999 -9999 -9999 -9999 -9999 -9999 -9999 -9999 -9999 -9999 -9999 -9999 -9999 -9999 -9999 -9999 -9999 -9999 -9999
-9999 -9999 -9999 -9999 -9999 -9999 -9999 -9999 -9999 -9999 -9999 -9999 -9999 -9999 -9999 -9999 -9999 -9999 -9999 -9999 -9999 -9999 -9999 -9999 -9999 -9999 -9999 -9999 -9999 -9999 -9999 -9999 -9999 -9999 -9999 -9999 -9999 -9999 -9999 -9999 -9999 -9999 -9999 -9999 -9999 -9999 -9999 -9999 -9999 -9999 -9999 -9999 -9999 -9999 -9999 -9999 -9999 -9999 -9999 -9999 -9999 -9999 -9999 -9999 -9999 -9999 -9999 -9999 -9999 -9999 -9999 -9999 -9999 -9999 -9999 -9999 -9999
-9999 -9999 -9999 -9999 -9999 -9999 -9999 -9999 -9999 -9999 -9999 -9999 -9999 -9999 -9999 -9999 -9999 -9999 -9999 -9999 -9999 -9999 -9999 -9999 -9999 -9999 -9999 -9999 -9999 -9999 -9999 -9999 -9999 -9999 -9999 -9999 -9999 -9999 -9999 -9999 -9999 -9999 -9999 -9999 -9999 -9999 -9999 -9999 -9999 -9999 -9999 -9999 -9999 -9999 -9999 -9999 -9999 -9999 -9999 -9999 -9999 -9999 -9999 -9999 -9999 -9999 -9999 -9999 -9999 -9999 -9999 -9999 -9999 -9999 -9999 -9999 -9999
-9999 -9999 -9999 -9999 -9999 -9999 -9999 -9999 -9999 -9999 -9999 -9999 -9999 -9999 -9999 -9999 -9999 -9999 -9999 -9999 -9999 -9999 -9999 -9999 -9999 -9999 -9999 -9999 -9999 -9999 -9999 -9999 -9999 -9999 -9999 -9999 -9999 -9999 -9999 -9999 -9999 -9999 -9999 -9999 -9999 -9999 -9999 -9999 -9999 -9999 -9999 -9999 -9999 -9999 -9999 -9999 -9999 -9999 -9999 -9999 -9999 -9999 -9999 -9999 -9999 -9999 -9999 -9999 -9999 -9999 -9999 -9999 -9999 -9999 -9999 -9999 -9999
-9999 -9999 -9999 -9999 -9999 -9999 -9999 -9999 -9999 -9999 -9999 -9999 -9999 -9999 -9999 -9999 -9999 -9999 -9999 -9999 -9999 -9999 -9999 -9999 -9999 -9999 -9999 -9999 -9999 -9999 -9999 -9999 -9999 -9999 -9999 -9999 -9999 -9999 -9999 -9999 -9999 -9999 -9999 -9999 -9999 -9999 -9999 -9999 -9999 -9999 -9999 -9999 -9999 -9999 -9999 -9999 -9999 -9999 -9999 -9999 -9999 -9999 -9999 -9999 -9999 -9999 -9999 -9999 -9999 -9999 -9999 -9999 -9999 -9999 -9999 -9999 -9999
-9999 -9999 -9999 -9999 -9999 -9999 -9999 -9999 -9999 -9999 -9999 -9999 -9999 -9999 -9999 -9999 -9999 -9999 -9999 -9999 -9999 -9999 -9999 -9999 -9999 -9999 -9999 -9999 -9999 -9999 -9999 -9999 -9999 -9999 -9999 -9999 -9999 -9999 -9999 -9999 -9999 -9999 -9999 -9999 -9999 -9999 -9999 -9999 -9999 -9999 -9999 -9999 -9999 -9999 -9999 -9999 -9999 -9999 -9999 -9999 -9999 -9999 -9999 -9999 -9999 -9999 -9999 -9999 -9999 -9999 -9999 -9999 -9999 -9999 -9999 -9999 -9999
