data/derived/r_tau_scod.asc
NCOLS 186 
NROWS 74 
XLLCORNER 443300.206538099 
YLLCORNER 4085841.77455235 
CELLSIZE 500 
NODATA_value -9999 
[rows 34 to 67 of 74, columns 76 to 151 of 186]
0.022 -0.198 -0.055 -0.077 -0.055 -0.033 -0.154 -0.154 -0.033 0.066 -0.143 -0.22 -0.242 -0.176 -0.088 -0.022 0.011 -0.066 -0.066 -0.187 -0.055 0.209 0.209 0.088 0.176 0.143 -0.066 -0.066 0.077 -0.011 -0.011 0.088 0.231 0.187 0.121 -0.044 -0.0275 -0.077 -0.209 -0.121 -0.11 -0.088 0.077 0.077 0.132 0.132 -0.099 0.055 0.165 0.22 0.297 0.187 0.209 -0.077 -0.165 0.088 0.209 0.22 0.22 0.077 0.165 0.297 0.1045 0.143 0.121 0.231 0.209 0.264 0.231 0.209 0.154 0.286 0.319 0.231 0.407 0.429
0.066 -0.077 -0.044 0.099 -0.132 -0.198 -0.176 -0.176 -0.11 0.22 -0.0495 -0.264 -0.264 -0.264 -0.209 -0.187 -0.077 -0.143 -0.011 -0.11 -0.033 0.198 0.099 0.1045 -0.044 0.121 0.099 0.11 0.165 0.22 0.187 -0.044 0.077 0.121 0.242 0.055 -0.044 -0.044 -0.022 -0.121 -0.077 0.077 0.055 0.198 0.242 0.143 0.044 0.011 0 0.099 0.154 0.242 0.319 0.187 -0.11 -0.033 0.11 0.231 0 0.077 0.22 0.319 0.143 0.132 0.154 0.319 0.429 0.385 0.33 0.363 0 0.176 0.396 0.363 0.396 0.451
-0.165 -0.022 -0.055 -0.198 -0.143 -0.132 -0.176 -0.176 -0.055 0.242 0.11 -0.0715 -0.198 -0.22 -0.264 -0.121 -0.121 -0.165 -0.044 -0.099 0.209 0.143 0.099 0.11 0.11 -0.066 0.077 0.055 0.176 0.176 0.066 0.132 0.187 0.286 0.319 0.264 0.242 0.165 0.11 -0.033 0.11 0.176 0.011 0.143 0.275 0.22 0.176 0.143 0.209 0.033 0.011 -0.132 0.011 -0.055 -0.143 -0.077 -0.077 -0.077 -0.11 -0.11 0.165 0.165 0.297 0.2915 0.341 0.22 0.352 0.275 0.198 -0.033 0 0.066 0.165 0.33 0.44 0.44
-0.121 -0.044 -0.132 -0.1265 -0.132 -0.0605 -0.1155 -0.033 -0.099 -0.099 -0.1595 -0.16775 -0.231 -0.187 -0.1485 -0.2035 -0.176 -0.264 -0.0495 -0.1485 0.1045 0.0825 0.077 0.1485 0.12925 0.1265 0.1815 0.198 0.198 0.176 0.1485 0.143 0.2915 0.3135 0.242 0.099 0.1045 0.13475 0.143 0.0715 -0.055 0.022 0.11 0.1815 0.2695 0.2695 0.4395 0.3465 0.363 0.1925 0.21175 -0.044 0.1485 0.1595 0.1155 0.0825 0.1265 0.154 0.176 0.011 0.0605 0.1265 -0.033 0.08525 0.1925 0.165 0.231 0.132 0.187 0.231 0.22 0.2365 0.22 0.0715 0.1595 0.2805
-0.165 -0.165 -0.132 -0.132 -0.198 -0.055 -0.055 -0.033 -0.143 -0.22 -0.22 -0.231 -0.088 -0.088 -0.209 -0.143 -0.231 -0.055 0 -0.055 0.11 0.264 0.198 0.154 0.022 0.022 -0.055 0.143 0.154 0.253 0.264 0.176 0.22 0.187 0.341 0.209 0.077 0.121 0.1375 0.077 0.11 0.066 0.088 0.198 0.473 0.231 0.418 0.385 0.341 0.308 0.297 0.363 0.275 0.209 0.209 0.264 0.187 0.341 0.198 0.308 0.264 0.275 0.308 0.198 0.165 0.165 0.22 0.187 0.209 0.198 0.154 0.143 0.176 0.198 0.165 0.407
-0.165 -0.176 -0.088 -0.011 -0.132 -0.033 -0.033 -0.198 -0.22 -0.187 -0.165 -0.121 0.066 -0.011 -0.176 -0.066 -0.066 -0.055 -0.011 -0.044 0.132 0.209 0.231 0.341 0.077 0.11 0.154 0.143 0.165 0.253 0.264 0.187 0.176 0.264 0.319 -9999 0.242 0.352 0.0385 0.319 0.132 0.011 -0.011 0.143 0.374 0.308 0.275 0.374 0.44 0.198 0.341 0.385 0.286 0.22 0.143 0.154 0.275 0.286 0.286 0.363 0.374 0.275 0.33 0.275 0.154 0.165 0.22 0.154 0.242 0.176 0.198 0.154 0.11 0.429 0.396 0.407
-0.0385 -0.154 -0.077 0.022 -0.011 -0.088 -0.11 -0.11 -0.231 -0.231 -0.121 -0.121 0.209 0.297 0.231 -0.044 -0.044 -0.044 0.231 0.22 0.209 0.231 0.253 0.253 0.121 -0.022 0.099 0.11 0.176 0.242 0.319 0.308 0.165 0.154 0.231 -9999 0.407 0.198 0.132 0.2365 0.264 0.231 0.154 -0.022 0.022 0.22 0.209 0.22 0.516 0.385 0.209 0.209 0.418 0.418 0.165 0.154 0.253 0.374 0.165 0.055 0.099 0.275 0.363 0.297 0.242 0.22 0.308 0.341 0.385 0.341 0.297 0.33 0.209 0.286 0.396 0.187
-0.1045 -0.11 0.011 0.044 0.011 0.011 0.121 -0.044 -0.176 -0.22 -0.165 0.011 0.011 0.1925 0.308 0.11 -0.044 -0.044 0.209 0.209 0.209 0.297 0.407 0.385 0.341 0.11 0.11 0.11 0.11 0.132 0.132 0.209 0.198 0.165 0.176 -9999 0.055 0.099 -0.055 -0.121 0.066 0.187 0.264 0.418 0.418 0.275 0.11 0.11 0.22 0.604 0.308 0.264 0.352 0.352 0.253 0.286 0.22 0.363 0.319 0.209 0.209 0.516 0.319 0.429 0.374 0.2915 0.286 0.352 0.33 0.374 0.505 0.407 0.176 -0.011 0.022 0.077
-0.154 -0.033 -0.011 0.011 -0.066 0.077 0.011 -0.044 -0.011 -0.121 -0.033 0.011 0.209 0.253 0.275 0.275 0.264 0.209 0.297 0.297 0.297 0.209 0.374 0.33 0.132 0.319 0.231 0.165 0.242 0.154 0.209 0.066 0.044 0.22 0.242 -9999 -9999 0.11 -9999 -0.176 0.044 0.253 0.22 0.286 0.418 0.143 0.143 0.011 0.055 0.198 0.582 0.418 0.429 0.407 0.187 0.319 0.484 0.132 0.396 0.165 0.505 0.516 0.22 0.187 0.231 0.242 0.319 0.396 0.385 0.473 0.473 0.407 0.451 0.516 0.143 -0.077
-0.176 0 -0.154 -0.132 0.286 0.209 0.121 0 -0.033 -0.011 -0.176 -0.121 -0.099 0.176 0.2365 0.319 0.275 0.297 0.231 0.209 0.264 0.407 0.407 0.396 0.253 0.132 0.055 0.121 0.044 0.308 0.352 0.396 0.154 0.253 0.176 -9999 -9999 -9999 -9999 0.275 0.385 0.165 0.176 0.33 0.374 0.165 0.077 0.055 0.055 0.198 0.615 0.429 0.418 0.396 0.286 0.275 0.33 0.055 0.055 0.11 0.33 0.527 0.319 0.319 0.429 0.253 0.308 0.286 0.473 0.44 0.462 0.275 0.451 0.418 0.44 0.308
-0.176 -0.154 -0.132 0.044 0.22 0.176 0.176 0.077 0.077 -0.033 0.143 -0.121 0.176 0.22 0.2585 0.341 0.352 0.352 0.308 0.462 0.484 0.473 0.319 0.187 0.154 0.121 0.077 0 0.11 0.077 0.176 0.352 0.462 0.495 0.308 -9999 -9999 -9999 0.242 0.165 0.396 0.275 0.33 0.165 0.374 0.297 0.11 0.066 0.088 0.44 0.549 0.352 0.352 0.4125 0.308 0.121 0.165 0.066 0.275 0.264 0.132 -0.022 0.154 0.154 0.341 0.385 0.3025 0.154 0.473 0.308 0.275 0.275 0.418 0.396 0.451 0.407
-0.176 -0.132 0.0495 0.286 0.33 0.308 0.209 0.066 0.165 0.143 0.121 0.143 0.198 0.143 -0.088 0.253 0.253 0.319 0.33 0.462 0.429 0.462 0.198 0.044 -0.143 0.132 0.165 0.264 0.0935 0.055 0.143 0.264 0.176 0.374 0.231 0.121 -9999 -9999 -9999 0.33 0.396 0.412 0.176 0.055 0.066 0.099 0.088 0.154 0.132 0.385 0.33 0.429 0.396 0.396 0.2035 0.264 0.297 0.33 0.176 0.187 0.066 0.099 0.22 0.297 0.451 0.451 0.505 0.3795 0.385 0.396 0.363 0.264 0.264 0.44 0.319 0.429
-0.121 0.099 0.154 0.253 0.363 0.407 0.451 0.176 0.132 0.154 0.187 0.132 0.165 0.077 -0.011 0.3575 0.132 -0.033 -0.033 0.11 0.385 0.264 0.242 0.099 0.055 0.044 0.044 0.209 0.275 0.033 0.231 0.242 0.308 0.187 0.187 0.176 -9999 -9999 -9999 0.121 0.231 0.1705 0.198 0.055 0.121 0.11 0.044 0.044 0.088 0.319 0.242 0.242 0.22 0.352 0.11 0.352 0.198 0.352 0.418 0.505 0.462 0.165 0.363 0.187 0.495 0.363 0.308 0.2475 0.462 0.264 0.011 0.11 0.176 0.176 0.187 -0.088
-0.055 0.253 0.33 0.308 0.396 0.451 0.407 0.418 0.22 0.286 0.044 0.077 0.154 -0.11 0.132 0.418 0.2145 -0.088 0.209 0.242 0.066 0.121 -0.033 -0.121 0.308 0.275 0.44 0.374 0.33 0.286 0.231 0.297 0.11 0.253 -0.033 0.165 -9999 -9999 0.209 0.132 0.165 0.011 0.209 0.209 0.121 0.143 0.077 0.077 0.11 0.022 0.385 0.264 0.286 0.407 0.2035 0.33 0.198 0.198 0.374 0.352 0.396 0.275 0.341 0.132 0.297 0.165 0.121 0.2475 0.264 0.154 0.066 0.099 0.187 0.253 0.055 -0.099
-0.11 0.176 0.198 0.1265 0.396 0.143 0.385 0.264 0.209 0.044 0.033 0.187 0.297 0.297 0.099 0.407 0.2585 -0.077 0.22 0.132 0.143 0.077 0.033 -0.088 -0.176 -0.132 0.165 0.231 0.341 0.3465 -0.143 0.121 0.385 0.121 0.242 0.066 -9999 -9999 -9999 0.154 -0.088 0 -0.0275 -0.198 0.209 0.187 0.187 0.066 0.209 0.374 0.176 0.198 0.231 0.275 0.407 0.253 0.341 0.352 0.286 0.165 0.088 0.242 0.44 0.143 0.066 0.066 0.077 -0.033 0.1045 -0.11 -0.11 0.077 -0.088 -0.088 -0.066 -0.429
0.0385 0.1265 0.2145 -0.00366666666666667 0.088 0.154 0.0825 0.1705 0.2035 0.1815 0.176 0.253 0.176 0.0055 0.242 0.2365 0.165 0.044 0.088 0.231 0.0715 0.011 0.0165 0.2035 0.1595 0.0275 0.3245 -0.0935 -0.077 0.253 -0.0256666666666667 0.209 0.319 0.1485 0.3905 0.1485 0.209 -9999 -9999 0.1375 0.0715 0.1485 -0.0953333333333333 0.033 0.055 0.187 0.187 0.264 0.2475 0.396 0.308 0.154 0.154 0.0935 0.3245 0.363 0.374 0.1925 0.231 0.1815 0.1595 0.1705 0.088 0.077 0.044 -0.1155 0.0605 0.2475 0.0733333333333333 -0.033 -0.0605 -0.187 -0.1815 -0.143 -0.1705 -0.11
0.088 0.187 0.286 0.451 0.099 0.242 0.319 0.231 0.242 0.429 0.099 0.121 0.154 -0.044 0.297 0.154 0 0.0935 0.275 0.088 0.121 -0.033 -0.176 0.011 0.143 -0.209 0.143 0.473 0.231 0.286 0.1045 0.099 0.055 0.143 -0.121 -0.022 0.066 -9999 -9999 -9999 -0.275 0.176 0.176 0.11 0.176 -9999 -9999 -9999 -0.055 -0.066 0.077 0.143 0.099 -0.055 -0.099 0.242 0.4235 0.22 0.231 0.231 0.066 0.055 0.088 0.22 0.077 -0.121 -0.099 0.055 0.077 -0.055 -0.088 -0.154 -0.154 -0.066 0.033 0.033
0.033 0.242 0.209 0.396 0.44 0.121 0.264 0.275 0.253 0.121 0.11 0.011 -0.066 0.275 0.165 0.121 0.088 0.363 0.297 0.132 -0.044 0.264 0.407 0.264 0.286 -0.187 0.033 -0.088 -0.077 0.033 0.132 0.0825 -0.066 0.121 0.176 0.165 -9999 -9999 -9999 -9999 -9999 0.176 -0.121 -9999 -9999 -9999 -9999 -9999 -9999 -0.066 0.077 -0.055 -0.055 -0.11 0.066 0.187 0.077 0.2145 0.242 0.187 0.132 0.033 0.055 0.033 -0.077 0.088 0.088 -0.088 0.044 -0.1375 -0.099 0.011 0.011 0.088 -0.011 -0.154
0.088 0.143 0.209 0.363 0.527 0.1815 0.011 0.077 0.44 0.11 0.33 0.132 0.231 0.308 0.011 0.11 0.165 0.165 0.2035 0.033 0.099 0.099 0.11 0.176 0.077 -0.033 -0.022 -0.154 -0.121 -0.022 -0.022 -0.2035 0.055 -9999 -9999 -9999 -9999 -9999 -9999 -9999 -9999 -9999 -9999 -9999 -9999 -9999 -9999 -9999 -9999 -9999 0.077 0.088 -0.044 0.033 0 0.165 -0.11 -0.011 -0.077 0.176 -0.143 0.187 0.077 0.066 0.352 0.297 -0.033 -0.055 -0.121 0.022 0.0715 0.011 0.088 0.088 -0.055 -0.055
0.066 0.286 0.264 0.352 0.429 0.3245 0.055 0.044 0.242 0.154 0.011 0.176 0.132 0.143 0.066 0.253 0.22 0.176 0.209 0.11 -0.077 -0.077 -0.077 -0.22 -0.154 0.165 0.077 -0.022 -0.121 -0.088 -0.253 -0.0715 0.165 -9999 -9999 -9999 -9999 -9999 -9999 -9999 -9999 -9999 -9999 -9999 -9999 -9999 -9999 -9999 -9999 0.011 0.088 0.011 -0.209 0 -0.044 -0.066 -0.011 0.088 -0.077 -0.132 -0.055 -0.055 0.066 0 0.055 0.033 0.11 0.055 0.055 -0.022 0.0275 -0.121 0 -0.044 -0.154 -0.11
0.022 0.352 0.253 0.176 0.132 0.231 0.165 0.231 0.099 0.429 0.198 0.176 0.319 0.11 0.505 0.385 0.11 0.11 0.088 0.088 0.132 -0.022 0.066 0.066 0.121 0.121 0.121 0.121 -0.011 -9999 -9999 -9999 -9999 -9999 -9999 -9999 -9999 -9999 -9999 -9999 -9999 -9999 -9999 -9999 -9999 -9999 -9999 -9999 -9999 -9999 -0.055 0.121 0.011 0.165 0.077 0.044 0 0 -0.044 0.176 0.033 0.088 0.187 0.187 0.055 0.11 0.275 0.055 -0.022 0.011 0.011 -0.0605 -0.055 -0.077 -0.055 -0.044
0.022 0.319 0.275 0.187 0.198 0.275 0.3355 0.396 0.44 0.407 0.286 -0.088 0.22 0.385 0.319 0.187 0.011 0.011 -0.077 -0.0055 0.066 0.011 -9999 -9999 0 0.198 -9999 0 -0.099 -9999 -9999 -9999 -9999 -9999 -9999 -9999 -9999 -9999 -9999 -9999 -9999 -9999 -9999 -9999 -9999 -9999 -9999 -9999 -9999 -9999 -9999 -0.077 -0.077 0.055 0.066 0.066 -0.154 -0.154 -0.088 0.088 0.11 0.088 0.055 -0.022 -0.121 0.132 -0.022 -0.154 -0.022 -0.033 -0.033 -0.154 -0.154 -0.077 -0.077 -0.154
0.121 0.319 0.374 0.505 0.341 0.429 0.209 0.22 0.055 0.319 0.165 -0.143 -0.11 0.022 0.011 -0.044 -0.187 -0.099 0.022 -9999 0.044 -9999 -9999 -9999 0.044 -9999 -9999 -9999 -9999 -9999 -9999 -9999 -9999 -9999 -9999 -9999 -9999 -9999 -9999 -9999 -9999 -9999 -9999 -9999 -9999 -9999 -9999 -9999 -9999 -9999 -9999 -9999 -9999 -9999 -9999 -9999 -9999 -9999 -9999 -0.022 -0.022 -0.022 -0.088 -0.154 -0.055 -0.022 -0.066 -0.154 -0.033 -0.033 -0.033 -0.154 -0.077 -0.077 0.011 -0.055
0.297 0.286 0.286 -0.11 -0.209 -0.022 0.143 0.264 0.187 0.198 -0.143 -0.143 -0.143 -0.044 -0.209 -0.143 -0.209 -9999 -9999 -9999 -9999 -9999 -9999 -9999 -9999 -9999 -9999 -9999 -9999 -9999 -9999 -9999 -9999 -9999 -9999 -9999 -9999 -9999 -9999 -9999 -9999 -9999 -9999 -9999 -9999 -9999 -9999 -9999 -9999 -9999 -9999 -9999 -9999 -9999 -9999 -9999 -9999 -9999 -9999 -0.154 -0.154 -0.154 -0.154 -0.154 -0.077 -0.066 -0.154 -0.154 -0.154 -0.154 -0.154 -0.077 -0.033 0.011 0.011 0.011
0.319 0.286 0.198 0.275 -0.209 -0.209 0.088 -0.077 -0.352 -9999 -9999 0.099 -0.077 -0.077 -0.077 0.011 -0.055 -9999 -9999 -9999 -9999 -9999 -9999 -9999 -9999 -9999 -9999 -9999 -9999 -9999 -9999 -9999 -9999 -9999 -9999 -9999 -9999 -9999 -9999 -9999 -9999 -9999 -9999 -9999 -9999 -9999 -9999 -9999 -9999 -9999 -9999 -9999 -9999 -9999 -9999 -9999 -9999 -9999 -9999 -9999 -9999 -9999 -0.165 -0.154 -9999 -9999 -0.055 -0.055 -9999 -9999 -0.055 -9999 -9999 -9999 -9999 -0.099
0.077 0.132 0.209 0.198 -0.066 -0.022 -0.022 0.055 -0.2035 -9999 -9999 -9999 0.011 0.011 -0.011 -0.022 -9999 -9999 -9999 -9999 -9999 -9999 -9999 -9999 -9999 -9999 -9999 -9999 -9999 -9999 -9999 -9999 -9999 -9999 -9999 -9999 -9999 -9999 -9999 -9999 -9999 -9999 -9999 -9999 -9999 -9999 -9999 -9999 -9999 -9999 -9999 -9999 -9999 -9999 -9999 -9999 -9999 -9999 -9999 -9999 -9999 -9999 -9999 -9999 -9999 -9999 -9999 -9999 -9999 -9999 -9999 -9999 -9999 -9999 -9999 -9999
0.253 0.198 0.209 0.11 -0.077 -0.143 0.165 0.209 0.022 -9999 -9999 -9999 -9999 0 -9999 -9999 -9999 -9999 -9999 -9999 -9999 -9999 -9999 -9999 -9999 -9999 -9999 -9999 -9999 -9999 -9999 -9999 -9999 -9999 -9999 -9999 -9999 -9999 -9999 -9999 -9999 -9999 -9999 -9999 -9999 -9999 -9999 -9999 -9999 -9999 -9999 -9999 -9999 -9999 -9999 -9999 -9999 -9999 -9999 -9999 -9999 -9999 -9999 -9999 -9999 -9999 -9999 -9999 -9999 -9999 -9999 -9999 -9999 -9999 -9999 -9999
0.22 0.1485 0.055 0.1925 0.011 -0.0055 0.2585 0.275 0.044 0.0385 -9999 -9999 -9999 -9999 -9999 -9999 -9999 -9999 -9999 -9999 -9999 -9999 -9999 -9999 -9999 -9999 -9999 -9999 -9999 -9999 -9999 -9999 -9999 -9999 -9999 -9999 -9999 -9999 -9999 -9999 -9999 -9999 -9999 -9999 -9999 -9999 -9999 -9999 -9999 -9999 -9999 -9999 -9999 -9999 -9999 -9999 -9999 -9999 -9999 -9999 -9999 -9999 -9999 -9999 -9999 -9999 -9999 -9999 -9999 -9999 -9999 -9999 -9999 -9999 -9999 -9999
0.308 0.308 0.242 -9999 -9999 -0.154 0.242 0.209 -9999 -9999 -9999 -9999 -9999 -9999 -9999 -9999 -9999 -9999 -9999 -9999 -9999 -9999 -9999 -9999 -9999 -9999 -9999 -9999 -9999 -9999 -9999 -9999 -9999 -9999 -9999 -9999 -9999 -9999 -9999 -9999 -9999 -9999 -9999 -9999 -9999 -9999 -9999 -9999 -9999 -9999 -9999 -9999 -9999 -9999 -9999 -9999 -9999 -9999 -9999 -9999 -9999 -9999 -9999 -9999 -9999 -9999 -9999 -9999 -9999 -9999 -9999 -9999 -9999 -9999 -9999 -9999
0.088 -9999 -9999 -9999 -9999 -9999 -9999 -9999 -9999 -9999 -9999 -9999 -9999 -9999 -9999 -9999 -9999 -9999 -9999 -9999 -9999 -9999 -9999 -9999 -9999 -9999 -9999 -9999 -9999 -9999 -9999 -9999 -9999 -9999 -9999 -9999 -9999 -9999 -9999 -9999 -9999 -9999 -9999 -9999 -9999 -9999 -9999 -9999 -9999 -9999 -9999 -9999 -9999 -9999 -9999 -9999 -9999 -9999 -9999 -9999 -9999 -9999 -9999 -9999 -9999 -9999 -9999 -9999 -9999 -9999 -9999 -9999 -9999 -9999 -9999 -9999
-9999 -9999 -9999 -9999 -9999 -9999 -9999 -9999 -9999 -9999 -9999 -9999 -9999 -9999 -9999 -9999 -9999 -9999 -9999 -9999 -9999 -9999 -9999 -9999 -9999 -9999 -9999 -9999 -9999 -9999 -9999 -9999 -9999 -9999 -9999 -9999 -9999 -9999 -9999 -9999 -9999 -9999 -9999 -9999 -9999 -9999 -9999 -9999 -9999 -9999 -9999 -9999 -9999 -9999 -9999 -9999 -9999 -9999 -9999 -9999 -9999 -9999 -9999 -9999 -9999 -9999 -9999 -9999 -9999 -9999 -9999 -9999 -9999 -9999 -9999 -9999
-9999 -9999 -9999 -9999 -9999 -9999 -9999 -9999 -9999 -9999 -9999 -9999 -9999 -9999 -9999 -9999 -9999 -9999 -9999 -9999 -9999 -9999 -9999 -9999 -9999 -9999 -9999 -9999 -9999 -9999 -9999 -9999 -9999 -9999 -9999 -9999 -9999 -9999 -9999 -9999 -9999 -9999 -9999 -9999 -9999 -9999 -9999 -9999 -9999 -9999 -9999 -9999 -9999 -9999 -9999 -9999 -9999 -9999 -9999 -9999 -9999 -9999 -9999 -9999 -9999 -9999 -9999 -9999 -9999 -9999 -9999 -9999 -9999 -9999 -9999 -9999
-9999 -9999 -9999 -9999 -9999 -9999 -9999 -9999 -9999 -9999 -9999 -9999 -9999 -9999 -9999 -9999 -9999 -9999 -9999 -9999 -9999 -9999 -9999 -9999 -9999 -9999 -9999 -9999 -9999 -9999 -9999 -9999 -9999 -9999 -9999 -9999 -9999 -9999 -9999 -9999 -9999 -9999 -9999 -9999 -9999 -9999 -9999 -9999 -9999 -9999 -9999 -9999 -9999 -9999 -9999 -9999 -9999 -9999 -9999 -9999 -9999 -9999 -9999 -9999 -9999 -9999 -9999 -9999 -9999 -9999 -9999 -9999 -9999 -9999 -9999 -9999
-9999 -9999 -9999 -9999 -9999 -9999 -9999 -9999 -9999 -9999 -9999 -9999 -9999 -9999 -9999 -9999 -9999 -9999 -9999 -9999 -9999 -9999 -9999 -9999 -9999 -9999 -9999 -9999 -9999 -9999 -9999 -9999 -9999 -9999 -9999 -9999 -9999 -9999 -9999 -9999 -9999 -9999 -9999 -9999 -9999 -9999 -9999 -9999 -9999 -9999 -9999 -9999 -9999 -9999 -9999 -9999 -9999 -9999 -9999 -9999 -9999 -9999 -9999 -9999 -9999 -9999 -9999 -9999 -9999 -9999 -9999 -9999 -9999 -9999 -9999 -9999
