data/derived/r_tau_prewi.asc
NCOLS 186 
NROWS 74 
XLLCORNER 443300.206538099 
YLLCORNER 4085841.77455235 
CELLSIZE 500 
NODATA_value -9999 
[rows 34 to 67 of 74, columns 0 to 76 of 186]
-9999 -9999 -9999 -9999 -9999 -9999 -9999 -9999 -9999 -9999 -9999 -9999 -9999 -9999 0.011 0.011 0.011 0.011 -0.011 -9999 -9999 -0.0165 -0.011 0 0 0 0 0.011 0 0.011 0 0.033 0.011 -0.011 -0.011 -0.011 0.033 0.033 0.055 0.033 0.099 0.099 0.099 0.121 0.121 0.143 0.143 0.143 0.143 0.143 0.143 0.165 0.187 0.187 0.187 0.187 0.187 0.187 0.187 0.209 0.209 0.209 0.187 0.187 0.187 0.187 0.187 0.187 0.165 0.187 0.165 0.165 0.165 0.165 0.165 0.165 0.165
-9999 -9999 -9999 -9999 -9999 -9999 -9999 -9999 -9999 -9999 -9999 -9999 -9999 -9999 0.011 -0.011 0.011 0.011 0.011 -9999 -9999 -9999 -0.011 -0.011 0.011 0.033 0.011 0.011 0.011 0.011 -0.011 0.011 0.011 0.011 0.011 0.011 0.011 0.077 0.088 0.088 0.099 0.099 0.11 0.121 0.143 0.143 0.143 0.143 0.143 0.143 0.143 0.165 0.187 0.187 0.187 0.187 0.187 0.187 0.187 0.187 0.209 0.209 0.187 0.187 0.187 0.187 0.187 0.187 0.187 0.187 0.187 0.187 0.165 0.165 0.165 0.165 0.165
-9999 -9999 -9999 -9999 -9999 -9999 -9999 -9999 -9999 -9999 -9999 -9999 -9999 -9999 -0.011 0.011 0.011 0.011 -0.011 -0.011 -9999 0.033 0.011 0.011 0.033 0.033 0.011 0.011 0.011 0.011 0.011 0.011 0.011 0.033 0.033 0.033 0.077 0.077 0.077 0.099 0.099 0.121 0.121 0.121 0.143 0.143 0.143 0.143 0.143 0.143 0.154 0.165 0.209 0.187 0.187 0.187 0.187 0.187 0.187 0.187 0.187 0.209 0.209 0.187 0.187 0.176 0.176 0.187 0.187 0.187 0.176 0.176 0.154 0.154 0.172333333333333 0.187 0.187
-9999 -9999 -9999 -9999 -9999 -9999 -9999 -9999 -9999 -9999 -9999 -9999 -9999 -9999 -9999 -0.011 0.011 0.011 -0.011 0.011 0.011 0.011 0.033 0.033 0.033 -0.011 0.011 0.011 0.011 0.033 0.033 0.011 0.033 0.033 0.033 0.033 0.055 0.077 0.099 0.099 0.099 0.121 0.121 0.143 0.143 0.143 0.143 0.143 0.143 0.165 0.165 0.165 0.209 0.187 0.187 0.187 0.187 0.187 0.187 0.187 0.209 0.209 0.187 0.187 0.187 0.187 0.165 0.165 0.165 0.165 0.143 0.143 0.143 0.143 0.150333333333333 0.187 0.187
-9999 -9999 -9999 -9999 -9999 -9999 -9999 -9999 -9999 -9999 -9999 -9999 -9999 -9999 -9999 -0.011 0.011 0.011 -0.011 -0.011 -0.011 0.011 0.033 0.033 0.011 0.011 0.055 0.011 0.033 0.033 0.011 0.033 0.033 0.033 0.033 0.033 0.055 0.077 0.077 0.099 0.121 0.121 0.143 0.143 0.143 0.143 0.143 0.143 0.165 0.165 0.165 0.165 0.209 0.209 0.187 0.187 0.187 0.187 0.209 0.209 0.209 0.187 0.209 0.187 0.187 0.187 0.165 0.165 0.165 0.165 0.143 0.143 0.143 0.143 0.143 0.187 0.143
-9999 -9999 -9999 -9999 -9999 -9999 -9999 -9999 -9999 -9999 -9999 -9999 -9999 -9999 -9999 0.011 0.011 0.011 -0.011 -0.011 0.011 0.011 0.011 0 -0.011 0.011 0.033 0.055 0.055 0.055 0.033 0.033 0.033 0.033 0.033 0.033 0.044 0.077 0.077 0.099 0.099 0.121 0.143 0.143 0.143 0.143 0.143 0.143 0.165 0.165 0.165 0.165 0.209 0.187 0.187 0.209 0.209 0.187 0.209 0.209 0.187 0.187 0.209 0.187 0.165 0.165 0.165 0.165 0.165 0.143 0.143 0.121 0.143 0.143 0.165 0.187 0.143
-9999 -9999 0.099 -9999 -9999 -9999 -9999 -9999 -9999 -9999 -9999 -9999 -9999 -9999 -9999 0.033 0.011 0.011 -0.011 0.011 -0.011 0.033 0.033 0.011 -0.033 -0.033 0.055 0.055 0.055 0.033 0.033 0.033 0.033 0.033 0.033 0.033 0.055 0.066 0.077 0.099 0.099 0.121 0.143 0.143 0.143 0.143 0.143 0.165 0.165 0.165 0.176 0.165 0.209 0.209 0.209 0.209 0.209 0.209 0.209 0.187 0.187 0.187 0.209 0.198 0.187 0.187 0.187 0.165 0.165 0.143 0.121 0.121 0.143 0.143 0.143 0.187 0.143
-9999 -9999 -9999 -9999 -9999 0.033 0.055 -9999 -9999 -9999 -9999 -9999 -0.011 0.011 0.033 0.011 -0.011 -0.011 -0.011 0.011 -0.011 0.011 0.033 0.011 0 -0.055 0.033 0.033 0.033 0.033 0.033 0.033 0.011 0.033 0.033 0.033 0.055 0.077 0.099 0.099 0.099 0.121 0.143 0.143 0.143 0.143 0.143 0.165 0.187 0.187 0.187 0.165 0.209 0.209 0.209 0.209 0.187 0.209 0.209 0.187 0.187 0.187 0.187 0.209 0.187 0.187 0.187 0.165 0.165 0.143 0.121 0.121 0.143 0.143 0.143 0.187 0.143
-9999 -9999 -9999 0.055 -9999 -9999 -9999 0.055 -9999 -9999 -9999 0.011 0 -0.011 0.011 0.011 -0.011 0.011 0.011 -0.011 0.011 0.011 0.011 0.011 0.033 0.044 -0.055 -0.055 -0.011 0.033 0.033 0.011 0.011 0.033 0.033 0.055 0.055 0.077 0.088 0.099 0.121 0.121 0.143 0.143 0.143 0.143 0.165 0.187 0.187 0.187 0.187 0.187 0.187 0.209 0.187 0.187 0.187 0.209 0.187 0.187 0.187 0.187 0.209 0.209 0.198 0.187 0.165 0.165 0.143 0.143 0.121 0.121 0.143 0.143 0.143 0.143 0.143
-9999 0.099 0.099 0.099 0.099 0.099 0.077 0.077 0.055 0.055 0.055 0.033 0.011 -0.011 -0.011 0.011 -0.011 0.011 0.011 0.011 0.033 0.033 0.055 0.033 0.033 0.033 0.033 0.055 0.055 0.033 0.011 0.011 0.011 0.011 0.033 0.033 0.055 0.055 0.088 0.099 0.121 0.143 0.143 0.143 0.143 0.143 0.165 0.187 0.187 0.187 0.187 0.187 0.187 0.187 0.187 0.209 0.187 0.187 0.187 0.187 0.209 0.209 0.209 0.209 0.198 0.165 0.165 0.165 0.143 0.143 0.121 0.121 0.121 0.143 0.143 0.143 0.143
0.099 0.099 0.099 0.099 0.099 0.121 0.099 0.121 0.099 0.099 0.077 0.055 0.022 0.011 0.011 0.011 0.011 -0.011 -0.011 0.011 0.011 0.033 0.033 0.055 0.055 0.044 0.055 0.055 0.055 0.011 0.011 0.011 0.011 0.011 0.011 0.033 0.055 0.055 0.088 0.121 0.121 0.143 0.143 0.143 0.143 0.165 0.187 0.187 0.187 0.187 0.187 0.187 0.209 0.209 0.187 0.209 0.209 0.187 0.187 0.187 0.209 0.209 0.209 0.209 0.187 0.165 0.165 0.165 0.143 0.121 0.099 0.099 0.121 0.143 0.143 0.143 0.143
-9999 0.099 0.11 0.121 0.121 0.121 0.121 0.121 0.121 0.11 0.077 0.088 0.066 0.044 -0.011 -0.011 0.011 -0.011 0.033 0.033 0.011 0.033 0.033 0.033 0.055 0.033 0.055 0.055 0.055 0.055 0.055 0.055 0.055 0.011 0.011 0.055 0.055 0.077 0.077 0.11 0.143 0.143 0.143 0.143 0.143 0.187 0.187 0.187 0.187 0.187 0.187 0.187 0.198 0.209 0.209 0.209 0.209 0.187 0.187 0.187 0.187 0.209 0.209 0.209 0.187 0.165 0.165 0.165 0.143 0.121 0.099 0.121 0.121 0.143 0.143 0.143 0.143
-9999 -9999 0.121 0.121 0.121 0.121 0.121 0.121 0.121 0.121 0.099 0.077 0.077 0.077 0.0476666666666667 0.033 0.022 0.011 0.011 -0.011 0 -0.022 -0.022 -0.033 -0.044 -0.055 -0.0256666666666667 -0.0256666666666667 0.011 -0.011 0.033 0.055 0.055 0.011 0.011 0.055 0.055 0.077 0.099 0.11 0.143 0.143 0.143 0.143 0.165 0.187 0.187 0.187 0.187 0.187 0.187 0.187 0.209 0.209 0.209 0.209 0.209 0.209 0.187 0.187 0.209 0.209 0.209 0.209 0.187 0.165 0.165 0.121 0.121 0.121 0.099 0.121 0.121 0.143 0.143 0.121 0.121
-9999 -9999 -9999 0.121 0.121 0.121 0.121 0.121 0.121 0.121 0.099 0.077 0.055 0.077 0.055 0.055 0.033 0.033 -0.033 -0.033 -0.033 -0.033 -0.055 -0.055 -0.055 -0.033 -0.033 0 0 0.033 0.044 0.044 0.011 0.011 0.022 0.055 0.066 0.088 0.099 0.121 0.143 0.143 0.143 0.143 0.165 0.187 0.187 0.187 0.187 0.187 0.187 0.187 0.209 0.209 0.209 0.209 0.209 0.209 0.209 0.209 0.209 0.209 0.209 0.209 0.187 0.165 0.165 0.143 0.121 0.099 0.099 0.121 0.121 0.143 0.143 0.143 0.121
-9999 -9999 -9999 -9999 -9999 0.121 0.121 0.121 0.121 0.121 0.077 0.077 0.033 0.033 0.055 0.033 0.011 0.055 0.033 0.033 0.011 -0.033 -0.022 -0.011 -0.055 0.011 0.033 0.055 0.055 0.055 0.011 0.011 0.011 0.011 0.055 0.055 0.077 0.099 0.121 0.121 0.143 0.143 0.143 0.143 0.165 0.165 0.176 0.187 0.187 0.187 0.187 0.187 0.209 0.198 0.187 0.187 0.198 0.209 0.209 0.209 0.209 0.209 0.209 0.209 0.198 0.187 0.165 0.143 0.121 0.099 0.099 0.121 0.121 0.143 0.143 0.143 0.121
-9999 -9999 -9999 -9999 -9999 -9999 0.121 0.121 0.121 0.121 -9999 0.055 0.011 0.011 0.011 0 0.011 0.011 -0.033 0.011 0.011 -0.011 0.011 0.011 0.011 0.011 0.033 0.033 0.011 0.011 0.011 0.011 0.011 0.033 0.055 0.077 0.077 0.099 0.121 0.121 0.143 0.143 0.143 0.143 0.165 0.165 0.165 0.187 0.187 0.187 0.187 0.187 0.187 0.209 0.187 0.187 0.187 0.209 0.209 0.209 0.209 0.209 0.209 0.187 0.187 0.187 0.165 0.135666666666667 0.11 0.099 0.121 0.121 0.143 0.143 0.143 0.11 0.099
-9999 -9999 -9999 -9999 -9999 0.165 -9999 -9999 -9999 -9999 -9999 -9999 -9999 0.011 0.011 0 0.011 0.011 -0.011 0.033 0.011 0.011 0.011 0.033 0.033 0.033 0.011 0.033 0.011 0.011 0.011 0.011 0.055 0.055 0.055 0.077 0.099 0.099 0.099 0.121 0.143 0.143 0.143 0.165 0.165 0.187 0.165 0.187 0.187 0.187 0.187 0.187 0.209 0.187 0.187 0.187 0.187 0.187 0.209 0.209 0.209 0.209 0.187 0.187 0.187 0.187 0.165 0.132 0.099 0.121 0.121 0.121 0.143 0.143 0.165 0.099 0.099
-9999 -9999 -9999 -9999 -9999 0.143 0.165 -9999 -9999 -9999 -9999 -9999 -9999 -9999 0.011 -0.011 0.022 0.011 -0.011 -0.011 -0.033 0.011 0.033 0.033 0.033 0.033 0.033 0.033 0.011 0.011 0.011 0.055 0.055 0.055 0.055 0.099 0.099 0.099 0.121 0.143 0.143 0.143 0.143 0.165 0.187 0.187 0.187 0.187 0.187 0.187 0.187 0.187 0.187 0.209 0.187 0.187 0.187 0.187 0.209 0.209 0.209 0.209 0.187 0.187 0.187 0.165 0.165 0.143 0.11 0.121 0.121 0.143 0.143 0.143 0.143 0.121 0.099
-9999 -9999 -9999 0.143 0.143 0.143 -9999 -9999 -9999 -9999 -9999 -9999 -9999 -9999 0.011 0.011 -0.011 0.011 -0.011 -0.011 0.011 0.033 0.011 0.033 0.011 0.011 0.011 0.033 0.033 0.022 0.033 0.055 0.055 0.055 0.055 0.077 0.099 0.099 0.121 0.143 0.143 0.143 0.154 0.165 0.187 0.187 0.187 0.187 0.187 0.187 0.187 0.187 0.187 0.209 0.187 0.187 0.187 0.209 0.209 0.209 0.209 0.187 0.187 0.187 0.187 0.165 0.143 0.121 0.11 0.121 0.143 0.143 0.143 0.165 0.143 0.121 0.121
-9999 -9999 -9999 -9999 0.132 0.143 -9999 -9999 -9999 -9999 -9999 -9999 -9999 -9999 -9999 -9999 -0.011 0.022 0.033 0.011 0.033 0.033 0.055 0.011 0.011 0.033 0.011 0.033 0.033 0.033 0.044 0.055 0.055 0.055 0.055 0.055 0.099 0.099 0.121 0.143 0.143 0.143 0.143 0.176 0.187 0.187 0.187 0.187 0.187 0.187 0.187 0.187 0.187 0.187 0.187 0.209 0.209 0.209 0.209 0.209 0.209 0.187 0.187 0.187 0.187 0.165 0.121 0.121 0.11 0.121 0.143 0.165 0.165 0.143 0.143 0.121 0.121
-9999 -9999 -9999 -9999 0.121 0.121 -9999 -9999 -9999 -9999 -9999 -9999 -9999 -9999 -9999 -9999 -0.011 0.022 0.055 0.033 0.055 0.055 0.077 0.077 0.077 0.077 0.055 0.033 0.055 0.055 0.044 0.055 0.055 0.055 0.055 0.077 0.099 0.121 0.143 0.143 0.143 0.143 0.143 0.176 0.187 0.187 0.187 0.187 0.187 0.187 0.187 0.187 0.187 0.187 0.187 0.209 0.209 0.209 0.209 0.209 0.209 0.187 0.187 0.187 0.187 0.165 0.121 0.143 0.121 0.121 0.143 0.165 0.165 0.143 0.143 0.121 0.121
-9999 -9999 -9999 -9999 -9999 0.099 -9999 -9999 -9999 -9999 -9999 -9999 -9999 -9999 -9999 -9999 -0.011 0.022 0.055 0.033 0.055 0.055 0.033 0.033 0.033 0.011 0.077 0.055 0.055 0.055 0.044 0.055 0.055 0.077 0.077 0.077 0.099 0.121 0.143 0.143 0.143 0.143 0.143 0.176 0.187 0.187 0.187 0.187 0.187 0.187 0.187 0.187 0.187 0.209 0.209 0.209 0.209 0.209 0.209 0.209 0.187 0.187 0.187 0.187 0.187 0.165 0.121 0.121 0.121 0.132 0.143 0.143 0.143 0.143 0.121 0.121 0.121
-9999 -9999 -9999 -9999 -9999 -9999 -9999 -9999 -9999 -9999 -9999 -9999 -9999 -9999 -9999 -9999 0.011 0.011 0.033 0.033 0.033 0.011 0.011 0.011 0.011 0.055 0.077 0.077 0.055 0.033 0.033 0.055 0.055 0.055 0.055 0.077 0.099 0.143 0.143 0.143 0.143 0.143 0.143 0.165 0.187 0.187 0.187 0.187 0.187 0.187 0.187 0.187 0.187 0.209 0.209 0.209 0.209 0.198 0.209 0.209 0.187 0.187 0.187 0.165 0.165 0.165 0.121 0.121 0.121 0.121 0.132 0.143 0.143 0.143 0.121 0.121 0.121
-9999 -9999 -9999 -9999 -9999 -9999 -9999 -9999 -9999 -9999 -9999 -9999 -9999 -9999 -9999 -9999 -9999 0.033 0.033 0.011 0.011 0.033 0.033 0.033 0.033 0.055 0.077 0.077 0.055 0.033 0.055 0.055 0.055 0.055 0.055 0.099 0.099 0.143 0.143 0.143 0.143 0.143 0.143 0.143 0.176 0.187 0.187 0.187 0.187 0.187 0.187 0.187 0.187 0.209 0.209 0.187 0.187 0.187 0.209 0.187 0.187 0.165 0.165 0.165 0.165 0.165 0.121 0.121 0.121 0.121 0.143 0.143 0.143 0.121 0.121 0.121 0.143
-9999 -9999 -9999 -9999 -9999 -9999 -9999 -9999 -9999 -9999 -9999 -9999 -9999 -9999 -9999 -9999 -9999 -9999 0.033 0.0256666666666667 0.033 0.033 0.022 0.033 0.055 0.077 0.077 0.077 0.055 0.055 0.055 0.055 0.055 0.055 0.055 0.099 0.099 0.143 0.143 0.143 0.143 0.143 0.143 0.143 0.165 0.165 0.165 0.165 0.165 0.187 0.187 0.187 0.187 0.209 0.187 0.187 0.187 0.187 0.209 0.209 0.165 0.165 0.165 0.165 0.165 0.143 0.143 0.121 0.121 0.121 0.143 0.143 0.143 0.121 0.121 0.121 0.143
-9999 -9999 -9999 -9999 -9999 -9999 -9999 -9999 -9999 -9999 -9999 -9999 -9999 -9999 -9999 -9999 -9999 -9999 -9999 0.033 0.033 0.033 0.077 0.099 0.099 0.088 0.077 0.077 0.066 0.077 0.077 0.066 0.066 0.055 0.077 0.11 0.121 0.132 0.143 0.143 0.143 0.143 0.143 0.143 0.165 0.165 0.165 0.187 0.187 0.187 0.187 0.187 0.187 0.209 0.187 0.187 0.187 0.209 0.209 0.209 0.165 0.165 0.165 0.165 0.143 0.143 0.143 0.143 0.143 0.143 0.143 0.132 0.121 0.121 0.121 0.121 0.143
-9999 -9999 -9999 -9999 -9999 -9999 -9999 -9999 -9999 -9999 -9999 -9999 -9999 -9999 -9999 -9999 -9999 -9999 -9999 0.011 0.044 0.055 0.077 0.099 0.099 0.099 0.099 0.099 0.077 0.099 0.099 0.099 0.077 0.066 0.121 0.121 0.121 0.121 0.121 0.121 0.121 0.132 0.143 0.143 0.143 0.157666666666667 0.172333333333333 0.187 0.176 0.176 0.187 0.187 0.187 0.209 0.198 0.198 0.209 0.209 0.209 0.187 0.165 0.165 0.165 0.165 0.143 0.143 0.143 0.121 0.165 0.143 0.121 0.11 0.121 0.099 0.099 0.121 0.143
-9999 -9999 -9999 -9999 -9999 -9999 -9999 -9999 -9999 -9999 -9999 -9999 -9999 -9999 -9999 -9999 -9999 -9999 -9999 0.033 0.044 0.055 0.077 0.099 0.099 0.099 0.099 0.099 0.077 0.099 0.099 0.099 0.077 0.077 0.121 0.121 0.121 0.121 0.121 0.121 0.121 0.143 0.143 0.165 0.187 0.187 0.187 0.187 0.187 0.187 0.187 0.187 0.209 0.209 0.209 0.209 0.209 0.209 0.165 0.176 0.165 0.165 0.165 0.165 0.143 0.143 0.154 0.132 0.121 0.121 0.121 0.121 0.121 0.121 0.121 0.143 0.143
-9999 -9999 -9999 -9999 -9999 -9999 -9999 -9999 -9999 -9999 -9999 -9999 -9999 -9999 -9999 -9999 -9999 -9999 -9999 0.055 0.099 0.077 0.077 0.099 0.099 0.099 0.099 0.099 0.099 0.099 0.099 0.099 0.077 0.099 0.099 0.121 0.121 0.121 0.121 0.121 0.121 0.121 0.165 0.143 0.165 0.187 0.187 0.187 0.187 0.187 0.187 0.187 0.187 0.209 0.209 0.209 0.209 0.165 0.165 0.165 0.165 0.165 0.165 0.143 0.143 0.143 0.143 0.121 0.121 0.121 0.121 0.121 0.121 0.121 0.121 0.121 0.143
-9999 -9999 -9999 -9999 -9999 -9999 -9999 -9999 -9999 -9999 -9999 -9999 -9999 -9999 -9999 -9999 -9999 -9999 -9999 0.077 0.077 0.066 0.077 0.099 0.099 0.099 0.099 0.099 0.099 0.099 0.099 0.099 0.099 0.099 0.099 0.121 0.121 0.121 0.121 0.121 0.099 0.165 0.165 0.165 0.165 0.165 0.165 0.165 0.165 0.187 0.187 0.187 0.187 0.187 0.187 0.165 0.165 0.165 0.165 0.165 0.165 0.165 0.165 0.143 0.143 0.143 0.121 0.121 0.121 0.121 0.121 0.121 0.121 0.121 0.121 0.121 0.143
-9999 -9999 -9999 -9999 -9999 -9999 -9999 -9999 -9999 -9999 -9999 -9999 -9999 -9999 -9999 -9999 -9999 -9999 0.099 0.077 0.099 0.088 0.077 0.099 0.099 0.099 0.099 0.099 0.099 0.121 0.099 0.099 0.099 0.099 0.121 0.099 0.099 0.099 0.121 0.121 0.055 0.165 0.165 0.165 0.165 0.165 0.165 0.165 0.165 0.165 0.187 0.187 0.176 0.165 0.165 0.165 0.165 0.165 0.165 0.165 0.165 0.165 0.143 0.143 0.143 0.099 0.121 0.121 0.121 0.121 0.121 0.121 0.121 0.121 0.121 0.121 -9999
-9999 -9999 -9999 -9999 -9999 -9999 -9999 -9999 -9999 -9999 -9999 -9999 -9999 -9999 -9999 -9999 -9999 -9999 0.099 0.099 0.077 0.099 0.088 0.077 0.099 0.099 0.099 0.099 0.099 0.099 -9999 -9999 0.099 0.099 0.121 0.099 0.099 0.077 0.077 0.077 0.055 0.165 0.165 0.165 0.165 0.165 0.165 0.165 0.165 0.165 0.165 0.187 0.187 0.165 0.165 0.165 0.165 0.165 0.165 0.165 -9999 0.165 0.143 0.143 0.099 0.099 0.121 0.121 0.121 0.121 0.121 0.121 0.121 0.121 -9999 -9999 -9999
-9999 -9999 -9999 -9999 -9999 -9999 -9999 -9999 -9999 -9999 -9999 -9999 -9999 -9999 -9999 -9999 -9999 -9999 0.099 0.099 0.077 0.099 0.088 0.099 0.099 0.099 0.099 0.099 0.099 -9999 -9999 0.099 0.099 0.121 0.121 0.11 0.099 0.099 0.077 0.077 0.077 0.165 0.165 0.165 0.165 0.165 0.165 0.165 0.165 0.165 0.165 0.165 0.187 0.165 0.165 0.165 -9999 0.165 -9999 -9999 -9999 0.165 0.143 0.099 0.099 0.099 0.121 0.121 0.121 0.121 0.121 0.121 0.121 0.099 -9999 -9999 -9999
-9999 -9999 -9999 -9999 -9999 -9999 -9999 -9999 -9999 -9999 -9999 -9999 -9999 -9999 -9999 -9999 -9999 0.121 0.121 0.099 0.099 0.077 0.055 0.099 0.099 0.099 0.099 0.099 -9999 -9999 -9999 0.099 0.099 0.121 0.099 0.121 0.121 0.121 0.121 0.121 0.077 0.143 0.165 -9999 0.165 0.165 0.165 0.165 0.165 0.154 0.165 0.165 0.187 0.165 0.165 -9999 -9999 -9999 -9999 -9999 -9999 0.143 0.143 0.099 0.099 -9999 -9999 -9999 -9999 -9999 -9999 -9999 -9999 -9999 -9999 -9999 -9999
