data/derived/r_tau_scmd.asc
NCOLS 186 
NROWS 74 
XLLCORNER 443300.206538099 
YLLCORNER 4085841.77455235 
CELLSIZE 500 
NODATA_value -9999 
[rows 32 to 63 of 74, columns 0 to 72 of 186]
-9999 -9999 -9999 -9999 -9999 -9999 -9999 -9999 -9999 -9999 -9999 -0.396 -0.396 -0.396 -0.648 -0.516 -0.33 -0.341 -0.33 -9999 -0.0385 -0.11 -0.132 -0.352 -0.308 -0.231 -0.22 -0.297 -0.297 -0.165 -0.143 -0.121 -0.176 -0.2035 -0.176 -0.077 -0.22 -0.198 -0.132 -0.077 -0.363 -0.209 -0.187 -0.088 -0.11 -0.099 -0.1485 -0.253 -0.516 -0.088 -0.209 -0.044 -0.242 -0.44 -0.341 -0.308 -0.275 0.077 -0.066 -0.1925 -0.33 -0.033 -0.088 -0.143 -0.121 -0.165 -0.132 0.022 0.011 -0.011 -0.066 -0.253 -0.154
-9999 -9999 -9999 -9999 -9999 -9999 -9999 -9999 -9999 -9999 -9999 -0.374 -0.396 -0.319 -0.385 -0.429 -0.3685 -0.198 0.011 -9999 0.033 -0.033 0.011 -0.121 -0.341 -0.165 -0.11 -0.297 -0.253 -0.253 -0.231 -0.154 -0.154 -0.264 -0.308 -0.253 -0.11 -0.154 -0.286 -0.286 -0.165 -0.176 -0.055 -0.088 0 0.121 0 -0.176 -0.341 -0.231 -0.176 -0.253 -0.022 -0.484 -0.33 -0.253 -0.242 -0.143 -0.099 -0.165 -0.22 -0.055 -0.077 -0.165 -0.132 -0.11 -0.099 -0.099 -0.033 -0.088 -0.099 -0.198 -0.1485
-9999 -9999 -9999 -9999 -9999 -9999 -9999 -9999 -9999 -9999 -9999 -9999 -9999 -9999 -0.341 -0.484 -0.308 -0.143 -0.143 -9999 -9999 -0.02475 0.0605 0.0165 -0.0825 -0.0715 -0.0935 -0.198 -0.275 -0.3245 -0.2255 -0.066 -0.286 -0.275 -0.2145 -0.242 -0.308 -0.341 -0.099 -0.055 -0.055 -0.209 -0.253 -0.132 -0.077 0.033 -0.132 -0.198 -0.341 -0.165 -0.176 -0.242 -0.088 -0.253 -0.253 -0.187 -0.044 -0.055 0 -0.22 -0.1925 -0.055 -0.209 -0.044 -0.231 -0.176 -0.066 0.011 -0.22 -0.264 -0.253 -0.297 -0.088
-9999 -9999 -9999 -9999 -9999 -9999 -9999 -9999 -9999 -9999 -9999 -9999 -9999 -9999 -0.231 -0.165 -0.132 -0.143 -0.088 -9999 -9999 -9999 -0.154 -0.231 -0.11 -0.187 -0.165 -0.308 -0.341 0.154 0.055 0.022 0.0605 -0.022 0.022 -0.0806666666666667 -0.099 -0.176 -0.1045 -0.121 -0.088 -0.1265 -0.231 -0.143 -0.22 -0.2475 -0.1155 -0.066 -0.168666666666667 -0.165 -0.176 -0.099 -0.077 -0.209 -0.077 -0.055 0.033 -0.055 -0.088 0.055 0 -0.022 -0.077 -0.022 -0.132 -0.176 -0.11 -0.033 -0.055 -0.22 -0.099 -0.121 -0.066
-9999 -9999 -9999 -9999 -9999 -9999 -9999 -9999 -9999 -9999 -9999 -9999 -9999 -9999 -0.231 -0.099 -0.132 -0.143 -0.132 -0.132 -9999 0.044 0.0385 0.066 0.088 -0.253 -0.231 -0.473 -0.341 -0.297 -0.066 -0.154 -0.154 0.088 -0.264 -0.264 -0.275 -0.132 -0.176 -0.253 -0.231 -0.363 -0.341 -0.352 -0.473 -0.451 -0.275 -0.22 -0.176 -0.0825 -0.099 -0.264 -0.198 -0.2585 -0.1485 0.077 0.0935 0.033 -0.077 0.066 0.011 -0.0275 -0.033 0.033 -0.0495 -0.055 -0.0495 -0.143 -0.2585 -0.2585 -0.154 -0.143 -0.1815
-9999 -9999 -9999 -9999 -9999 -9999 -9999 -9999 -9999 -9999 -9999 -9999 -9999 -9999 -9999 -0.099 -0.077 -0.176 -0.033 0.044 -0.033 -0.055 0.077 0.0275 0.088 -0.231 -0.319 -0.429 -0.363 -0.33 -0.33 -0.143 -0.132 -0.132 -0.341 -0.286 -0.3135 -0.308 -0.396 -0.121 -0.132 -0.297 -0.352 -0.198 -0.198 -0.253 -0.154 -0.044 -0.11 -0.11 -0.143 -0.132 -0.121 -0.22 -0.165 -0.154 -0.099 -0.11 -0.165 -0.154 -0.022 -0.055 0.022 -0.088 -0.044 -0.033 -0.044 -0.11 -0.242 -0.11 -0.143 -0.198 -0.242
-9999 -9999 -9999 -9999 -9999 -9999 -9999 -9999 -9999 -9999 -9999 -9999 -9999 -9999 -9999 -0.077 -0.077 -0.143 -0.011 0.066 0.011 0.011 -0.011 -0.044 -0.121 -0.297 -0.297 -0.385 -0.231 -0.286 -0.297 -0.132 -0.154 -0.264 -0.099 -0.033 -0.242 -0.253 -0.286 -0.154 -0.176 -0.374 -0.308 -0.187 -0.198 -0.176 -0.11 -0.011 -0.209 -0.1045 -0.165 -0.176 -0.044 -0.165 -0.187 -0.22 -0.209 -0.264 -0.11 -0.209 -0.143 -0.121 -0.099 -0.066 -0.143 -0.11 -0.121 -0.253 -0.22 -0.231 -0.209 -0.231 -0.308
-9999 -9999 -9999 -9999 -9999 -9999 -9999 -9999 -9999 -9999 -9999 -9999 -9999 -9999 -9999 -0.154 -0.099 -0.055 -0.242 -0.066 0 0.209 -0.033 -0.044 0.022 -0.055 -0.187 -0.121 -0.319 -0.22 -0.077 -0.165 -0.198 -0.275 -0.22 -0.22 -0.176 -0.209 -0.352 -0.297 -0.253 -0.275 -0.209 -0.209 -0.121 -0.187 -0.121 -0.033 -0.143 -0.099 -0.154 -0.143 -0.121 -0.099 -0.088 -0.11 -0.22 -0.22 -0.242 -0.165 -0.154 -0.231 -0.132 -0.242 -0.231 -0.154 -0.187 -0.165 -0.429 -0.385 -0.297 -0.242 -0.264
-9999 -9999 -0.242 -9999 -9999 -9999 -9999 -9999 -9999 -9999 -9999 -9999 -9999 -9999 -9999 -0.099 0.022 0.165 -0.011 -0.154 -0.022 -0.121 0.165 0.022 -0.154 -0.231 -0.286 -0.308 -0.429 -0.253 -0.165 -0.231 -0.264 -0.099 -0.132 -0.132 -0.154 -0.253 -0.231 -0.275 -0.418 -0.308 -0.22 -0.132 -0.066 -0.275 -0.176 -0.011 -0.033 -0.044 -0.0825 -0.088 -0.099 -0.066 -0.066 -0.121 -0.033 -0.099 -0.132 -0.121 -0.165 -0.077 -0.044 -0.165 -0.11 -0.198 -0.143 -0.209 -0.396 -0.297 -0.275 -0.253 -0.242
-9999 -9999 -9999 -9999 -9999 -0.121 -0.11 -9999 -9999 -9999 -9999 -9999 -0.176 -0.132 -0.066 -0.088 0.132 0.132 0.132 0.044 -0.055 -0.055 -0.088 -0.022 -0.077 0.11 -0.286 -0.242 -0.275 -0.165 -0.132 -0.286 -0.132 -0.121 -0.143 -0.198 -0.209 -0.3465 -0.319 -0.22 -0.198 -0.275 -0.077 -0.121 -0.11 -0.121 -0.022 0 -0.011 0.077 0.121 -0.11 -0.066 -0.077 -0.132 -0.121 -0.088 -0.088 -0.022 -0.033 -0.099 0 -0.099 -0.11 -0.088 -0.165 -0.066 -0.253 -0.319 -0.176 -0.198 -0.407 -0.374
-9999 -9999 -9999 -0.198 -9999 -9999 -9999 -0.165 -9999 -9999 -9999 -0.275 -0.308 -0.418 -0.165 0.077 0.176 0.22 0.055 0.022 0.088 0.11 -0.033 -0.022 -0.209 -0.165 -0.11 -0.22 -0.165 -0.165 -0.22 -0.088 -0.11 -0.044 -0.242 -0.22 -0.242 -0.297 -0.308 -0.209 -0.209 -0.187 -0.088 -0.066 -0.033 0.011 0.088 0.066 -0.077 -0.022 -0.275 -0.1155 -0.022 -0.088 -0.209 -0.22 -0.055 -0.132 0 0.022 0.121 0.066 -0.011 -0.209 -0.11 -0.253 -0.165 -0.143 -0.341 -0.341 -0.385 -0.396 -0.374
-9999 -0.121 -0.143 -0.154 -0.11 -0.143 -0.143 -0.033 -0.363 -0.297 -0.297 -0.154 -0.374 -0.429 -0.473 -0.121 0.066 0.033 -0.022 0.055 0.055 0.055 0.022 -0.066 -0.088 -0.0825 -0.242 -0.242 -0.33 -0.132 -0.033 -0.132 -0.132 -0.154 -0.198 -0.286 -0.242 -0.352 -0.308 -0.231 -0.209 -0.165 -0.242 0 -0.055 -0.022 -0.033 -0.033 -0.22 -0.286 -0.187 -0.055 -0.044 -0.055 -0.165 -0.154 -0.11 -0.11 -0.176 -0.099 -0.11 0.011 -0.11 -0.143 -0.2365 -0.286 -0.231 -0.099 -0.209 -0.231 -0.352 -0.44 -0.396
-0.190666666666667 -0.1265 -0.165 -0.154 -0.264 -0.022 0.121 0.033 -0.066 -0.231 -0.209 -0.319 -0.5055 -0.56 -0.462 -0.308 -0.044 -0.011 0.033 -0.022 0.055 -0.022 -0.33 -0.066 -0.121 -0.143 -0.154 -0.209 -0.033 -0.11 -0.033 -0.176 -0.055 -0.099 -0.209 -0.341 -0.22 -0.319 -0.396 -0.165 -0.066 -0.011 0.055 0.066 0.011 -0.033 -0.033 -0.033 0 0.099 0.121 0.0715 -0.055 -0.055 -0.143 -0.11 -0.143 -0.187 -0.22 -0.121 -0.121 -0.176 -0.055 -0.132 -0.121 -0.187 -0.187 -0.319 -0.297 -0.385 -0.22 -0.264 -0.418
-9999 -0.308 -0.2365 -0.176 -0.297 0.088 -0.132 -0.0495 -0.077 0.1595 -0.0715 -0.0495 -0.0495 -0.011 0.121 0.066 0.055 0.077 0.099 -0.011 -0.286 -0.473 -0.385 -0.11 -0.297 -0.352 -0.3025 -0.253 0.022 0.11 -0.022 -0.22 -0.132 -0.253 -0.253 -0.198 -0.429 -0.385 -0.242 -0.2805 -0.132 -0.099 -0.044 -0.055 0.011 0.11 0.088 -0.022 -0.022 -0.022 0.011 0.011 -0.011 -0.033 -0.11 -0.121 -0.187 -0.231 -0.143 -0.099 -0.088 0 -0.044 -0.066 -0.099 -0.132 -0.143 -0.231 -0.308 -0.253 -0.385 -0.242 -0.363
-9999 -9999 -0.22 0.022 -0.308 -0.462 -0.538 -0.264 -0.055 -0.055 0.121 0.088 0.099 0.044 0.0256666666666667 0.033 0.011 0.033 0.099 0.132 -0.264 -0.231 -0.1815 -0.1595 -0.2915 0.088 -0.0293333333333333 -0.275 -0.176 -0.209 -0.297 -0.209 -0.209 -0.319 -0.22 -0.429 -0.341 -0.275 -0.264 -0.2695 -0.077 -0.099 -0.099 0.011 0.121 0.121 0.099 -0.033 -0.044 -0.066 -0.055 0 0 0.066 -0.044 -0.033 -0.11 -0.033 -0.231 -0.143 -0.308 -0.286 -0.253 -0.055 -0.099 -0.033 0.011 -0.165 -0.253 -0.253 -0.308 -0.363 -0.209
-9999 -9999 -9999 -0.22 -0.176 -0.341 -0.396 -0.462 -0.264 -0.264 -0.121 -0.088 -0.253 -0.033 0 0.121 0.154 0.055 0.22 0.121 -0.022 0.011 -0.066 -0.231 -0.176 -0.022 -0.352 -0.1155 -0.253 -0.264 -0.385 -0.308 -0.121 -0.2915 -0.401 -0.231 -0.275 -0.2365 -0.1045 -0.1265 -0.04125 0.022 0 -0.033 0.0275 0.11 0.055 -0.044 -0.121 -0.143 -0.121 -0.121 0.022 0.0055 0.011 -0.033 -0.033 0.11 0.143 0.022 -0.154 -0.253 -0.187 -0.143 -0.253 -0.022 -0.143 -0.33 -0.297 -0.297 -0.418 -0.462 -0.429
-9999 -9999 -9999 -9999 -9999 -0.132 -0.264 -0.396 -0.407 -0.154 -0.154 -0.187 -0.242 -0.044 0.187 0.231 0.286 0.319 0.275 -0.143 -0.143 -0.242 -0.242 -0.264 -0.154 -0.44 -0.44 -0.374 -0.154 -0.154 -0.275 -0.286 -0.286 -0.33 -0.231 -0.22 -0.121 -0.11 -0.121 -0.044 0.011 0.033 -0.011 0.011 0.011 -0.055 -0.0275 -0.1485 -0.077 -0.143 -0.055 -0.044 -0.077 -0.1045 -0.198 -0.209 -0.1925 -0.0385 -0.1265 -0.187 -0.11 0 -0.1375 -0.2805 -0.3465 -0.033 -0.11 -0.253 -0.33 -0.308 -0.473 -0.549 -0.451
-9999 -9999 -9999 -9999 -9999 -9999 -0.187 -0.33 -0.33 -0.187 -9999 -0.165 -0.253 -0.242 -0.176 0.1925 0.33 0.319 0.308 -0.286 -0.22 -0.165 0 0.099 -0.033 -0.473 -0.44 -0.297 -0.0715 0.066 -0.22 -0.286 -0.176 -0.286 -0.198 -0.231 -0.176 -0.132 -0.11 -0.044 0 -0.0385 -0.099 -0.033 0 -0.154 -0.022 -0.187 -0.044 -0.165 -0.154 -0.044 -0.187 -0.077 -0.154 -0.209 -0.132 -0.022 -0.132 -0.088 -0.121 -0.374 -0.33 -0.231 -0.297 -0.154 -0.242 -0.245666666666667 -0.2585 -0.286 -0.538 -0.4615 -0.4835
-9999 -9999 -9999 -9999 -9999 -0.088 -9999 -9999 -9999 -9999 -9999 -9999 -9999 -0.11 -0.176 -0.2805 -0.011 -0.077 0.055 -0.187 -0.22 -0.264 -0.066 -0.396 -0.385 -0.44 -0.341 -0.352 -0.198 -0.176 -0.22 -0.198 -0.099 -0.297 -0.231 -0.209 -0.22 -0.121 -0.055 0 -0.11 -0.1155 -0.088 -0.033 -0.11 -0.176 -0.253 -0.088 -0.209 -0.22 -0.231 -0.165 -0.286 -0.264 -0.253 -0.319 -0.242 -0.187 -0.11 -0.297 -0.407 -0.264 -0.099 -0.187 -0.275 -0.352 -0.231 -0.1925 -0.11 -0.099 -0.396 -0.319 -0.22
-9999 -9999 -9999 -9999 -9999 -0.088 -0.132 -9999 -9999 -9999 -9999 -9999 -9999 -9999 -0.297 -0.253 -0.077 0.011 -0.022 0.044 -0.033 0.088 -0.011 -0.363 -0.132 -0.198 -0.176 -0.077 0.077 -0.11 -0.22 -0.077 -0.143 -0.253 -0.165 -0.088 -0.066 -0.055 -0.033 -0.077 -0.11 -0.165 -0.066 -0.099 -0.242 -0.407 -0.231 -0.264 -0.264 -0.297 -0.374 -0.374 -0.374 -0.242 -0.275 -0.3135 -0.242 -0.121 -0.187 -0.22 -0.319 -0.363 -0.209 -0.165 -0.385 -0.308 -0.253 -0.198 -0.187 -0.429 -0.407 -0.484 -0.154
-9999 -9999 -9999 -0.044 -0.132 0.033 -9999 -9999 -9999 -9999 -9999 -9999 -9999 -9999 -0.11 -0.242 -0.3355 -0.132 -0.253 0.209 0.176 0.055 -0.132 -0.319 -0.165 -0.198 -0.044 -0.088 -0.132 -0.363 -0.099 -0.055 -0.132 -0.308 -0.099 -0.132 -0.077 -0.077 0.011 0.011 -0.033 -0.011 -0.0825 -0.044 -0.264 -0.352 -0.385 -0.297 -0.56 -0.286 -0.341 -0.385 -0.308 -0.516 -0.571 -0.3795 -0.242 -0.11 -0.154 -0.275 -0.242 -0.187 -0.154 -0.286 -0.396 -0.516 -0.099 -0.099 -0.132 -0.429 -0.385 -0.363 -0.121
-9999 -9999 -9999 -9999 -0.132 -0.264 -9999 -9999 -9999 -9999 -9999 -9999 -9999 -9999 -9999 -9999 -0.121 -0.0605 0.308 0.11 0.121 -0.374 -0.429 -0.286 -0.176 -0.198 -0.099 -0.088 -0.11 -0.407 -0.2475 -0.308 -0.341 -0.143 -0.209 -0.154 -0.132 -0.099 0.011 -0.143 -0.088 -0.088 0.044 -0.066 -0.088 -0.154 -0.341 -0.319 -0.692 -0.451 -0.363 -0.495 -0.604 -0.626 -0.571 -0.407 -0.033 -0.121 -0.154 -0.231 -0.154 -0.165 -0.11 -0.33 -0.088 -0.143 0.011 0.011 -0.0385 -0.484 -0.33 -0.484 -0.341
-9999 -9999 -9999 -9999 -0.264 -0.132 -9999 -9999 -9999 -9999 -9999 -9999 -9999 -9999 -9999 -9999 -0.297 0.044 0.374 -0.198 -0.451 -0.473 -0.286 -0.22 -0.22 -0.198 -0.22 -0.176 -0.297 -0.22 -0.2255 -0.33 -0.253 -0.143 -0.121 0.033 -0.033 -0.022 -0.088 -0.022 -0.066 0.022 0.044 -0.088 -0.187 -0.176 -0.297 -0.429 -0.516 -0.56 -0.604 -0.56 -0.681 -0.681 -0.692 -0.505 -0.1595 -0.143 -0.242 -0.308 -0.143 -0.374 -0.363 -0.264 -0.176 -0.121 0.132 0.154 0.066 -0.2145 -0.516 -0.516 -0.341
-9999 -9999 -9999 -9999 -9999 -0.187 -9999 -9999 -9999 -9999 -9999 -9999 -9999 -9999 -9999 -9999 -0.242 0.0605 0.033 -0.044 -0.176 -0.132 -0.132 -0.055 -0.055 -0.242 -0.473 -0.484 -0.308 -0.319 -0.1925 -0.33 -0.286 -0.154 -0.077 -0.044 -0.121 -0.055 -0.066 0.022 0.022 -0.088 -0.165 -0.187 -0.275 -0.231 -0.253 -0.319 -0.176 -0.637 -0.626 -0.626 -0.604 -0.637 -0.505 -0.527 -0.4015 -0.385 -0.264 -0.407 -0.363 -0.396 -0.352 -0.264 -0.209 -0.066 -0.077 0.154 -0.275 -0.341 -0.527 -0.297 -0.604
-9999 -9999 -9999 -9999 -9999 -9999 -9999 -9999 -9999 -9999 -9999 -9999 -9999 -9999 -9999 -9999 -0.165 -0.165 0.132 -0.077 0.099 0.187 -0.187 -0.132 -0.132 -0.286 -0.418 -0.396 -0.165 -0.154 -0.187 -0.2365 -0.165 -0.165 -0.121 -0.055 -0.088 -0.264 -0.198 -0.099 0.143 -0.022 -0.132 -0.297 -0.2585 -0.242 -0.275 -0.143 -0.275 -0.308 -0.56 -0.582 -0.538 -0.396 -0.286 -0.495 -0.396 -0.385 -0.429 -0.462 -0.418 -0.231 -0.286 -0.308 -0.275 -0.121 0.011 -0.165 0.011 -0.484 -0.4565 -0.319 -0.429
-9999 -9999 -9999 -9999 -9999 -9999 -9999 -9999 -9999 -9999 -9999 -9999 -9999 -9999 -9999 -9999 -9999 -0.121 -0.1705 0.11 0.286 0.286 0.297 0.132 0.099 -0.495 -0.44 -0.396 -0.022 -0.077 -0.077 -0.1815 -0.165 -0.088 -0.11 -0.176 -0.352 -0.319 -0.198 -0.319 -0.143 -0.143 -0.352 -0.308 -0.33 -0.308 -0.231 -0.22 -0.275 -0.297 -0.264 -0.077 -0.429 -0.396 -0.593 -0.462 -0.396 -0.407 -0.319 -0.352 -0.352 -0.407 -0.308 -0.187 -0.044 -0.077 -0.121 -0.088 -0.44 -0.495 -0.473 -0.319 -0.264
-9999 -9999 -9999 -9999 -9999 -9999 -9999 -9999 -9999 -9999 -9999 -9999 -9999 -9999 -9999 -9999 -9999 -9999 -0.242 -0.256666666666667 -0.0495 0.1815 0.143 -0.088 -0.2915 -0.462 -0.56 -0.253 0.022 -0.022 -0.319 -0.33 -0.2255 -0.264 -0.154 -0.209 -0.22 -0.165 -0.176 -0.341 -0.297 -0.165 -0.187 -0.209 -0.451 -0.297 -0.22 -0.275 -0.473 -0.473 -0.253 -0.022 -0.429 -0.451 -0.527 -0.451 -0.374 -0.275 -0.253 -0.33 -0.374 -0.231 -0.121 -0.132 -0.088 -0.154 -0.187 -0.198 -0.484 -0.604 -0.143 -0.2145 -0.209
-9999 -9999 -9999 -9999 -9999 -9999 -9999 -9999 -9999 -9999 -9999 -9999 -9999 -9999 -9999 -9999 -9999 -9999 -9999 -0.0935 0.099 0.374 0.132 -0.154 -0.374 -0.467 -0.3685 -0.1265 0.0165 -0.055 -0.1815 -0.242 -0.29975 -0.242 -0.2915 -0.2035 -0.253 -0.2805 -0.308 -0.3025 -0.2695 -0.176 -0.341 -0.33 -0.33 -0.308 -0.286 -0.308 -0.505 -0.308 -0.055 -0.066 -0.198 -0.549 -0.495 -0.516 -0.209 -0.22 -0.2255 -0.396 -0.341 -0.429 -0.198 -0.11 -0.374 -0.429 -0.385 -0.473 -0.538 -0.462 -0.242 -0.286 -0.253
-9999 -9999 -9999 -9999 -9999 -9999 -9999 -9999 -9999 -9999 -9999 -9999 -9999 -9999 -9999 -9999 -9999 -9999 -9999 0.011 0.1155 0.198 0.308 -0.165 -0.374 -0.505 -0.582 -0.132 -0.143 -0.132 -0.242 -0.264 -0.22 -0.2695 -0.374 -0.242 -0.253 -0.253 -0.286 -0.341 -0.44 -0.478 -0.4345 -0.3575 -0.2915 -0.366666666666667 -0.282333333333333 -0.253 -0.176 -0.297 -0.143 -0.209 -0.165 -0.2035 -0.3025 -0.2475 -0.2035 -0.165 -0.168666666666667 -0.282333333333333 -0.363 -0.099 -0.165 -0.165 -0.209 -0.154 -0.484 -0.462 -0.659 -0.451 -0.286 -0.2035 -0.495
-9999 -9999 -9999 -9999 -9999 -9999 -9999 -9999 -9999 -9999 -9999 -9999 -9999 -9999 -9999 -9999 -9999 -9999 -9999 -0.308 -0.0605 0.187 0.011 -0.055 -0.33 -0.374 -0.363 -0.374 -0.516 -0.495 -0.275 -0.11 -0.264 -0.4615 -0.319 -0.319 -0.286 -0.297 -0.352 -0.385 -0.462 -0.615 -0.429 -0.264 -0.264 -0.396 -0.3465 -0.033 0.088 0.11 -0.033 -0.275 -0.319 -0.275 -0.242 0.011 -0.033 -0.154 -0.143 -0.286 -0.286 -0.121 -0.0165 -0.0385 -0.2145 -0.1595 -0.2475 -0.4505 -0.4945 -0.352 -0.308 -0.3135 -0.3685
-9999 -9999 -9999 -9999 -9999 -9999 -9999 -9999 -9999 -9999 -9999 -9999 -9999 -9999 -9999 -9999 -9999 -9999 -9999 -0.308 -0.088 -0.055 0.121 -0.11 -0.33 -0.374 -0.527 -0.297 -0.593 -0.374 -0.495 -0.473 -0.352 -0.527 -0.648 -0.418 -0.505 -0.604 -0.352 -0.549 -0.681 -0.725 -0.484 -0.505 -0.418 -0.495 -0.462 -0.099 0.044 0.066 0.187 -0.176 -0.319 -0.33 -0.242 -0.242 -0.077 -0.044 -0.132 -0.11 -0.319 -0.473 -0.198 0.022 -0.154 -0.154 -0.154 -0.264 -0.473 -0.44 -0.505 -0.462 -0.462
-9999 -9999 -9999 -9999 -9999 -9999 -9999 -9999 -9999 -9999 -9999 -9999 -9999 -9999 -9999 -9999 -9999 -9999 -9999 -0.308 -0.099 -0.165 -0.11 0.066 -0.022 -0.165 -0.462 -0.527 -0.725 -0.176 -0.319 -0.505 -0.363 -0.407 -0.407 -0.396 -0.429 -0.462 -0.374 -0.484 -0.451 -0.374 -0.505 -0.341 -0.341 -0.418 -0.396 -0.066 0.121 -0.143 -0.088 -0.011 -0.352 -0.352 -0.33 -0.231 -0.044 -0.022 -0.11 -0.011 -0.11 -0.055 0.033 0.066 0.033 0.143 -0.099 -0.308 -0.451 -0.451 -0.374 -0.385 -0.495
