data/derived/r_tau_tempsu.asc
NCOLS 186 
NROWS 74 
XLLCORNER 443300.206538099 
YLLCORNER 4085841.77455235 
CELLSIZE 500 
NODATA_value -9999 
[rows 33 to 65 of 74, columns 73 to 145 of 186]
-0.077 -0.077 -0.055 -0.055 -0.055 -0.066 -0.066 -0.055 -0.055 -0.055 -0.066 -0.077 -0.077 -0.099 -0.099 -0.099 -0.077 -0.077 -0.055 -0.055 -0.055 -0.055 -0.033 -0.033 -0.033 -0.022 -0.011 -0.011 -0.011 -0.011 -0.011 0 0.011 0.011 -0.033 -0.033 -0.033 -0.033 -0.011 0 -0.033 -0.033 -0.055 -0.055 -0.044 -0.011 -0.033 -0.033 -0.033 -0.033 -0.033 -0.0165 -0.011 -0.011 -0.033 -0.033 -0.033 -0.033 -0.022 -0.066 -0.044 -0.066 -0.11 -0.121 -0.132 -0.143 -0.143 -0.132 -0.143 -0.143 -0.165 -0.165 -0.165
-0.055 -0.055 -0.055 -0.055 -0.055 -0.077 -0.077 -0.055 -0.055 -0.055 -0.055 -0.055 -0.077 -0.077 -0.099 -0.099 -0.099 -0.077 -0.077 -0.055 -0.077 -0.077 -0.099 -0.099 -0.011 -0.033 -0.011 -0.011 -0.011 -0.011 0.011 0.011 0 -0.033 -0.055 -0.033 -0.033 -0.033 -0.011 -0.011 -0.011 -0.033 -0.055 -0.066 -0.033 -0.022 -0.022 -0.033 -0.033 -0.033 -0.033 -0.033 -0.011 -0.011 -0.011 -0.022 -0.033 -0.022 0 -0.033 -0.022 0.022 -0.033 -0.077 -0.11 -0.121 -0.121 -0.121 -0.143 -0.143 -0.143 -0.143 -0.154
-0.099 -0.077 -0.077 -0.077 -0.077 -0.077 -0.077 -0.077 -0.077 -0.077 -0.077 -0.099 -0.077 -0.077 -0.077 -0.099 -0.099 -0.132 -0.143 -0.121 -0.099 -0.099 -0.099 -0.099 -0.099 -0.011 -0.011 -0.011 -0.011 -0.011 0 0.011 -0.033 -0.033 -0.055 -0.077 -0.055 -0.044 -0.033 -0.022 -0.022 -0.044 -0.033 -0.011 -0.022 -0.011 -0.011 -0.011 0 -0.022 -0.011 -0.011 -0.011 -0.011 -0.011 -0.011 -0.011 0.011 0.022 0.011 -0.011 0.044 0.044 0.044 0.011 -0.099 -0.121 -0.121 -0.121 -0.121 -0.121 -0.121 -0.143
-0.143 -0.135666666666667 -0.121 -0.121 -0.077 -0.099 -0.099 -0.099 -0.077 -0.077 -0.099 -0.088 -0.077 -0.077 -0.0935 -0.132 -0.121 -0.121 -0.143 -0.143 -0.143 -0.121 -0.099 -0.099 -0.099 -0.099 -0.011 -0.011 -0.011 -0.044 -0.077 -0.044 -0.033 -0.055 -0.055 -0.077 -0.077 -0.055 -0.033 -0.033 -0.022 0 -0.011 -0.011 -0.011 -0.011 -0.011 -0.011 -0.011 -0.011 -0.011 -0.011 -0.011 -0.011 -0.011 -0.011 -0.011 0 0.011 0.011 0.011 0.055 0.044 0.044 0.055 0.055 -0.022 -0.099 -0.099 -0.121 -0.121 -0.121 -0.121
-0.165 -0.157666666666667 -0.121 -0.132 -0.143 -0.143 -0.143 -0.143 -0.132 -0.1375 -0.1045 -0.088 -0.099 -0.099 -0.13475 -0.154 -0.132 -0.121 -0.143 -0.143 -0.143 -0.121 -0.121 -0.1155 -0.11 -0.099 -0.088 -0.066 -0.0605 -0.0715 -0.077 -0.077 -0.055 -0.0715 -0.077 -0.077 -0.077 -0.066 -0.055 -0.0495 -0.0385 -0.011 -0.011 -0.011 -0.011 -0.011 -0.011 -0.0165 -0.022 -0.0165 -0.033 -0.0165 -0.0165 -0.01925 -0.022 -0.0275 -0.011 -0.0055 -0.0055 0 0.011 0.0055 0.0055 0.055 0.0495 0.055 0.044 -0.0165 -0.022 -0.066 -0.066 -0.0825 -0.1045
-0.165 -0.165 -0.1595 -0.165 -0.165 -0.165 -0.165 -0.165 -0.143 -0.143 -0.143 -0.121 -0.099 -0.11 -0.121 -0.154 -0.165 -0.143 -0.143 -0.143 -0.143 -0.121 -0.143 -0.143 -0.121 -0.121 -0.099 -0.099 -0.0825 -0.077 -0.077 -0.088 -0.055 -0.066 -0.077 -0.077 -0.077 -0.099 -0.066 -0.077 -0.099 0.011 0 -0.011 -0.011 -0.011 -0.011 -0.033 -0.055 -0.055 -0.033 -0.033 -0.033 -0.033 -0.022 -0.033 -0.033 -0.033 -0.033 -0.033 -0.033 -0.033 -0.022 0.022 0.033 0.044 0.033 0.033 -0.011 -0.011 -0.022 -0.033 -0.033
-0.165 -0.165 -0.1595 -0.165 -0.165 -0.165 -0.165 -0.165 -0.165 -0.143 -0.143 -0.121 -0.11 -0.121 -0.121 -0.165 -0.165 -0.143 -0.154 -0.165 -0.143 -0.132 -0.165 -0.165 -0.132 -0.121 -0.099 -0.099 -0.099 -0.099 -0.099 -0.099 -0.099 -0.055 -0.077 -0.077 -0.099 -0.099 -9999 -0.099 -0.088 -0.044 0.011 0.011 0 0.011 0 0 -0.011 -0.033 0.011 -0.011 -0.033 -0.011 -0.0055 -0.033 -0.044 -0.055 -0.033 -0.055 -0.044 -0.055 -0.077 -0.022 0.011 0.033 0.011 0.0275 -0.011 -0.011 -0.011 -0.011 -0.022
-0.165 -0.165 -0.165 -0.176 -0.165 -0.165 -0.176 -0.187 -0.187 -0.165 -0.143 -0.121 -0.11 -0.121 -0.121 -0.165 -0.165 -0.143 -0.165 -0.165 -0.176 -0.165 -0.165 -0.165 -0.143 -0.165 -0.143 -0.077 -0.099 -0.088 -0.099 -0.11 -0.121 -0.11 -0.055 -0.088 -0.099 -0.143 -9999 -0.121 -0.077 -0.077 0.0055 0.011 0.011 0.011 0 -0.011 0 -0.011 0.022 0 0.011 0.011 0.055 -0.033 -0.077 -0.066 -0.066 -0.066 -0.055 -0.077 -0.088 -0.033 0 0.011 0.011 0.022 0.0165 0.011 0.011 0.044 0.033
-0.187 -0.165 -0.165 -0.176 -0.187 -0.187 -0.187 -0.187 -0.187 -0.165 -0.143 -0.121 -0.121 -0.121 -0.121 -0.165 -0.165 -0.143 -0.165 -0.165 -0.187 -0.165 -0.143 -0.143 -0.165 -0.143 -0.154 -0.121 -0.121 -0.11 -0.088 -0.099 -0.143 -0.143 -0.121 -0.077 -0.099 -0.176 -9999 -0.143 -0.121 -0.121 0.0385 0.033 0.033 0.033 0.033 0.055 0.044 0.011 0.033 0.055 0.033 0.011 0.044 -0.033 -0.077 -0.077 -0.055 -0.077 -0.077 -0.077 -0.055 -0.011 -0.011 0.011 0 0.011 0.011 0.011 0.011 0.022 0.044
-0.187 -0.176 -0.176 -0.187 -0.187 -0.187 -0.187 -0.187 -0.187 -0.165 -0.143 -0.121 -0.143 -0.121 -0.121 -0.165 -0.165 -0.143 -0.165 -0.187 -0.165 -0.154 -0.143 -0.165 -0.154 -0.165 -0.165 -0.099 -0.099 -0.121 -0.121 -0.121 -0.121 -0.132 -0.143 -0.099 -0.165 -0.187 -9999 -9999 -0.121 -9999 0.0495 0.044 0.033 0.044 0.055 0.055 0.033 0.011 0.033 0.022 0.055 0.022 0.022 -0.033 -0.077 -0.077 -0.077 -0.077 -0.077 -0.055 -0.044 -0.033 0 0.022 0 0.033 0.011 0.011 0.011 0.011 0.022
-0.176 -0.187 -0.187 -0.187 -0.165 -0.187 -0.187 -0.187 -0.198 -0.187 -0.143 -0.132 -0.143 -0.121 -0.154 -0.165 -0.165 -0.165 -0.187 -0.187 -0.165 -0.143 -0.165 -0.165 -0.165 -0.165 -0.165 -0.099 -0.099 -0.099 -0.121 -0.121 -0.132 -0.121 -0.165 -0.187 -0.187 -0.187 -9999 -9999 -9999 -9999 0.033 0.055 0.055 0.088 0.055 0.066 0.044 0.022 0.033 0.055 0.077 0.055 0.011 -0.011 -0.0605 -0.066 -0.077 -0.077 -0.077 -0.055 -0.011 0.011 -0.011 0.011 0.044 0.066 0.033 0.0495 0.055 0.022 0.055
-0.165 -0.187 -0.187 -0.165 -0.165 -0.165 -0.165 -0.209 -0.209 -0.198 -0.154 -0.143 -0.121 -0.121 -0.165 -0.165 -0.165 -0.1815 -0.187 -0.187 -0.143 -0.165 -0.165 -0.187 -0.165 -0.143 -0.143 -0.143 -0.132 -0.121 -0.1265 -0.143 -0.121 -0.121 -0.187 -0.165 -0.165 -0.121 -9999 -9999 -9999 -0.143 0.033 0.0495 0.077 0.077 0.077 0.044 0.055 0.055 0.044 0.055 0.066 0.088 0.077 0.055 0.0055 -0.044 -0.077 -0.055 -0.044 0.011 0.044 0.033 0.055 0.077 0.044 0.088 0.077 0.0825 0.066 0.077 0.055
-0.176 -0.187 -0.165 -0.165 -0.165 -0.165 -0.187 -0.187 -0.209 -0.209 -0.143 -0.132 -0.121 -0.121 -0.143 -0.165 -0.165 -0.165 -0.187 -0.165 -0.165 -0.187 -0.165 -0.143 -0.143 -0.143 -0.165 -0.154 -0.143 -0.143 -0.132 -0.121 -0.121 -0.143 -0.143 -0.165 -0.143 -0.143 -0.121 -9999 -9999 -9999 0.044 0.033 0.066 0.066 0.077 0.055 0.066 0.044 0.055 0.077 0.066 0.077 0.11 0.055 0.044 0.044 0.022 0 0.033 0.033 0.011 0.033 0.033 0.033 0.055 0.055 0.077 0.066 0.0715 0.055 0.055
-0.187 -0.176 -0.165 -0.165 -0.165 -0.165 -0.187 -0.187 -0.209 -0.209 -0.154 -0.143 -0.121 -0.143 -0.143 -0.165 -0.187 -0.187 -0.187 -0.143 -0.165 -0.165 -0.154 -0.143 -0.143 -0.165 -0.187 -0.187 -0.143 -0.143 -0.143 -0.132 -0.165 -0.165 -0.143 -0.154 -0.154 -0.121 -0.121 -9999 -9999 -9999 -0.088 0.055 0.0495 0.077 0.077 0.077 0.099 0.088 0.055 0.121 0.121 0.099 0.099 0.121 0.11 0.088 0.055 0.055 0.011 0.022 0.033 0.044 0.066 0.077 0.077 0.077 0.077 0.077 0.055 0.088 0.088
-0.187 -0.187 -0.165 -0.165 -0.165 -0.165 -0.1925 -0.187 -0.187 -0.176 -0.143 -0.121 -0.132 -0.143 -0.154 -0.187 -0.187 -0.209 -0.187 -0.209 -0.187 -0.143 -0.165 -0.165 -0.165 -0.187 -0.187 -0.187 -0.187 -0.165 -0.154 -0.143 -0.143 -0.165 -0.165 -0.143 -0.154 -0.121 -0.121 -9999 -9999 -0.077 -0.077 0.044 0.088 0.088 0.066 0.066 0.099 0.088 0.077 0.077 0.099 0.11 0.132 0.143 0.143 0.1485 0.143 0.121 0.121 0.099 0.077 0.088 0.088 0.077 0.066 0.077 0.066 0.077 0.0495 0.088 0.055
-0.187 -0.176 -0.187 -0.165 -0.165 -0.165 -0.198 -0.187 -0.187 -0.165 -0.143 -0.121 -0.143 -0.154 -0.165 -0.187 -0.187 -0.187 -0.198 -0.22 -0.187 -0.187 -0.176 -0.187 -0.187 -0.176 -0.187 -0.165 -0.165 -0.187 -0.165 -0.165 -0.143 -0.143 -0.143 -0.143 -0.11 -0.165 -0.121 -9999 -9999 -9999 -0.077 0.066 0.077 0.077 0.099 0.099 0.099 0.055 0.055 0.077 0.11 0.121 0.143 0.132 0.209 0.231 0.231 0.209 0.165 0.11 0.132 0.099 0.077 0.044 0.055 0.055 0.055 0.077 0.022 0.0605 0.066
-0.1705 -0.187 -0.1815 -0.165 -0.165 -0.165 -0.194333333333333 -0.172333333333333 -0.154 -0.143 -0.1265 -0.132 -0.143 -0.165 -0.187 -0.187 -0.2145 -0.209 -0.209 -0.201666666666667 -0.194333333333333 -0.187 -0.187 -0.187 -0.187 -0.165 -0.165 -0.165 -0.165 -0.165 -0.165 -0.165 -0.165 -0.157666666666667 -0.154 -0.143 -0.121 -0.1155 -0.0935 -0.077 -9999 -9999 -0.077 -0.066 0.0165 0.0696666666666667 0.0513333333333333 0.055 0.055 0.077 0.044 0.0715 0.0935 0.1155 0.1155 0.1815 0.22 0.231 0.253 0.234666666666667 0.2035 0.1485 0.1045 0.088 0.099 0.0825 0.0165 0.011 0.044 0.044 0.0495 0.00733333333333333 0.022
-0.165 -0.187 -0.187 -0.176 -0.165 -0.165 -0.187 -0.154 -0.154 -0.143 -0.121 -0.143 -0.165 -0.165 -0.187 -0.231 -0.209 -0.231 -0.209 -0.209 -0.198 -0.187 -0.187 -0.187 -0.165 -0.165 -0.165 -0.176 -0.187 -0.165 -0.165 -0.165 -0.165 -0.165 -0.165 -0.132 -0.121 -0.121 -0.088 -0.088 -9999 -9999 -9999 -0.055 -0.033 0.044 0.044 0.055 -9999 -9999 -9999 0.077 0.088 0.099 0.121 0.165 0.209 0.231 0.231 0.2145 0.165 0.11 0.099 0.099 0.099 0.022 -0.011 -0.011 -0.011 -0.011 0 -0.011 -0.0055
-0.165 -0.176 -0.176 -0.165 -0.165 -0.165 -0.165 -0.143 -0.143 -0.121 -0.143 -0.165 -0.165 -0.176 -0.209 -0.231 -0.231 -0.209 -0.22 -0.209 -0.176 -0.187 -0.176 -0.165 -0.165 -0.165 -0.165 -0.165 -0.165 -0.176 -0.165 -0.165 -0.165 -0.165 -0.165 -0.143 -0.121 -0.121 -0.055 -9999 -9999 -9999 -9999 -9999 -0.055 0.011 -9999 -9999 -9999 -9999 -9999 -9999 0.077 0.088 0.099 0.143 0.143 0.176 0.176 0.165 0.099 0.099 0.099 0.055 0.011 -0.011 -0.011 -0.011 -0.011 -0.011 0.011 -0.011 -0.011
-0.143 -0.143 -0.165 -0.187 -0.165 -0.121 -0.143 -0.143 -0.132 -0.143 -0.143 -0.165 -0.165 -0.187 -0.253 -0.231 -0.231 -0.209 -0.231 -0.209 -0.187 -0.187 -0.187 -0.165 -0.165 -0.165 -0.165 -0.187 -0.165 -0.176 -0.187 -0.176 -0.154 -0.154 -0.1485 -0.143 -9999 -9999 -9999 -9999 -9999 -9999 -9999 -9999 -9999 -9999 -9999 -9999 -9999 -9999 -9999 -9999 -9999 0.077 0.077 0.099 0.11 0.121 0.121 0.099 0.0165 0.022 0.011 0.011 0.033 0.011 -0.011 -0.011 -0.011 0 0.011 -0.011 -0.011
-0.143 -0.143 -0.165 -0.143 -0.11 -0.099 -0.143 -0.143 -0.11 -0.143 -0.165 -0.165 -0.165 -0.22 -0.253 -0.231 -0.209 -0.209 -0.209 -0.209 -0.187 -0.187 -0.176 -0.165 -0.187 -0.187 -0.187 -0.165 -0.165 -0.165 -0.165 -0.187 -0.165 -0.165 -0.143 -0.143 -9999 -9999 -9999 -9999 -9999 -9999 -9999 -9999 -9999 -9999 -9999 -9999 -9999 -9999 -9999 -9999 0.011 0.011 0.022 0.011 0.077 0.022 0.011 0 0 -0.033 -0.022 -0.011 -0.011 0.011 0.011 0.011 -0.011 -0.011 -0.011 -0.011 -0.011
-0.132 -0.121 -0.121 -0.143 -0.121 -0.121 -0.143 -0.121 -0.121 -0.1485 -0.165 -0.165 -0.165 -0.242 -0.209 -0.209 -0.209 -0.209 -0.22 -0.209 -0.187 -0.187 -0.1705 -0.187 -0.165 -0.165 -0.165 -0.165 -0.165 -0.165 -0.165 -0.165 -9999 -9999 -9999 -9999 -9999 -9999 -9999 -9999 -9999 -9999 -9999 -9999 -9999 -9999 -9999 -9999 -9999 -9999 -9999 -9999 -9999 -0.011 -0.011 -0.011 0 0.033 -0.033 -0.077 -0.055 -0.0605 -0.077 -0.077 -0.033 -0.033 -0.011 0.011 0.011 0.011 -0.011 -0.011 -0.011
-0.121 -0.121 -0.121 -0.121 -0.099 -0.154 -0.143 -0.099 -0.132 -0.154 -0.165 -0.165 -0.209 -0.231 -0.209 -0.209 -0.209 -0.209 -0.231 -0.198 -0.187 -0.187 -0.176 -0.187 -0.165 -9999 -9999 -0.165 -0.165 -9999 -0.165 -0.165 -9999 -9999 -9999 -9999 -9999 -9999 -9999 -9999 -9999 -9999 -9999 -9999 -9999 -9999 -9999 -9999 -9999 -9999 -9999 -9999 -9999 -9999 -0.011 -0.011 -0.022 -0.055 -0.066 -0.033 -0.022 -0.0165 -0.055 -0.077 -0.055 -0.066 -0.044 -0.022 -0.011 0.011 0.011 0.011 -0.011
-0.121 -0.121 -0.121 -0.11 -0.099 -0.143 -0.165 -0.121 -0.132 -0.143 -0.165 -0.209 -0.231 -0.198 -0.198 -0.209 -0.209 -0.209 -0.209 -0.198 -0.187 -0.187 -9999 -0.165 -9999 -9999 -9999 -0.165 -9999 -9999 -9999 -9999 -9999 -9999 -9999 -9999 -9999 -9999 -9999 -9999 -9999 -9999 -9999 -9999 -9999 -9999 -9999 -9999 -9999 -9999 -9999 -9999 -9999 -9999 -9999 -9999 -9999 -9999 -9999 -9999 -9999 -9999 -0.033 -0.055 -0.099 -0.077 -0.077 -0.055 -0.033 -0.011 -0.011 0.011 0.011
-0.121 -0.121 -0.121 -0.099 -0.077 -0.154 -0.143 -0.143 -0.11 -0.121 -0.187 -0.22 -0.209 -0.176 -0.209 -0.209 -0.209 -0.253 -0.209 -0.209 -9999 -9999 -9999 -9999 -9999 -9999 -9999 -9999 -9999 -9999 -9999 -9999 -9999 -9999 -9999 -9999 -9999 -9999 -9999 -9999 -9999 -9999 -9999 -9999 -9999 -9999 -9999 -9999 -9999 -9999 -9999 -9999 -9999 -9999 -9999 -9999 -9999 -9999 -9999 -9999 -9999 -9999 -0.011 -0.055 -0.088 -0.055 -0.077 -0.055 -0.033 -0.022 -0.011 0.011 0.011
-0.099 -0.11 -0.088 -0.088 -0.077 -0.099 -0.132 -0.143 -0.143 -0.165 -0.176 -0.198 -9999 -9999 -0.176 -0.209 -0.209 -0.242 -0.209 -0.209 -9999 -9999 -9999 -9999 -9999 -9999 -9999 -9999 -9999 -9999 -9999 -9999 -9999 -9999 -9999 -9999 -9999 -9999 -9999 -9999 -9999 -9999 -9999 -9999 -9999 -9999 -9999 -9999 -9999 -9999 -9999 -9999 -9999 -9999 -9999 -9999 -9999 -9999 -9999 -9999 -9999 -9999 -9999 -9999 -9999 -0.077 -0.077 -9999 -9999 -0.033 -0.011 -9999 -9999
-0.099 -0.099 -0.077 -0.077 -0.077 -0.143 -0.143 -0.165 -0.143 -0.143 -0.165 -0.198 -9999 -9999 -9999 -0.176 -0.209 -0.209 -0.209 -9999 -9999 -9999 -9999 -9999 -9999 -9999 -9999 -9999 -9999 -9999 -9999 -9999 -9999 -9999 -9999 -9999 -9999 -9999 -9999 -9999 -9999 -9999 -9999 -9999 -9999 -9999 -9999 -9999 -9999 -9999 -9999 -9999 -9999 -9999 -9999 -9999 -9999 -9999 -9999 -9999 -9999 -9999 -9999 -9999 -9999 -9999 -9999 -9999 -9999 -9999 -9999 -9999 -9999
-0.088 -0.088 -0.088 -0.121 -0.154 -0.143 -0.165 -0.187 -0.165 -0.165 -0.165 -0.176 -9999 -9999 -9999 -9999 -0.209 -9999 -9999 -9999 -9999 -9999 -9999 -9999 -9999 -9999 -9999 -9999 -9999 -9999 -9999 -9999 -9999 -9999 -9999 -9999 -9999 -9999 -9999 -9999 -9999 -9999 -9999 -9999 -9999 -9999 -9999 -9999 -9999 -9999 -9999 -9999 -9999 -9999 -9999 -9999 -9999 -9999 -9999 -9999 -9999 -9999 -9999 -9999 -9999 -9999 -9999 -9999 -9999 -9999 -9999 -9999 -9999
-0.143 -0.1375 -0.132 -0.1375 -0.176 -0.187 -0.2035 -0.187 -0.198 -0.165 -0.165 -0.165 -0.176 -9999 -9999 -9999 -9999 -9999 -9999 -9999 -9999 -9999 -9999 -9999 -9999 -9999 -9999 -9999 -9999 -9999 -9999 -9999 -9999 -9999 -9999 -9999 -9999 -9999 -9999 -9999 -9999 -9999 -9999 -9999 -9999 -9999 -9999 -9999 -9999 -9999 -9999 -9999 -9999 -9999 -9999 -9999 -9999 -9999 -9999 -9999 -9999 -9999 -9999 -9999 -9999 -9999 -9999 -9999 -9999 -9999 -9999 -9999 -9999
-0.143 -0.143 -0.143 -0.143 -0.187 -0.209 -9999 -9999 -0.187 -0.187 -0.209 -9999 -9999 -9999 -9999 -9999 -9999 -9999 -9999 -9999 -9999 -9999 -9999 -9999 -9999 -9999 -9999 -9999 -9999 -9999 -9999 -9999 -9999 -9999 -9999 -9999 -9999 -9999 -9999 -9999 -9999 -9999 -9999 -9999 -9999 -9999 -9999 -9999 -9999 -9999 -9999 -9999 -9999 -9999 -9999 -9999 -9999 -9999 -9999 -9999 -9999 -9999 -9999 -9999 -9999 -9999 -9999 -9999 -9999 -9999 -9999 -9999 -9999
-0.154 -0.165 -0.187 -0.187 -9999 -9999 -9999 -9999 -9999 -9999 -9999 -9999 -9999 -9999 -9999 -9999 -9999 -9999 -9999 -9999 -9999 -9999 -9999 -9999 -9999 -9999 -9999 -9999 -9999 -9999 -9999 -9999 -9999 -9999 -9999 -9999 -9999 -9999 -9999 -9999 -9999 -9999 -9999 -9999 -9999 -9999 -9999 -9999 -9999 -9999 -9999 -9999 -9999 -9999 -9999 -9999 -9999 -9999 -9999 -9999 -9999 -9999 -9999 -9999 -9999 -9999 -9999 -9999 -9999 -9999 -9999 -9999 -9999
-0.176 -0.187 -0.187 -9999 -9999 -9999 -9999 -9999 -9999 -9999 -9999 -9999 -9999 -9999 -9999 -9999 -9999 -9999 -9999 -9999 -9999 -9999 -9999 -9999 -9999 -9999 -9999 -9999 -9999 -9999 -9999 -9999 -9999 -9999 -9999 -9999 -9999 -9999 -9999 -9999 -9999 -9999 -9999 -9999 -9999 -9999 -9999 -9999 -9999 -9999 -9999 -9999 -9999 -9999 -9999 -9999 -9999 -9999 -9999 -9999 -9999 -9999 -9999 -9999 -9999 -9999 -9999 -9999 -9999 -9999 -9999 -9999 -9999
-0.187 -9999 -9999 -9999 -9999 -9999 -9999 -9999 -9999 -9999 -9999 -9999 -9999 -9999 -9999 -9999 -9999 -9999 -9999 -9999 -9999 -9999 -9999 -9999 -9999 -9999 -9999 -9999 -9999 -9999 -9999 -9999 -9999 -9999 -9999 -9999 -9999 -9999 -9999 -9999 -9999 -9999 -9999 -9999 -9999 -9999 -9999 -9999 -9999 -9999 -9999 -9999 -9999 -9999 -9999 -9999 -9999 -9999 -9999 -9999 -9999 -9999 -9999 -9999 -9999 -9999 -9999 -9999 -9999 -9999 -9999 -9999 -9999
