data/derived/r_tau_scod.asc
NCOLS 186 
NROWS 74 
XLLCORNER 443300.206538099 
YLLCORNER 4085841.77455235 
CELLSIZE 500 
NODATA_value -9999 
[rows 34 to 67 of 74, columns 0 to 75 of 186]
-9999 -9999 -9999 -9999 -9999 -9999 -9999 -9999 -9999 -9999 -9999 -9999 -9999 -9999 -0.242 -0.418 -0.176 0.066 0.088 -9999 -9999 0.25025 0.2255 0.374 0.2805 0.253 0.286 0.3245 0.341 0.319 0.1265 0.132 0.198 0.165 0.286 0.198 0.176 0.253 0.176 -0.044 0.121 0.198 0.011 -0.044 0.253 0.374 0.363 0.2915 0.352 0.088 0.22 0.022 0.033 0.231 0.121 0.187 0.198 0.088 -0.11 -0.044 0.253 0.253 0.275 0.099 0.198 0.187 0.099 0.154 0.121 0.077 0.088 0.044 0.209 0.2695 0.198 0.198
-9999 -9999 -9999 -9999 -9999 -9999 -9999 -9999 -9999 -9999 -9999 -9999 -9999 -9999 -0.198 -0.066 0.077 0.066 0.132 -9999 -9999 -9999 0.22 0.231 0.495 0.275 0.396 0.385 0.308 0.187 0.165 0.231 0.2255 -0.055 0.139333333333333 0.216333333333333 0.176 0.154 0.1925 0.066 0.1485 0.154 0.022 0.187 0.2805 0.3135 0.1815 0.231 0.102666666666667 0.143 0.088 0.121 0.011 0.099 0.121 0.209 0.099 0.11 0.022 0.099 0.198 0.33 0.275 0.253 0.253 0.011 -0.044 -0.077 -0.033 -0.066 0.11 0.341 0.154 0.044 0.055 0.22
-9999 -9999 -9999 -9999 -9999 -9999 -9999 -9999 -9999 -9999 -9999 -9999 -9999 -9999 -0.198 -0.022 0.077 0.077 0.066 0.044 -9999 0.165 0.319 0.33 0.22 0.253 0.165 0.231 0.209 0.264 0.308 0.253 0.242 0.088 0.088 0.1375 0.011 0.121 0.055 0.385 0.22 0.22 0.22 0.374 0.363 0.066 -0.022 -0.066 0.132 0.2145 0.2255 0.1925 0.011 0.088 0.1485 0.187 0.132 0.143 0.154 0.209 0.209 0.37125 0.264 0.308 0.374 0.1925 0.1925 0.088 0.0825 0.044 0.0495 0.066 0 -0.0715 -0.0733333333333333 -0.121
-9999 -9999 -9999 -9999 -9999 -9999 -9999 -9999 -9999 -9999 -9999 -9999 -9999 -9999 -9999 -0.044 0.044 -0.099 -0.011 0.022 -0.011 0.176 0.022 0.3245 0.626 -0.011 -0.011 0.066 0.011 0.176 0.275 0.275 0.22 0.088 0.088 0.22 0.187 0.209 0.385 0.385 0.451 0.44 0.209 0.209 0.363 0.132 0.242 0.176 0.198 0.2805 0.319 0.209 0.077 0.176 0.198 -0.022 0.154 0.198 0.066 0.077 0.154 0.341 0.297 0.407 0.341 0.209 0.264 0.187 0.033 -0.11 -0.176 0.011 -0.055 -0.033 -0.117333333333333 -0.286
-9999 -9999 -9999 -9999 -9999 -9999 -9999 -9999 -9999 -9999 -9999 -9999 -9999 -9999 -9999 -0.22 -0.044 -0.187 -0.011 0.066 0.011 0.077 0.088 0.231 0.231 0.418 0.571 0.429 0.22 0.352 0.374 0.033 0.176 0.264 0.286 0.088 0.2365 0.253 0.385 0.385 0.44 0.253 0.253 0.385 0.385 0.363 0.418 0.088 0.088 0.3025 0.33 0.363 -0.011 0.198 0.198 0.099 0.198 0.176 0.011 0.22 0.407 0.308 0.308 0.495 0.407 0.297 0.143 0.11 0.132 0.088 0.165 -0.022 0 -0.011 -0.044 -0.077
-9999 -9999 -9999 -9999 -9999 -9999 -9999 -9999 -9999 -9999 -9999 -9999 -9999 -9999 -9999 -0.154 -0.099 -0.132 -0.165 -0.055 0.066 0.209 -0.022 0.22 0.176 0.275 0.374 0.462 0.275 0.253 0.176 0.209 0.286 0.352 0.352 0.407 0.308 0.264 0.44 0.484 0.308 0.385 0.385 0.319 0.22 0.275 0.22 0.055 -0.011 0.209 0.352 0.033 0.352 0.33 0.341 0.198 0.011 0.011 0.011 0.264 0.407 0.297 0.286 0.462 0.22 0.22 0.099 0.363 0.308 0.154 -0.077 0.22 0.121 0.132 0.022 0.088
-9999 -9999 -0.242 -9999 -9999 -9999 -9999 -9999 -9999 -9999 -9999 -9999 -9999 -9999 -9999 -0.099 0.022 0.242 0.033 -0.176 -0.198 0.066 0 0.011 0.022 0.165 0.165 0.319 0.11 0.264 0.264 0.187 0.286 0.187 0.352 0.264 0.264 0.374 0.352 0.396 0.363 0.275 0.396 0.352 0.275 0.275 0.077 -0.044 -0.011 -0.011 0.176 0.033 0.352 0.33 0.198 0.176 0.22 0.264 0.44 0.297 0.066 0.143 0.088 0.231 0.253 0.231 0.132 0.154 0.231 0.275 0.297 0.231 0.198 0.11 0.022 0.044
-9999 -9999 -9999 -9999 -9999 -0.132 -0.121 -9999 -9999 -9999 -9999 -9999 -0.286 -0.22 -0.022 -0.088 0.154 0.242 0.582 0.022 0.022 0.308 0.044 -0.066 -0.088 0.066 0.088 0.275 0.308 0.341 0.341 0.33 0.308 0.22 0.121 0.121 0.055 0.132 0.308 0.308 0.275 0.341 0.396 0.341 0.484 0.451 0.033 -0.022 -0.011 0.022 0 0.231 0.231 0.253 0.231 0.022 0.308 0.242 0.275 0.198 0.033 0.033 0.033 0.2035 0.363 0.363 0.275 0.286 0.275 0.33 0.275 0.319 0 -0.055 -0.088 -0.011
-9999 -9999 -9999 -0.198 -9999 -9999 -9999 -0.176 -9999 -9999 -9999 -0.275 -0.2365 -0.407 -0.231 0.198 0.044 0.143 0.176 0.341 0.22 0.022 0.264 -0.033 -0.011 -0.1925 0.22 0.198 0.341 0.374 0.286 0.319 0.286 0.121 0.011 0.066 -0.055 -0.077 0.2585 0.253 0.429 0.418 0.418 0.319 0.363 0.363 0.077 0.099 0.011 0.011 0.022 0.0495 0.088 0.088 0.088 0.088 0.176 0.242 0.154 0.154 -0.066 0.11 0.242 0.264 0.2695 0.363 0.363 0.275 0.165 0.352 0.297 0.319 -0.044 -0.033 -0.033 -0.011
-9999 -0.121 -0.132 -0.165 -0.11 -0.154 -0.154 0.055 -0.352 -0.165 -0.154 -0.077 -0.242 -0.363 -0.209 0.132 0.209 0.209 0.209 0.187 0.198 0.22 0.253 0.231 0.165 0.11 0 0.187 0.264 0.198 0.077 0.011 0.176 0.275 -0.044 0.033 -0.077 0.308 0.451 0.253 0.385 0.385 0.242 0.264 0.154 0.187 0.066 0.099 0.088 0.011 0.011 0.1045 0.099 0.165 0.165 0.176 0.231 0.187 0.187 0.044 0.143 0.22 0.253 0.451 0.3905 0.352 0.374 0.33 0.286 0.385 0.209 0.154 0.044 -0.198 -0.176 -0.176
-0.190666666666667 -0.1265 -0.154 -0.154 -0.308 -0.022 0.132 0.308 0.198 0.088 0.231 0.264 -0.456 -0.396 -0.341 0.187 0.033 -0.154 -0.011 0.143 0.044 0.055 0.055 0.286 0.264 0.286 0.286 0.352 0.286 0.143 0.055 0.055 0.055 0.275 0.143 0.143 0.066 0.176 0.429 0.11 0.264 0.286 0.286 0.33 0.176 0.077 0.011 0.011 0.011 0.011 0.099 0.099 0.099 0.253 0.099 0.099 0.165 -0.055 0.154 0.143 0.099 0.242 0.187 0.33 0.154 0.055 -0.066 -0.033 -0.132 0.209 0.22 0.198 0.198 -0.143 -0.132 -0.176
-9999 -0.308 -0.231 -0.176 -0.297 0.121 -0.033 -0.0715 0.044 0.022 0.0495 -0.1375 -0.0715 -0.13475 0.11 0.242 -0.121 -0.11 0.099 0.209 -0.242 -0.11 -0.077 -0.066 0.055 0.176 0.198 0.044 0 0.044 0.143 0.187 0.187 0.033 0.165 0.022 0.209 0.275 0.385 0.297 0.143 0.132 0.176 0.319 0.132 0.022 0.011 0.011 0.055 0.066 0.396 0.385 0.396 0.385 0.121 0.198 -0.066 0.033 -0.055 -0.011 0.066 0.066 -0.022 -0.033 -0.275 0.022 0.154 -0.022 0.088 0.264 0.308 0.253 0.121 -0.077 -0.198 -0.176
-9999 -9999 -0.22 0.011 -0.297 -0.484 -0.56 -0.253 -0.022 -0.154 0.143 -0.055 -0.066 -0.143 -0.0916666666666667 0 -0.198 -0.187 0.055 0.275 -0.044 0 0.0275 0.055 0.0605 0.2915 0.231 0.194333333333333 0.143 0.121 0.22 0.066 0.066 0.055 0.22 0.33 0.286 0.33 0.363 0.264 0.165 0.132 0.143 0.088 0.055 0.011 -0.022 0.385 0.187 0.165 0.462 0.44 0.3355 0.374 0.374 0.319 0.121 -0.11 -0.264 -0.044 0.044 0.154 -0.022 0.011 -0.033 -0.0935 0.121 0.275 0.33 0.341 0.341 0.253 0.308 0.011 -0.143 -0.055
-9999 -9999 -9999 -0.22 -0.165 -0.33 -0.396 -0.462 -0.264 -0.264 -0.121 -0.165 -0.341 -0.066 -0.198 -0.055 -0.143 -0.099 0.286 0.132 -0.066 -0.066 -0.044 -0.077 -0.099 0.286 0.044 0.242 0.2145 0.088 0.1375 0.308 0.088 0.088 0.1375 0.33 0.396 0.3795 0.4125 0.099 0.077 0.077 0.0825 0.0825 0.165 0.088 0.231 0.308 0.407 0.385 0.33 0.374 0.319 0.319 0.308 0.011 0.011 -0.165 -0.176 -0.275 -0.297 -0.044 -0.187 -0.132 -0.033 -0.033 -0.0055 -0.11 0.242 0.198 0.286 0.242 0.176 -0.242 -0.242 -0.055
-9999 -9999 -9999 -9999 -9999 -0.132 -0.253 -0.407 -0.407 -0.154 -0.154 -0.187 -0.242 -0.044 0.143 0.3135 0.154 0.121 0.253 -0.132 -0.209 -0.099 -0.077 -0.033 0.055 -0.121 0.022 -0.099 -0.132 -0.022 0.176 0.176 0.121 0.121 0.385 0.44 0.286 0.275 0.264 0.132 0.132 0.132 0.066 0.231 0.385 0.4235 0.2035 0.1925 0.198 0.2805 0.275 0.154 0.2255 0.26125 0.0275 -0.033 0.011 -0.1595 -0.198 -0.198 -0.2365 -0.143 0.0055 -0.1155 -0.1155 -0.1595 -0.00275 0.165 0.297 0.297 0.429 0.242 -0.011 -0.231 -0.319 -0.297
-9999 -9999 -9999 -9999 -9999 -9999 -0.187 -0.33 -0.33 -0.187 -9999 -0.165 -0.253 -0.242 -0.253 0.187 0.253 0.308 0.286 -0.143 -0.033 -0.044 0.242 0.143 0.264 0.143 0.077 -0.033 -0.011 0.143 0.176 0.11 0.055 0.077 0.407 0.253 0.132 0.132 0.099 0.099 0.154 0.1155 0.451 0.33 0.22 0.396 0.077 0.132 0.165 0.154 0.055 0.275 0.165 0.176 -0.0825 -0.11 -0.066 -0.011 -0.066 -0.066 -0.099 -0.099 -0.099 -0.066 -0.055 0.022 0.143 0.172333333333333 0.231 0.242 -0.0385 0.2145 0.132 -0.1925 -0.1925 -0.2255
-9999 -9999 -9999 -9999 -9999 -0.11 -9999 -9999 -9999 -9999 -9999 -9999 -9999 -0.11 -0.176 -0.3185 -0.088 -0.198 0.198 0.066 0.066 -0.022 0.396 0.198 0.099 0.209 0.077 0.077 0.022 0.077 0.11 0.055 0.055 0.055 0.407 0.198 0.099 0.077 0.099 0.066 0.132 0.1155 0.396 0.253 0.264 0.154 0.044 0.011 0.165 0.11 0.11 0.187 0.11 0.165 0.132 0.121 0.176 -0.088 -0.099 -0.077 -0.099 -0.099 -0.099 -0.231 0.055 0.11 0.187 0.1155 0.286 0.088 0.066 0.099 0.055 -0.055 0.044 -0.066
-9999 -9999 -9999 -9999 -9999 -0.088 -0.132 -9999 -9999 -9999 -9999 -9999 -9999 -9999 -0.297 -0.253 -0.088 0.022 0.033 0.297 0.297 0.352 0.363 0.22 0.132 0.264 0.066 0.209 -0.022 -0.033 -0.055 0.121 0.121 0.275 0.407 0.132 0.176 0.077 0.198 0.121 0.132 0.099 0.1485 0.385 0.209 0.099 0.11 0.22 0.22 0.099 0.22 0.033 0.099 0.154 0.011 0.1155 0.165 0.011 -0.033 -0.011 0.022 -0.066 -0.088 0.044 0.363 0.176 0.264 0.209 0.2035 0.11 -0.055 0.077 0.033 -0.022 0.176 0.11
-9999 -9999 -9999 -0.044 -0.132 0.033 -9999 -9999 -9999 -9999 -9999 -9999 -9999 -9999 -0.11 -0.242 -0.3355 -0.132 -0.253 0.198 0.242 0.341 0.385 0.033 0.121 0.429 0.198 -0.209 -0.22 -0.1045 0.088 0.055 0.11 0.264 0.077 0.121 0.11 0.044 0.319 0.154 0.132 0.099 0.209 0.198 0.209 0.209 0.154 0.275 0.22 0.121 0.121 0.143 0.242 0.176 0.176 0.099 -0.033 0.011 -0.033 -0.033 -0.022 -0.011 0.088 0.033 0.077 0 0.33 0.253 0.462 0.154 0.022 0.275 -0.044 -0.033 -0.11 0.066
-9999 -9999 -9999 -9999 -0.132 -0.264 -9999 -9999 -9999 -9999 -9999 -9999 -9999 -9999 -9999 -9999 -0.121 -0.11 0.165 -0.264 -0.022 0.165 0.022 -0.176 0.011 0.231 0.143 0.022 0.11 -0.11 -0.1485 -0.198 0.011 0 0.165 0.286 0.187 0.165 0.165 0.132 0.132 0.418 0.264 0.297 0.209 0.209 0.22 0.275 0.209 0.286 0.275 0.121 0.077 0.132 0.176 0.198 0.165 0.165 0.132 0.132 -0.022 0.033 0.11 -0.143 0.22 0.264 0.253 0.275 0.3685 0.088 0.088 0.176 0.077 0 0.077 0.044
-9999 -9999 -9999 -9999 -0.264 -0.132 -9999 -9999 -9999 -9999 -9999 -9999 -9999 -9999 -9999 -9999 -0.297 -0.077 -0.198 -0.297 -0.143 0.022 0.033 -0.044 0.121 0.165 0.165 0.176 -0.121 -0.099 -0.1155 -0.099 -0.011 0.11 0.176 0.209 0.209 0.209 0.209 0.154 0.132 0.385 0.374 0.286 0.187 0.11 0.253 0.264 0.418 0.143 0.176 0.143 0.253 0.253 0.176 0.176 0.0825 -0.022 -0.022 0.132 -0.033 -0.077 0.154 0.187 0.341 0.264 0.286 0.286 0.44 0.198 0.253 0.275 -0.055 0 0.011 -0.088
-9999 -9999 -9999 -9999 -9999 -0.187 -9999 -9999 -9999 -9999 -9999 -9999 -9999 -9999 -9999 -9999 -0.22 0.0275 0.099 -0.253 -0.22 0.198 0.055 0.198 0.099 0.088 0.088 0.209 -0.198 -0.154 0.0935 0.11 0.055 0.055 0.11 0.132 0.253 0.209 0.209 0.187 0.044 0.209 0.209 0.22 0.209 0.066 0.209 0.198 0.088 0.033 0.198 0.275 0.341 0.363 0.099 0.297 0.055 -0.022 -0.022 -0.033 0.011 0.011 0.099 0.187 0.253 0.374 0.242 0.22 0.066 -0.0055 0.264 0.253 0 -0.044 -0.165 0.055
-9999 -9999 -9999 -9999 -9999 -9999 -9999 -9999 -9999 -9999 -9999 -9999 -9999 -9999 -9999 -9999 -0.187 -0.165 0.022 -0.121 0.209 0.516 0.088 0.022 0.044 0.165 0.132 -0.033 -0.176 0.077 0.055 0.11 0.088 0.11 0.11 0.132 0.253 0.22 0.209 0.154 0.187 0.209 0.209 0.198 0.165 -0.011 0.066 0.176 0.044 -0.011 0.44 0.44 0.429 0.308 0.022 0.143 0.099 -0.088 -0.022 -0.066 0.011 0.132 0.011 0.121 0.209 0.11 0.044 0.374 0.066 0.11 0.1155 -0.022 -0.055 0.055 0.22 0.374
-9999 -9999 -9999 -9999 -9999 -9999 -9999 -9999 -9999 -9999 -9999 -9999 -9999 -9999 -9999 -9999 -9999 -0.121 -0.1705 0.121 0.33 0.396 0.341 0.11 0.132 -0.099 -0.121 0.077 0.011 -0.022 0.099 0.1155 -0.022 0.055 0.055 -0.033 0.132 0.132 0.231 0.231 0.209 0.22 0.22 0.187 0.187 -0.011 -0.121 -0.297 0.121 0.033 0.22 0.418 0.209 0.231 0.044 0.11 -0.154 0.033 -0.022 -0.176 0.044 -0.088 0 0.396 0.396 0.132 0.033 0.198 0.121 0.088 0.088 -0.033 -0.033 0.055 0.154 0.198
-9999 -9999 -9999 -9999 -9999 -9999 -9999 -9999 -9999 -9999 -9999 -9999 -9999 -9999 -9999 -9999 -9999 -9999 -0.264 -0.264 -0.0385 0.2255 0.11 0.1705 0.0605 0.165 0.077 -0.176 0.033 0.099 0.099 0.231 0.1705 0.088 0.011 -0.022 0.033 0.132 -0.033 0.231 0.231 0.297 0.275 0.33 0.33 0.22 -0.033 -0.033 0.143 0.088 0.374 0.209 0.253 0.055 0.011 0.253 0.22 0.198 -0.055 -0.198 -0.044 -0.066 0 0.099 0.418 0.121 0.088 0.055 0.176 -0.077 0.264 0.121 -0.077 0.143 0.143 0.165
-9999 -9999 -9999 -9999 -9999 -9999 -9999 -9999 -9999 -9999 -9999 -9999 -9999 -9999 -9999 -9999 -9999 -9999 -9999 -0.1045 0.11 0.473 0.198 -0.033 -0.11 0.055 0.11 0.066 0.0165 0.2035 0.1925 0.1925 0.044 0.121 0.0165 0.044 0.2035 0.187 0.1485 0.1815 0.1925 0.22 0.209 0.121 0.121 0.154 -0.099 0.132 -0.011 0.022 0.066 0.242 0.033 0.011 0.154 -0.132 0.088 -0.154 -0.0385 0.022 0.066 0.066 0.341 0.143 -0.077 0.22 0.077 -0.242 -0.176 -0.044 0.11 0.2255 0.044 0.264 0.264 0.121
-9999 -9999 -9999 -9999 -9999 -9999 -9999 -9999 -9999 -9999 -9999 -9999 -9999 -9999 -9999 -9999 -9999 -9999 -9999 0.033 0.176 0.308 0.209 0.044 0.165 0.165 0.396 0.176 0.033 0.187 0.143 0.088 0.088 -0.033 -0.022 0 0.22 0.22 0.22 0.264 0.264 0.2365 0.2255 0.0935 0.033 0.135666666666667 0.135666666666667 0.0935 0.2035 0.066 0.088 -0.055 0 -0.0055 0.209 0.0055 -0.154 0.033 0.0586666666666667 0.11 0.044 0.22 0.363 0.088 0.022 0.187 -0.022 -0.385 -0.132 0.011 0.165 0.242 0.198 0.264 0.231 0.286
-9999 -9999 -9999 -9999 -9999 -9999 -9999 -9999 -9999 -9999 -9999 -9999 -9999 -9999 -9999 -9999 -9999 -9999 -9999 -0.286 -0.011 0.275 0.033 0.11 0.264 0.242 0.286 0.165 0.011 0.088 0.154 0.154 0.187 -0.00549999999999999 0.418 0.132 0.264 0.22 0.22 0.22 0.297 0.275 0.286 0.198 0.198 0.198 0.1815 0.055 0.297 0.275 0.308 0.044 -0.022 0.033 -0.022 0 0 0.253 0.253 0.1925 0.011 0.44 0.4015 0.4345 0.11 0.2585 0.2585 0.176 0.1485 0.022 0.2695 0.2475 0.2585 0.1815 0.165 0.1925
-9999 -9999 -9999 -9999 -9999 -9999 -9999 -9999 -9999 -9999 -9999 -9999 -9999 -9999 -9999 -9999 -9999 -9999 -9999 -0.286 -0.044 -0.033 0.242 0.527 0.549 0.187 0.187 0.154 0.066 0.088 0.176 -0.066 0.066 -0.099 0.3245 0.176 0.154 0.308 0.275 0.275 0.242 0.231 0.275 0.187 0.198 0.308 0.132 0.231 0.143 0.286 0.593 0.132 0.077 0.198 0.011 0.198 0.286 0.176 0.264 0.264 0.2915 0.297 0.242 0.429 0.319 0.429 0.516 0.165 0.286 0.407 0.363 0.132 0.011 0.0935 0.11 0.297
-9999 -9999 -9999 -9999 -9999 -9999 -9999 -9999 -9999 -9999 -9999 -9999 -9999 -9999 -9999 -9999 -9999 -9999 -9999 -0.286 -0.011 -0.099 0.033 0.198 0.231 0.176 -0.176 0.121 0.286 0.099 -0.022 -0.077 0.011 -0.066 0.176 0.242 0.242 0.286 0.352 0.429 0.484 0.253 0.407 0.33 0.242 0.264 0.198 0.176 0.231 -0.011 0.593 0.374 0.33 0.154 0.198 0.044 0.154 0.396 0.253 0.22 0.3955 0.176 0.22 0.33 0.22 0.396 0.242 -0.077 0.121 0.231 0.033 0.033 -0.143 0.088 0.132 0.253
-9999 -9999 -9999 -9999 -9999 -9999 -9999 -9999 -9999 -9999 -9999 -9999 -9999 -9999 -9999 -9999 -9999 -9999 -0.308 -0.308 -0.209 -0.1265 -0.066 0.088 0.253 -0.176 -0.033 0.033 0.154 -0.011 0.077 -0.033 -0.099 -0.099 0.0165 0.022 -0.011 0 0.187 0.198 0.187 0.319 0.505 0.549 0.286 0.143 0.154 0.1485 0.253 0.022 0.121 0.132 0.253 0.352 0.451 0.088 0.308 0.154 0.165 0.297 0.1595 0.022 0.33 0.363 0.319 0.297 0.297 0.044 0.143 0.044 0.044 0.044 0.165 0.099 0.132 0.088
-9999 -9999 -9999 -9999 -9999 -9999 -9999 -9999 -9999 -9999 -9999 -9999 -9999 -9999 -9999 -9999 -9999 -9999 -0.363 -0.341 -0.341 -0.165 -0.0605 -0.066 -0.011 -0.154 0.341 0.044 0.077 0.132 -9999 -9999 -0.242 -0.066 0.209 0.0495 0.044 0.275 0.308 0.132 0.121 0.132 0.165 0.374 0.374 0.341 0.352 0.154 0.198 0.011 -0.011 0.132 0.286 0.066 0.121 0.154 0.099 0.066 0.209 0.33 -9999 0.297 0.242 0.286 0.11 -0.275 -0.044 0.066 0.176 0.165 0.319 0.319 0.209 0.341 -9999 -9999
-9999 -9999 -9999 -9999 -9999 -9999 -9999 -9999 -9999 -9999 -9999 -9999 -9999 -9999 -9999 -9999 -9999 -9999 -0.308 -0.308 -0.341 -0.143 -0.143 -0.044 0.033 -0.044 -0.187 -0.033 0.077 -9999 -9999 -0.198 0.176 0.231 0.275 0.088 0.264 0.11 0.341 0.165 0.242 0.088 0.044 0.385 0.044 -0.033 0.33 0.297 -0.011 0.055 0.011 0.253 0.33 0.066 0.044 0.099 -9999 0.121 -9999 -9999 -9999 0.3465 0.209 0.165 -0.022 -0.308 -0.088 0.022 0.132 0.011 0.066 0.176 0.275 0.143 -9999 -9999
-9999 -9999 -9999 -9999 -9999 -9999 -9999 -9999 -9999 -9999 -9999 -9999 -9999 -9999 -9999 -9999 -9999 -0.088 -0.253 -0.242 -0.341 -0.275 -0.275 -0.044 -0.033 -0.132 -0.407 -0.308 -9999 -9999 -9999 0.143 0.297 0.264 0.33 0.088 0.132 0.187 0.176 0.154 0.231 0.088 0.143 -9999 -0.011 -0.033 0.11 0.319 -0.176 -0.1265 -0.187 0.143 0.462 0.088 0.132 -9999 -9999 -9999 -9999 -9999 -9999 -0.165 0.132 0.286 0.297 -9999 -9999 -9999 -9999 -9999 -9999 -9999 -9999 -9999 -9999 -9999
