data/derived/r_tau_pnau.asc
NCOLS 186 
NROWS 74 
XLLCORNER 443300.206538099 
YLLCORNER 4085841.77455235 
CELLSIZE 500 
NODATA_value -9999 
[rows 33 to 65 of 74, columns 75 to 149 of 186]
0.055 0.055 0.011 0.033 0.033 0.033 0.011 0.033 0.011 0.033 0.088 0.121 0.143 0.143 0.143 0.143 0.143 0.165 0.165 0.121 0.165 0.209 0.187 0.187 0.187 0.165 0.187 0.165 0.165 0.165 0.143 0.143 0.143 0.121 0.011 0.011 0.088 0.187 0.187 0.209 0.187 0.231 0.055 0.011 0.033 0.011 0.033 0.033 0.055 0.011 -0.077 -0.077 -0.253 -0.231 -0.165 -0.187 -0.209 -0.165 -0.099 -0.121 -0.099 -0.077 -0.033 0.099 0.055 0.055 0.121 -0.011 0.011 0.011 0.077 0.022 0.044 0.033 -0.055
0.077 0.033 0.055 0.033 0.055 0.055 0.055 0.055 0.033 0.033 0.077 0.099 0.099 0.143 0.121 0.165 0.099 0.121 0.143 0.187 0.209 0.187 0.165 0.165 0.187 0.187 0.187 0.231 0.209 0.209 0.165 0.099 0.077 0.055 0.033 -0.033 0.033 0.143 0.187 0.187 0.165 0.165 0.099 0.033 0.011 0.033 0.033 0.033 0.033 0.055 0.044 0.033 -0.055 -0.099 -0.099 -0.099 -0.121 -0.143 0.011 -0.099 -0.011 -0.099 -0.187 0.077 0.055 0.011 0 -0.011 -0.011 0.077 -0.011 0.011 -0.011 0.011 0.055
0.011 0.055 0.055 0.077 0.077 0.077 0.099 0.055 0.033 0.077 0.099 0.088 0.121 0.121 0.143 0.187 0.165 0.165 0.209 0.187 0.165 0.165 0.165 0.165 0.187 0.231 0.187 0.231 0.209 0.209 0.165 0.077 -0.011 -0.011 -0.011 -0.077 0.011 0.143 0.165 0.121 0.121 0.099 0.033 0.011 0.011 0.033 0.033 0.033 -0.033 -0.011 0.011 0.055 0.011 0.011 0.033 0.033 0.055 0.055 0.055 0.055 0.033 -0.011 -0.165 -0.066 -0.011 -0.033 0.033 0.121 0.033 -0.033 0.121 -0.011 0.033 0.033 0.033
0.033 0.077 0.099 0.099 0.099 0.077 0.033 0.011 0.033 0.077 0.055 0.077 0.077 0.121 0.121 0.121 0.187 0.165 0.187 0.165 0.143 0.121 0.077 0.143 0.165 0.198 0.165 0.165 0.077 0.143 0.209 0.121 0.055 0.011 -0.077 -0.055 0.011 0.099 0.099 0.055 0.011 0.011 0.033 0.033 -0.011 -0.099 -0.033 -0.099 -0.099 -0.143 -0.077 0.011 -0.011 0.011 0.055 -0.033 -0.011 0.011 -0.011 -0.055 -0.077 -0.033 -0.011 -0.011 -0.044 0.011 -0.011 -0.033 -0.077 -0.033 -0.077 -0.055 -0.099 -0.055 -0.055
0.044 0.055 0.055 0.055 0.055 0.033 -0.011 0 0.022 0.044 0.088 0.055 0.066 0.088 0.044 0.121 0.132 0.187 0.154 0.121 0.121 0.099 0.044 0.11 0.132 0.1595 0.165 0.077 0.022 0.022 0.022 0.121 0.055 -0.044 -0.099 -0.143 -0.099 -0.11 0.0385 -0.132 -0.132 -0.033 0.033 -0.011 -0.088 -0.231 -0.275 -0.198 -0.275 -0.187 -0.099 -0.077 -0.121 -0.121 -0.154 -0.143 -0.121 -0.088 -0.11 -0.11 -0.143 -0.121 -0.044 -0.022 -0.0055 -0.11 -0.11 -0.099 -0.099 -0.077 -0.077 -0.055 -0.077 -0.055 -0.066
0.077 0.033 0.033 0.033 0.011 0.055 -0.011 0.011 0.033 0.033 0.099 0.077 0.033 0.055 0.033 0.077 0.011 0.077 0.055 0.077 0.033 0.077 0.011 0.033 0.033 0.099 0.077 0.077 0.011 -0.033 -0.033 0.011 0.033 -0.077 -0.143 -0.231 -0.165 -0.165 -0.077 -0.209 -0.253 -0.209 -0.033 -0.099 -0.231 -0.341 -0.319 -0.341 -0.297 -0.253 -0.231 -0.099 -0.143 -0.187 -0.187 -0.121 -0.099 -0.099 -0.077 -0.121 -0.165 -0.165 -0.121 -0.143 -0.099 -0.099 -0.121 -0.143 -0.121 -0.121 -0.143 -0.231 -0.055 -0.011 -0.011
0.077 0.011 0.033 0.077 0.033 0.055 0.011 0.011 0.011 0.033 0.099 0.033 0.033 -0.011 -0.033 0.011 0.033 0.055 0.033 0.055 -0.033 -0.011 -0.055 -0.143 -0.033 0.033 0.066 0.077 -0.011 -0.077 -0.055 -0.033 0.011 -0.011 -0.121 -0.253 -9999 -0.253 -0.165 -0.231 -0.275 -0.209 -0.055 -0.121 -0.165 -0.209 -0.297 -0.275 -0.275 -0.319 -0.209 -0.187 -0.176 -0.231 -0.165 -0.121 -0.077 -0.121 -0.121 -0.121 -0.044 -0.187 -0.121 -0.143 -0.187 -0.099 -0.143 -0.099 -0.165 -0.165 -0.275 -0.253 -0.121 -0.099 0.099
0.055 0.077 0.033 0.055 0.011 0.011 0.033 0.033 0.011 0.033 0.033 0.033 0.033 0.055 -0.044 -0.033 0.055 0.033 0.033 -0.033 -0.011 0.011 -0.055 -0.165 -0.011 -0.033 -0.033 0 0.011 -0.055 -0.209 -0.099 -0.077 -0.077 -0.187 -0.209 -9999 -0.253 -0.209 -0.275 -0.275 -0.231 -0.099 -0.253 -0.253 -0.209 -0.341 -0.275 -0.341 -0.297 -0.275 -0.209 -0.165 -0.22 -0.011 0.077 -0.077 -0.121 -0.077 -0.055 0.033 -0.066 -0.231 -0.165 -0.231 -0.231 -0.187 -0.275 -0.253 -0.209 -0.253 -0.165 -0.11 0 0
0.055 0.044 0.033 0.033 0.011 0.033 0.033 0.033 0.033 0.011 -0.011 0.033 0.033 0.077 -0.011 -0.033 -0.011 -0.033 -0.077 -0.011 -0.033 -0.033 -0.121 -0.077 -0.121 -0.055 -0.077 -0.033 -0.011 -0.055 -0.165 -0.231 -0.099 -0.099 -0.143 -0.231 -9999 -0.385 -0.253 -0.297 -0.319 -0.253 -0.121 -0.209 -0.297 -0.275 -0.341 -0.121 -0.297 -0.297 -0.297 -0.253 -0.165 -0.187 0.011 0.011 0.055 0.077 -0.011 -0.011 0 0.011 -0.187 -0.209 -0.253 -0.275 -0.275 -0.275 -0.253 -0.297 -0.275 -0.099 -0.088 -0.088 -0.088
0.033 -0.011 0.033 0.011 0.033 0.033 0.011 0.033 0.011 0.033 0.033 0.055 0.033 0.011 -0.033 -0.033 -0.033 0.011 -0.055 -0.055 -0.099 -0.099 -0.165 -0.077 -0.033 -0.165 -0.165 -0.077 -0.033 -0.077 -0.231 -0.253 -0.231 -0.165 -0.143 -0.231 -9999 -9999 -0.275 -9999 -0.319 -0.253 -0.165 -0.231 -0.297 -0.407 -0.297 -0.154 -0.055 -0.143 -0.275 -0.275 -0.209 -0.187 0.099 0.132 0.121 0.099 0.088 0.044 -0.022 -0.022 -0.143 -0.231 -0.275 -0.253 -0.264 -0.275 -0.297 -0.297 -0.297 -0.275 -0.275 -0.121 -0.022
0.011 0.055 0.011 0.033 0.033 -0.011 -0.099 0.011 0.033 0.033 0.033 0.033 0.011 -0.055 -0.077 -0.033 -0.055 -0.077 -0.055 -0.099 -0.176 -0.165 -0.055 -0.209 -0.121 -0.099 -0.121 -0.187 -0.077 -0.077 -0.231 -0.143 -0.231 -0.121 -0.143 -0.209 -9999 -9999 -9999 -9999 -0.319 -0.286 -0.209 -0.209 -0.275 -0.297 -0.297 -0.077 -0.088 -0.099 -0.121 -0.209 -0.275 -0.253 0.022 0.11 0.132 0.132 0.088 0.066 0.044 -0.044 -0.121 -0.209 -0.231 -0.209 -0.253 -0.286 -0.275 -0.297 -0.319 -0.319 -0.209 -0.363 -0.231
0.055 0.011 0.022 0.011 -0.077 -0.099 -0.055 0.033 0.033 -0.011 -0.033 0.011 -0.033 -0.077 -0.077 -0.099 -0.099 -0.033 -0.033 -0.099 -0.143 -0.077 -0.033 -0.264 -0.165 -0.231 -0.099 -0.187 -0.11 -0.121 -0.121 -0.143 -0.319 -0.253 -0.385 -0.275 -9999 -9999 -9999 -0.209 -0.297 -0.352 -0.297 -0.275 -0.363 -0.341 -0.209 -0.121 -0.033 -0.099 -0.055 -0.209 -0.275 -0.187 -0.0165 0.066 0.066 0.077 0.066 0.033 0.044 -0.044 -0.088 -0.143 -0.143 -0.187 -0.253 -0.286 -0.341 -0.341 -0.341 -0.275 -0.341 -0.253 -0.275
0.033 0.011 0.033 0.033 -0.121 0.011 -0.099 -0.077 -0.033 -0.011 -0.033 -0.033 -0.033 -0.077 -0.099 -0.121 -0.099 -0.077 -0.165 -0.077 -0.055 -0.121 -0.099 -0.187 -0.33 -0.275 -0.165 -0.077 -0.121 -0.165 -0.077 -0.253 -0.297 -0.319 -0.385 -0.253 -0.275 -9999 -9999 -9999 -0.187 -0.297 -0.352 -0.341 -0.385 -0.319 -0.132 -0.088 -0.033 -0.154 -0.121 -0.143 -0.231 -0.121 -0.055 -0.033 0.044 0.011 0.011 0.011 0.011 -0.044 -0.066 -0.088 -0.143 -0.209 -0.231 -0.297 -0.286 -0.319 -0.253 -0.231 -0.275 -0.253 -0.143
0.033 0.033 0.055 -0.055 -0.055 -0.011 -0.033 -0.055 -0.011 -0.033 -0.033 -0.033 -0.055 -0.077 -0.143 -0.143 -0.11 -0.077 -0.165 -0.077 -0.077 -0.055 -0.099 -0.121 -0.341 -0.264 -0.275 -0.077 -0.033 -0.077 -0.121 -0.341 -0.231 -0.077 -0.297 -0.385 -0.385 -9999 -9999 -9999 -0.22 -0.253 -0.341 -0.385 -0.319 -0.132 -0.154 -0.088 -0.121 -0.088 -0.11 -0.099 -0.099 -0.121 -0.055 -0.1155 -0.154 -0.132 -0.132 -0.044 -0.044 -0.143 -0.209 -0.187 -0.297 -0.297 -0.231 -0.231 -0.187 -0.231 -0.275 -0.143 -0.275 -0.253 -0.253
0.011 0.033 -0.099 -0.077 -0.0275 -0.11 0.011 -0.033 -0.033 -0.011 -0.055 -0.077 -0.055 -0.099 -0.099 -0.099 -0.099 -0.077 -0.165 -0.077 -0.275 -0.143 -0.209 -0.253 -0.297 -0.253 -0.297 -0.275 -0.077 -0.011 -0.187 -0.297 -0.297 -0.077 -0.077 -0.297 -0.341 -9999 -9999 0.011 -0.154 -0.143 -0.286 -0.297 -0.143 -0.143 -0.088 -0.088 -0.176 -0.121 -0.121 -0.099 -0.088 -0.132 -0.132 -0.132 -0.209 -0.198 -0.143 -0.165 -0.132 -0.165 -0.187 -0.187 -0.187 -0.231 -0.231 -0.231 -0.143 -0.231 -0.198 -0.231 -0.231 -0.231 -0.231
0.011 0.055 -0.077 -0.077 -0.044 -0.143 0.011 -0.055 -0.033 -0.055 -0.077 -0.165 -0.143 -0.143 -0.055 -0.099 -0.055 -0.088 -0.187 -0.121 -0.319 -0.242 -0.209 -0.286 -0.352 -0.319 -0.352 -0.363 -0.319 -0.275 -0.264 -0.253 -0.077 -0.055 -0.198 -0.099 -0.308 -9999 -9999 -9999 0.011 -0.132 -0.165 -0.143 -0.154 -0.143 -0.088 -0.176 -0.187 -0.11 -0.099 -0.176 -0.154 -0.121 -0.121 -0.198 -0.143 -0.176 -0.11 -0.121 -0.121 -0.121 -0.143 -0.165 -0.143 -0.143 -0.143 -0.143 -0.165 -0.121 -0.121 -0.176 -0.143 -0.165 -0.165
0.033 -0.066 -0.055 -0.044 -0.011 -0.121 -0.121 -0.033 -0.033 0 -0.077 -0.143 -0.077 -0.11 -0.143 -0.121 -0.11 -0.106333333333333 -0.106333333333333 -0.231 -0.3355 -0.3135 -0.3795 -0.3355 -0.286 -0.209 -0.297 -0.374 -0.319 -0.3355 -0.256666666666667 -0.22 -0.1595 -0.154 -0.22 -0.143 -0.077 -0.176 -9999 -9999 -0.1375 -0.165 -0.1375 -0.143 -0.128333333333333 -0.165 -0.198 -0.198 -0.187 -0.209 -0.1265 -0.132 -0.132 -0.1375 -0.1815 -0.22 -0.146666666666667 -0.183333333333333 -0.176 -0.198 -0.132 -0.1705 -0.187 -0.143 -0.165 -0.165 -0.11 -0.143 -0.132 -0.168666666666667 -0.161333333333333 -0.143 -0.143 -0.143 -0.154
-0.011 -0.033 -0.033 0.033 -0.011 -0.121 -0.033 -0.055 -0.055 -0.055 -0.165 -0.033 -0.165 -0.187 -0.044 -0.143 -0.121 -0.077 -0.187 -0.341 -0.374 -0.121 -0.33 -0.352 -0.275 -0.143 -0.154 -0.319 -0.429 -0.341 -0.341 -0.275 -0.363 -0.374 -0.253 -0.264 -0.286 -0.286 -9999 -9999 -9999 -0.209 -0.165 -0.154 -0.187 -0.22 -9999 -9999 -9999 -0.187 -0.198 -0.154 -0.132 -0.176 -0.132 -0.22 -0.121 -0.1925 -0.209 -0.176 -0.143 -0.264 -0.165 -0.176 -0.176 -0.176 -0.176 -0.176 -0.154 -0.154 -0.1595 -0.165 -0.154 -0.154 -0.187
-0.033 -0.033 0.011 -0.055 0.011 -0.099 -0.077 0.011 -0.055 -0.099 -0.121 -0.055 -0.176 -0.099 -0.055 -0.077 -0.077 -0.143 -0.275 -0.33 -0.341 -0.264 -0.286 -0.374 -0.121 -0.165 -0.165 -0.253 -0.33 -0.33 -0.308 -0.308 -0.286 -0.352 -0.253 -0.396 -0.396 -9999 -9999 -9999 -9999 -9999 -0.154 -0.198 -9999 -9999 -9999 -9999 -9999 -9999 -0.22 -0.198 -0.176 -0.176 -0.154 -0.132 -0.132 -0.154 -0.209 -0.132 -0.132 -0.154 -0.176 -0.176 -0.209 -0.187 -0.187 -0.154 -0.154 -0.154 -0.165 -0.165 -0.165 -0.187 -0.143
-0.055 -0.011 0.033 -0.055 -0.187 -0.055 -0.055 -0.033 -0.055 -0.077 -0.011 -0.121 -0.132 -0.099 -0.077 -0.121 -0.231 -0.253 -0.363 -0.3355 -0.363 -0.253 -0.154 -0.264 -0.253 -0.143 -0.22 -0.253 -0.253 -0.275 -0.275 -0.253 -0.3575 -0.231 -9999 -9999 -9999 -9999 -9999 -9999 -9999 -9999 -9999 -9999 -9999 -9999 -9999 -9999 -9999 -9999 -9999 -0.187 -0.187 -0.198 -0.154 -0.154 -0.132 -0.176 -0.209 -0.198 -0.154 -0.209 -0.154 -0.198 -0.187 -0.143 -0.187 -0.187 -0.154 -0.165 -0.165 -0.143 -0.143 -0.143 -0.143
-0.011 -0.011 -0.011 -0.099 -0.099 -0.099 -0.022 -0.033 -0.055 -0.077 -0.077 -0.132 -0.143 -0.132 -0.099 -0.253 -0.297 -0.209 -0.341 -0.3905 -0.11 -0.187 -0.209 -0.187 -0.143 -0.209 -0.176 -0.22 -0.253 -0.253 -0.253 -0.253 -0.253 -0.253 -9999 -9999 -9999 -9999 -9999 -9999 -9999 -9999 -9999 -9999 -9999 -9999 -9999 -9999 -9999 -9999 -0.187 -0.187 -0.187 -0.209 -0.176 -0.176 -0.176 -0.154 -0.1155 -0.121 -0.121 -0.121 -0.154 -0.121 -0.121 -0.143 -0.143 -0.187 -0.143 -0.132 -0.132 -0.1485 -0.077 -0.099 -0.077
-0.055 -0.011 -0.088 -0.033 -0.055 -0.143 -0.033 -0.011 -0.011 -0.055 -0.132 -0.143 -0.187 -0.165 -0.165 -0.275 -0.231 -0.242 -0.231 -0.154 -0.2035 -0.165 -0.22 -0.22 -0.209 -0.22 -0.231 -0.198 -0.22 -0.22 -9999 -9999 -9999 -9999 -9999 -9999 -9999 -9999 -9999 -9999 -9999 -9999 -9999 -9999 -9999 -9999 -9999 -9999 -9999 -9999 -9999 -0.187 -0.187 -0.121 -0.121 -0.11 -0.11 -0.11 -0.11 -0.077 -0.11 -0.121 -0.121 -0.11 -0.198 -0.11 -0.11 -0.077 -0.077 -0.077 -0.077 -0.077 -0.077 -0.099 0
0.033 -0.011 -0.033 -0.099 -0.121 -0.099 -0.033 -0.011 -0.077 -0.033 -0.143 -0.132 -0.132 -0.209 -0.187 -0.209 -0.264 -0.209 -0.132 -0.231 -0.231 -0.22 -0.231 -9999 -9999 -0.231 -0.242 -9999 -0.198 -0.198 -9999 -9999 -9999 -9999 -9999 -9999 -9999 -9999 -9999 -9999 -9999 -9999 -9999 -9999 -9999 -9999 -9999 -9999 -9999 -9999 -9999 -9999 -0.11 -0.11 -0.11 -0.11 -0.044 -0.044 -0.044 -0.0825 -0.11 -0.11 -0.044 -0.121 -0.121 -0.077 0.011 -0.099 -0.099 -0.132 -0.077 -0.132 -0.088 -0.077 -0.099
0.011 -0.011 -0.055 -0.11 -0.132 -0.099 -0.077 -0.033 -0.055 -0.121 -0.121 -0.187 -0.187 -0.231 -0.132 -0.132 -0.209 -0.198 -0.209 -0.209 -9999 -0.22 -9999 -9999 -9999 -0.253 -9999 -9999 -9999 -9999 -9999 -9999 -9999 -9999 -9999 -9999 -9999 -9999 -9999 -9999 -9999 -9999 -9999 -9999 -9999 -9999 -9999 -9999 -9999 -9999 -9999 -9999 -9999 -9999 -9999 -9999 -9999 -9999 -9999 -9999 -0.044 -0.044 -0.121 -0.121 -0.121 -0.121 -0.077 -0.077 -0.099 -0.099 -0.099 -0.198 -0.077 -0.0495 0
0.011 0.011 0.033 -0.11 -0.066 -0.066 -0.099 -0.121 -0.0935 -0.11 -0.154 -0.11 -0.099 -0.088 -0.11 -0.132 -0.22 -0.143 -9999 -9999 -9999 -9999 -9999 -9999 -9999 -9999 -9999 -9999 -9999 -9999 -9999 -9999 -9999 -9999 -9999 -9999 -9999 -9999 -9999 -9999 -9999 -9999 -9999 -9999 -9999 -9999 -9999 -9999 -9999 -9999 -9999 -9999 -9999 -9999 -9999 -9999 -9999 -9999 -9999 -9999 -0.121 -0.121 -0.121 -0.121 0 0 0 0 0 -0.099 -0.099 -0.099 0 0 0
0.011 -0.055 0.011 -0.077 -0.143 -0.077 -0.066 -0.11 -0.1265 -0.088 -9999 -9999 -0.121 -0.132 -0.11 -0.209 -0.198 -0.099 -9999 -9999 -9999 -9999 -9999 -9999 -9999 -9999 -9999 -9999 -9999 -9999 -9999 -9999 -9999 -9999 -9999 -9999 -9999 -9999 -9999 -9999 -9999 -9999 -9999 -9999 -9999 -9999 -9999 -9999 -9999 -9999 -9999 -9999 -9999 -9999 -9999 -9999 -9999 -9999 -9999 -9999 -9999 -9999 -9999 0 0 -9999 -9999 0.011 0 -9999 -9999 0 -9999 -9999 -9999
-0.033 -0.011 -0.033 -0.077 -0.11 -0.143 -0.066 -0.077 -0.099 -0.11 -9999 -9999 -9999 -0.165 -0.165 -0.22 -0.198 -9999 -9999 -9999 -9999 -9999 -9999 -9999 -9999 -9999 -9999 -9999 -9999 -9999 -9999 -9999 -9999 -9999 -9999 -9999 -9999 -9999 -9999 -9999 -9999 -9999 -9999 -9999 -9999 -9999 -9999 -9999 -9999 -9999 -9999 -9999 -9999 -9999 -9999 -9999 -9999 -9999 -9999 -9999 -9999 -9999 -9999 -9999 -9999 -9999 -9999 -9999 -9999 -9999 -9999 -9999 -9999 -9999 -9999
-0.077 0.011 -0.077 -0.121 -0.11 -0.143 -0.088 -0.121 -0.088 -0.099 -9999 -9999 -9999 -9999 -0.187 -9999 -9999 -9999 -9999 -9999 -9999 -9999 -9999 -9999 -9999 -9999 -9999 -9999 -9999 -9999 -9999 -9999 -9999 -9999 -9999 -9999 -9999 -9999 -9999 -9999 -9999 -9999 -9999 -9999 -9999 -9999 -9999 -9999 -9999 -9999 -9999 -9999 -9999 -9999 -9999 -9999 -9999 -9999 -9999 -9999 -9999 -9999 -9999 -9999 -9999 -9999 -9999 -9999 -9999 -9999 -9999 -9999 -9999 -9999 -9999
-0.055 -0.077 -0.132 -0.121 -0.055 -0.044 -0.0495 -0.0275 -0.0605 -0.0715 -0.088 -9999 -9999 -9999 -9999 -9999 -9999 -9999 -9999 -9999 -9999 -9999 -9999 -9999 -9999 -9999 -9999 -9999 -9999 -9999 -9999 -9999 -9999 -9999 -9999 -9999 -9999 -9999 -9999 -9999 -9999 -9999 -9999 -9999 -9999 -9999 -9999 -9999 -9999 -9999 -9999 -9999 -9999 -9999 -9999 -9999 -9999 -9999 -9999 -9999 -9999 -9999 -9999 -9999 -9999 -9999 -9999 -9999 -9999 -9999 -9999 -9999 -9999 -9999 -9999
-0.077 -0.077 -0.099 -0.044 -9999 -9999 -0.022 -0.066 -0.088 -9999 -9999 -9999 -9999 -9999 -9999 -9999 -9999 -9999 -9999 -9999 -9999 -9999 -9999 -9999 -9999 -9999 -9999 -9999 -9999 -9999 -9999 -9999 -9999 -9999 -9999 -9999 -9999 -9999 -9999 -9999 -9999 -9999 -9999 -9999 -9999 -9999 -9999 -9999 -9999 -9999 -9999 -9999 -9999 -9999 -9999 -9999 -9999 -9999 -9999 -9999 -9999 -9999 -9999 -9999 -9999 -9999 -9999 -9999 -9999 -9999 -9999 -9999 -9999 -9999 -9999
-0.055 -0.033 -9999 -9999 -9999 -9999 -9999 -9999 -9999 -9999 -9999 -9999 -9999 -9999 -9999 -9999 -9999 -9999 -9999 -9999 -9999 -9999 -9999 -9999 -9999 -9999 -9999 -9999 -9999 -9999 -9999 -9999 -9999 -9999 -9999 -9999 -9999 -9999 -9999 -9999 -9999 -9999 -9999 -9999 -9999 -9999 -9999 -9999 -9999 -9999 -9999 -9999 -9999 -9999 -9999 -9999 -9999 -9999 -9999 -9999 -9999 -9999 -9999 -9999 -9999 -9999 -9999 -9999 -9999 -9999 -9999 -9999 -9999 -9999 -9999
-0.066 -9999 -9999 -9999 -9999 -9999 -9999 -9999 -9999 -9999 -9999 -9999 -9999 -9999 -9999 -9999 -9999 -9999 -9999 -9999 -9999 -9999 -9999 -9999 -9999 -9999 -9999 -9999 -9999 -9999 -9999 -9999 -9999 -9999 -9999 -9999 -9999 -9999 -9999 -9999 -9999 -9999 -9999 -9999 -9999 -9999 -9999 -9999 -9999 -9999 -9999 -9999 -9999 -9999 -9999 -9999 -9999 -9999 -9999 -9999 -9999 -9999 -9999 -9999 -9999 -9999 -9999 -9999 -9999 -9999 -9999 -9999 -9999 -9999 -9999
-9999 -9999 -9999 -9999 -9999 -9999 -9999 -9999 -9999 -9999 -9999 -9999 -9999 -9999 -9999 -9999 -9999 -9999 -9999 -9999 -9999 -9999 -9999 -9999 -9999 -9999 -9999 -9999 -9999 -9999 -9999 -9999 -9999 -9999 -9999 -9999 -9999 -9999 -9999 -9999 -9999 -9999 -9999 -9999 -9999 -9999 -9999 -9999 -9999 -9999 -9999 -9999 -9999 -9999 -9999 -9999 -9999 -9999 -9999 -9999 -9999 -9999 -9999 -9999 -9999 -9999 -9999 -9999 -9999 -9999 -9999 -9999 -9999 -9999 -9999
