data/derived/r_tau_tempsp.asc
NCOLS 186 
NROWS 74 
XLLCORNER 443300.206538099 
YLLCORNER 4085841.77455235 
CELLSIZE 500 
NODATA_value -9999 
[rows 34 to 67 of 74, columns 77 to 153 of 186]
0.077 0.055 0.077 0.077 0.055 0.077 0.11 0.121 0.121 0.132 0.121 0.143 0.143 0.165 0.165 0.165 0.143 0.121 0.121 0.099 0.121 0.121 0.143 0.143 0.132 0.121 0.143 0.121 0.121 0.121 0.121 0.121 0.121 0.132 0.143 0.143 0.165 0.165 0.165 0.143 0.121 0.143 0.143 0.121 0.121 0.121 0.121 0.143 0.154 0.165 0.165 0.209 0.209 0.209 0.209 0.209 0.209 0.209 0.143 0.143 0.165 0.1595 0.165 0.165 0.165 0.154 0.165 0.165 0.143 0.143 0.143 0.143 0.121 0.121 0.121 0.132 0.143
0.055 0.055 0.055 0.055 0.055 0.055 0.055 0.077 0.121 0.132 0.121 0.132 0.143 0.099 0.099 0.099 0.099 0.11 0.099 0.099 0.099 0.121 0.132 0.143 0.121 0.121 0.121 0.121 0.121 0.121 0.121 0.121 0.099 0.121 0.121 0.143 0.165 0.165 0.143 0.165 0.165 0.165 0.165 0.143 0.143 0.143 0.143 0.154 0.165 0.165 0.187 0.187 0.187 0.187 0.209 0.198 0.209 0.209 0.22 0.22 0.209 0.187 0.165 0.165 0.165 0.165 0.165 0.165 0.143 0.143 0.143 0.143 0.121 0.121 0.121 0.121 0.143
0.055 0.055 0.055 0.055 0.055 0.077 0.077 0.077 0.099 0.121 0.121 0.099 0.099 0.099 0.099 0.099 0.099 0.099 0.077 0.099 0.099 0.099 0.121 0.121 0.121 0.121 0.121 0.121 0.121 0.121 0.099 0.099 0.099 0.121 0.121 0.143 0.165 0.143 0.165 0.165 0.165 0.165 0.165 0.165 0.165 0.165 0.165 0.165 0.165 0.165 0.187 0.187 0.187 0.209 0.209 0.209 0.209 0.209 0.209 0.209 0.231 0.231 0.231 0.143 0.143 0.154 0.165 0.143 0.165 0.165 0.165 0.154 0.143 0.121 0.121 0.143 0.143
0.055 0.055 0.055 0.066 0.077 0.077 0.077 0.077 0.099 0.099 0.1045 0.099 0.099 0.099 0.099 0.099 0.099 0.0935 0.077 0.077 0.077 0.077 0.099 0.1045 0.099 0.099 0.099 0.099 0.099 0.099 0.099 0.099 0.1155 0.121 0.121 0.1375 0.1705 0.209 0.1815 0.165 0.165 0.165 0.165 0.176 0.176 0.176 0.176 0.176 0.187 0.1925 0.198 0.209 0.209 0.209 0.209 0.209 0.209 0.209 0.209 0.209 0.22 0.231 0.231 0.231 0.231 0.187 0.187 0.143 0.143 0.143 0.1485 0.154 0.165 0.143 0.121 0.135666666666667 0.143
0.055 0.066 0.077 0.077 0.077 0.077 0.077 0.077 0.077 0.099 0.099 0.099 0.099 0.099 0.099 0.099 0.099 0.077 0.055 0.022 0.011 0.011 0.088 0.077 0.077 0.099 0.099 0.099 0.099 0.099 0.099 0.099 0.121 0.121 0.121 0.143 0.143 0.209 0.209 0.209 0.198 0.187 0.187 0.187 0.187 0.187 0.198 0.209 0.209 0.209 0.209 0.209 0.209 0.209 0.209 0.209 0.209 0.209 0.209 0.209 0.209 0.209 0.231 0.231 0.231 0.231 0.231 0.242 0.253 0.253 0.165 0.165 0.165 0.165 0.165 0.176 0.143
0.055 0.077 0.077 0.077 0.077 0.077 0.077 0.077 0.077 0.099 0.099 0.0825 0.077 0.077 0.077 0.077 0.077 0.055 0.033 0.033 0.011 0.011 0.055 0.055 0.055 0.077 0.099 0.099 0.099 0.099 0.099 0.099 0.121 0.121 -9999 0.143 0.143 0.176 0.209 0.209 0.209 0.209 0.209 0.209 0.209 0.209 0.209 0.209 0.209 0.209 0.209 0.209 0.209 0.209 0.209 0.209 0.209 0.209 0.209 0.209 0.209 0.209 0.231 0.231 0.231 0.231 0.231 0.253 0.253 0.253 0.264 0.275 0.165 0.165 0.165 0.165 0.143
0.055 0.077 0.077 0.077 0.077 0.077 0.077 0.077 0.077 0.099 0.099 0.077 0.077 0.077 0.077 0.077 0.055 0.033 0.033 0.033 0.011 0.011 0.011 0.055 0.055 0.055 0.055 0.077 0.077 0.088 0.099 0.11 0.121 0.143 -9999 0.143 0.143 0.143 0.2145 0.209 0.209 0.209 0.209 0.209 0.209 0.253 0.209 0.209 0.209 0.209 0.209 0.209 0.209 0.209 0.209 0.209 0.209 0.209 0.209 0.22 0.231 0.231 0.253 0.253 0.242 0.231 0.231 0.253 0.253 0.275 0.297 0.297 0.297 0.187 0.176 0.165 0.143
0.077 0.077 0.077 0.077 0.077 0.077 0.077 0.077 0.077 0.099 0.088 0.077 0.077 0.077 0.055 0.055 0.033 0.033 0.033 0.033 0.011 0.011 0.011 0.055 0.055 0.055 0.055 0.055 0.077 0.077 0.077 0.121 0.121 0.121 -9999 0.143 0.143 0.143 0.209 0.209 0.209 0.209 0.209 0.209 0.231 0.253 0.231 0.209 0.209 0.209 0.209 0.209 0.209 0.209 0.165 0.165 0.209 0.209 0.209 0.209 0.209 0.231 0.253 0.253 0.242 0.242 0.231 0.22 0.286 0.297 0.297 0.297 0.319 0.165 0.165 0.165 0.165
0.077 0.077 0.077 0.055 0.055 0.077 0.077 0.077 0.077 0.099 0.077 0.077 0.077 0.055 0.055 0.044 0.033 0.033 0.033 0.033 -0.011 -0.011 -0.011 0.055 0.055 0.055 0.055 0.055 0.066 0.099 0.099 0.099 0.099 0.099 -9999 -9999 0.143 -9999 0.22 0.209 0.209 0.209 0.231 0.231 0.253 0.275 0.275 0.253 0.231 0.209 0.209 0.209 0.209 0.187 0.165 0.165 0.198 0.209 0.209 0.22 0.231 0.253 0.253 0.253 0.2475 0.231 0.231 0.231 0.253 0.264 0.253 0.297 0.319 0.319 0.165 0.209 0.187
0.077 0.077 0.055 0.055 0.055 0.055 0.055 0.077 0.099 0.099 0.077 0.055 0.077 0.055 0.033 0.033 0.022 0.011 0.011 0.011 0 -0.011 -0.011 0.033 0.033 0.055 0.055 0.055 0.055 0.077 0.099 0.099 0.099 0.099 -9999 -9999 -9999 -9999 0.231 0.231 0.231 0.22 0.231 0.231 0.231 0.297 0.297 0.297 0.275 0.231 0.22 0.209 0.209 0.187 0.165 0.165 0.187 0.231 0.231 0.253 0.242 0.253 0.253 0.275 0.253 0.264 0.286 0.264 0.275 0.253 0.253 0.253 0.253 0.319 0.319 0.176 0.209
0.077 0.077 0.055 0.055 0.055 0.055 0.055 0.088 0.099 0.099 0.055 0.077 0.077 0.022 0.022 0.011 0.011 0.011 0.011 0.011 0.011 -0.033 -0.033 0.055 0.033 0.033 0.055 0.055 0.077 0.055 0.143 0.143 0.165 0.209 -9999 -9999 -9999 0.143 0.231 0.2365 0.242 0.242 0.231 0.253 0.297 0.297 0.297 0.297 0.319 0.275 0.253 0.22 0.209 0.22 0.187 0.187 0.231 0.231 0.275 0.275 0.319 0.297 0.308 0.297 0.275 0.275 0.275 0.264 0.253 0.253 0.264 0.253 0.264 0.264 0.319 0.165 0.165
0.066 0.077 0.055 0.055 0.055 0.055 0.077 0.099 0.099 0.055 0.066 0.055 0.033 0.011 0.011 0.011 0.011 0.011 0.011 0.011 0.011 -0.055 -0.055 -0.044 0.055 0.055 0.055 0.0605 0.077 0.121 0.121 0.143 0.165 0.165 0.209 -9999 -9999 -9999 0.275 0.264 0.231 0.242 0.275 0.308 0.319 0.308 0.297 0.319 0.319 0.319 0.297 0.297 0.308 0.264 0.231 0.231 0.275 0.297 0.297 0.319 0.319 0.319 0.319 0.319 0.253 0.264 0.2585 0.253 0.253 0.264 0.253 0.264 0.297 0.297 0.319 0.176 0.187
0.066 0.055 0.055 0.055 0.055 0.077 0.077 0.099 0.077 0.055 0.077 0.077 0.033 0.033 0.011 0.011 0.011 0.011 -0.011 -0.011 -0.011 -0.033 -0.055 -0.044 0.011 0.033 0.033 0.0495 0.099 0.121 0.121 0.121 0.143 0.165 0.187 -9999 -9999 -9999 0.242 0.297 0.264 0.286 0.319 0.319 0.319 0.319 0.319 0.319 0.308 0.297 0.286 0.297 0.297 0.3135 0.319 0.319 0.319 0.319 0.319 0.297 0.308 0.275 0.253 0.253 0.253 0.275 0.2695 0.275 0.275 0.286 0.275 0.275 0.275 0.275 0.319 0.319 0.187
0.055 0.055 0.055 0.055 0.077 0.077 0.099 0.099 0.055 0.099 0.099 0.077 0.033 0.033 0.033 0.033 0.011 -0.011 -0.011 -0.011 -0.033 -0.033 -0.033 -0.066 -0.033 0.011 0.011 0.033 0.077 0.11 0.121 0.121 0.11 0.165 0.187 -9999 -9999 0.242 0.264 0.308 0.308 0.319 0.319 0.319 0.319 0.319 0.319 0.308 0.308 0.308 0.297 0.297 0.352 0.374 0.385 0.385 0.341 0.297 0.275 0.286 0.286 0.286 0.275 0.264 0.286 0.297 0.297 0.286 0.319 0.275 0.275 0.275 0.286 0.297 0.319 0.319 0.198
0.077 0.055 0.055 0.055 0.077 0.099 0.099 0.077 0.088 0.099 0.077 0.033 0.033 0.033 0.033 0.033 0.011 0.011 -0.022 -0.033 -0.055 -0.055 -0.055 -0.077 -0.066 -0.033 -0.022 0.055 0.0715 0.099 0.121 0.121 0.11 0.143 0.187 -9999 -9999 -9999 0.264 0.297 0.319 0.319 0.319 0.319 0.319 0.308 0.363 0.363 0.297 0.319 0.341 0.341 0.363 0.374 0.385 0.385 0.385 0.363 0.33 0.297 0.297 0.308 0.297 0.297 0.297 0.297 0.297 0.3025 0.297 0.297 0.297 0.297 0.297 0.297 0.253 0.253 0.231
0.077 0.077 0.0696666666666667 0.0953333333333333 0.1045 0.099 0.0935 0.088 0.099 0.0935 0.044 0.033 0.033 0.033 0.033 0.0256666666666667 0.011 -0.0165 -0.0385 -0.0495 -0.044 -0.044 -0.0605 -0.0715 -0.066 -0.0605 -0.044 0.033 0.0623333333333333 0.0806666666666667 0.099 0.099 0.1155 0.11 0.165 0.165 -9999 -9999 0.275 0.264 0.297 0.311666666666667 0.297 0.297 0.352 0.363 0.363 0.363 0.341 0.341 0.363 0.3795 0.385 0.385 0.385 0.385 0.385 0.3905 0.3465 0.3245 0.297 0.297 0.297 0.308 0.3025 0.297 0.297 0.297 0.297 0.297 0.297 0.297 0.297 0.3025 0.275 0.264 0.286
0.088 0.077 0.077 0.1155 0.121 0.099 0.121 0.099 0.099 0.055 0.011 0.022 0.033 0.033 0.033 0.022 0 -0.022 -0.055 -0.055 -0.044 -0.033 -0.066 -0.055 -0.055 -0.077 -0.022 0 0.011 0.066 0.077 0.088 0.121 0.11 0.143 0.165 -9999 -9999 -9999 0.253 0.275 0.297 0.297 0.341 -9999 -9999 -9999 0.363 0.374 0.374 0.385 0.385 0.385 0.385 0.385 0.385 0.385 0.385 0.363 0.341 0.319 0.341 0.319 0.297 0.297 0.297 0.297 0.297 0.3025 0.319 0.297 0.297 0.319 0.363 0.319 0.286 0.286
0.099 0.099 0.11 0.121 0.121 0.121 0.121 0.099 0.099 0.044 0.011 0.055 0.033 0.033 0.033 0.011 -0.011 -0.022 -0.077 -0.055 -0.055 -0.055 -0.055 -0.044 -0.011 -0.044 -0.022 -0.033 0 0.011 0.044 0.088 0.121 0.121 0.143 -9999 -9999 -9999 -9999 -9999 0.275 0.308 -9999 -9999 -9999 -9999 -9999 -9999 0.385 0.385 0.385 0.385 0.385 0.385 0.385 0.385 0.385 0.385 0.363 0.363 0.352 0.363 0.363 0.363 0.319 0.319 0.308 0.319 0.297 0.297 0.297 0.308 0.308 0.363 0.319 0.319 0.286
0.099 0.099 0.121 0.121 0.121 0.121 0.099 0.099 0.044 0.033 0.022 0.033 0.044 0.022 0.022 -0.011 -0.011 -0.033 -0.077 -0.055 -0.055 -0.066 -0.044 0 0.011 -0.022 -0.022 -0.011 -0.022 0.011 0.033 0.077 -9999 -9999 -9999 -9999 -9999 -9999 -9999 -9999 -9999 -9999 -9999 -9999 -9999 -9999 -9999 -9999 -9999 0.385 0.385 0.385 0.385 0.385 0.385 0.385 0.385 0.363 0.363 0.363 0.363 0.341 0.363 0.363 0.363 0.319 0.319 0.363 0.363 0.3685 0.385 0.374 0.363 0.319 0.319 0.319 0.319
0.121 0.143 0.121 0.121 0.121 0.121 0.099 0.077 0.033 0.033 0.033 0.033 0.033 0.011 -0.011 -0.033 -0.033 -0.055 -0.055 -0.077 -0.055 -0.033 -0.011 0 0.011 0 -0.022 -0.011 -0.011 0 0.0275 0.077 -9999 -9999 -9999 -9999 -9999 -9999 -9999 -9999 -9999 -9999 -9999 -9999 -9999 -9999 -9999 -9999 0.385 0.385 0.385 0.385 0.385 0.385 0.385 0.385 0.385 0.352 0.352 0.352 0.341 0.363 0.374 0.363 0.363 0.341 0.363 0.374 0.374 0.4015 0.396 0.407 0.407 0.319 0.319 0.319 0.33
0.121 0.121 0.099 0.121 0.121 0.121 0.077 0.055 0.033 0.033 0.033 0.033 0.033 -0.011 -0.011 -0.033 -0.033 -0.033 -0.066 -0.055 -0.044 0 0.022 0 0.044 0 -0.011 0 -9999 -9999 -9999 -9999 -9999 -9999 -9999 -9999 -9999 -9999 -9999 -9999 -9999 -9999 -9999 -9999 -9999 -9999 -9999 -9999 -9999 0.385 0.385 0.385 0.385 0.385 0.385 0.341 0.33 0.33 0.33 0.341 0.341 0.385 0.385 0.385 0.363 0.385 0.385 0.363 0.374 0.385 0.385 0.407 0.407 0.319 0.319 0.319 0.319
0.121 0.099 0.099 0.099 0.099 0.099 0.066 0.033 0.055 0.055 0.055 0.055 0.033 -0.011 -0.011 -0.033 -0.033 -0.033 -0.0825 -0.055 -0.055 -9999 -9999 0.044 0.055 -9999 0.033 0.011 -9999 -9999 -9999 -9999 -9999 -9999 -9999 -9999 -9999 -9999 -9999 -9999 -9999 -9999 -9999 -9999 -9999 -9999 -9999 -9999 -9999 -9999 0.385 0.385 0.374 0.363 0.33 0.297 0.319 0.3245 0.308 0.319 0.363 0.374 0.385 0.363 0.385 0.385 0.385 0.363 0.385 0.363 0.4015 0.374 0.407 0.319 0.319 0.33 0.319
0.143 0.099 0.121 0.121 0.121 0.121 0.099 0.055 0.055 0.055 0.033 0.055 0.033 0.011 0.011 -0.011 -0.022 -0.044 -9999 -0.055 -9999 -9999 -9999 0.044 -9999 -9999 -9999 -9999 -9999 -9999 -9999 -9999 -9999 -9999 -9999 -9999 -9999 -9999 -9999 -9999 -9999 -9999 -9999 -9999 -9999 -9999 -9999 -9999 -9999 -9999 -9999 -9999 -9999 -9999 -9999 -9999 -9999 -9999 0.319 0.319 0.363 0.363 0.363 0.374 0.385 0.385 0.385 0.407 0.385 0.363 0.407 0.407 0.319 0.319 0.319 0.33 0.319
0.143 0.121 0.099 0.099 0.099 0.099 0.088 0.055 0.055 0.033 0.033 0.033 0.033 0.022 0.011 0 -9999 -9999 -9999 -9999 -9999 -9999 -9999 -9999 -9999 -9999 -9999 -9999 -9999 -9999 -9999 -9999 -9999 -9999 -9999 -9999 -9999 -9999 -9999 -9999 -9999 -9999 -9999 -9999 -9999 -9999 -9999 -9999 -9999 -9999 -9999 -9999 -9999 -9999 -9999 -9999 -9999 -9999 0.363 0.341 0.363 0.363 0.363 0.363 0.363 0.363 0.374 0.385 0.385 0.396 0.396 0.3795 0.319 0.319 0.319 0.33 0.33
0.165 0.121 0.099 0.099 0.099 0.11 0.11 0.055 -9999 -9999 0.033 0.033 0.033 0.033 0.011 0.011 -9999 -9999 -9999 -9999 -9999 -9999 -9999 -9999 -9999 -9999 -9999 -9999 -9999 -9999 -9999 -9999 -9999 -9999 -9999 -9999 -9999 -9999 -9999 -9999 -9999 -9999 -9999 -9999 -9999 -9999 -9999 -9999 -9999 -9999 -9999 -9999 -9999 -9999 -9999 -9999 -9999 -9999 -9999 -9999 -9999 0.363 0.363 -9999 -9999 0.385 0.363 -9999 -9999 0.385 -9999 -9999 -9999 -9999 0.33 0.319 0.341
0.165 0.121 0.121 0.11 0.121 0.121 0.121 0.088 -9999 -9999 -9999 0.033 0.033 0.033 0.011 -9999 -9999 -9999 -9999 -9999 -9999 -9999 -9999 -9999 -9999 -9999 -9999 -9999 -9999 -9999 -9999 -9999 -9999 -9999 -9999 -9999 -9999 -9999 -9999 -9999 -9999 -9999 -9999 -9999 -9999 -9999 -9999 -9999 -9999 -9999 -9999 -9999 -9999 -9999 -9999 -9999 -9999 -9999 -9999 -9999 -9999 -9999 -9999 -9999 -9999 -9999 -9999 -9999 -9999 -9999 -9999 -9999 -9999 -9999 -9999 -9999 -9999
0.121 0.121 0.121 0.099 0.099 0.121 0.121 0.088 -9999 -9999 -9999 -9999 0.033 -9999 -9999 -9999 -9999 -9999 -9999 -9999 -9999 -9999 -9999 -9999 -9999 -9999 -9999 -9999 -9999 -9999 -9999 -9999 -9999 -9999 -9999 -9999 -9999 -9999 -9999 -9999 -9999 -9999 -9999 -9999 -9999 -9999 -9999 -9999 -9999 -9999 -9999 -9999 -9999 -9999 -9999 -9999 -9999 -9999 -9999 -9999 -9999 -9999 -9999 -9999 -9999 -9999 -9999 -9999 -9999 -9999 -9999 -9999 -9999 -9999 -9999 -9999 -9999
0.121 0.121 0.11 0.11 0.1155 0.11 0.11 0.11 0.099 -9999 -9999 -9999 -9999 -9999 -9999 -9999 -9999 -9999 -9999 -9999 -9999 -9999 -9999 -9999 -9999 -9999 -9999 -9999 -9999 -9999 -9999 -9999 -9999 -9999 -9999 -9999 -9999 -9999 -9999 -9999 -9999 -9999 -9999 -9999 -9999 -9999 -9999 -9999 -9999 -9999 -9999 -9999 -9999 -9999 -9999 -9999 -9999 -9999 -9999 -9999 -9999 -9999 -9999 -9999 -9999 -9999 -9999 -9999 -9999 -9999 -9999 -9999 -9999 -9999 -9999 -9999 -9999
0.121 0.121 -9999 -9999 0.143 0.132 0.121 -9999 -9999 -9999 -9999 -9999 -9999 -9999 -9999 -9999 -9999 -9999 -9999 -9999 -9999 -9999 -9999 -9999 -9999 -9999 -9999 -9999 -9999 -9999 -9999 -9999 -9999 -9999 -9999 -9999 -9999 -9999 -9999 -9999 -9999 -9999 -9999 -9999 -9999 -9999 -9999 -9999 -9999 -9999 -9999 -9999 -9999 -9999 -9999 -9999 -9999 -9999 -9999 -9999 -9999 -9999 -9999 -9999 -9999 -9999 -9999 -9999 -9999 -9999 -9999 -9999 -9999 -9999 -9999 -9999 -9999
-9999 -9999 -9999 -9999 -9999 -9999 -9999 -9999 -9999 -9999 -9999 -9999 -9999 -9999 -9999 -9999 -9999 -9999 -9999 -9999 -9999 -9999 -9999 -9999 -9999 -9999 -9999 -9999 -9999 -9999 -9999 -9999 -9999 -9999 -9999 -9999 -9999 -9999 -9999 -9999 -9999 -9999 -9999 -9999 -9999 -9999 -9999 -9999 -9999 -9999 -9999 -9999 -9999 -9999 -9999 -9999 -9999 -9999 -9999 -9999 -9999 -9999 -9999 -9999 -9999 -9999 -9999 -9999 -9999 -9999 -9999 -9999 -9999 -9999 -9999 -9999 -9999
-9999 -9999 -9999 -9999 -9999 -9999 -9999 -9999 -9999 -9999 -9999 -9999 -9999 -9999 -9999 -9999 -9999 -9999 -9999 -9999 -9999 -9999 -9999 -9999 -9999 -9999 -9999 -9999 -9999 -9999 -9999 -9999 -9999 -9999 -9999 -9999 -9999 -9999 -9999 -9999 -9999 -9999 -9999 -9999 -9999 -9999 -9999 -9999 -9999 -9999 -9999 -9999 -9999 -9999 -9999 -9999 -9999 -9999 -9999 -9999 -9999 -9999 -9999 -9999 -9999 -9999 -9999 -9999 -9999 -9999 -9999 -9999 -9999 -9999 -9999 -9999 -9999
-9999 -9999 -9999 -9999 -9999 -9999 -9999 -9999 -9999 -9999 -9999 -9999 -9999 -9999 -9999 -9999 -9999 -9999 -9999 -9999 -9999 -9999 -9999 -9999 -9999 -9999 -9999 -9999 -9999 -9999 -9999 -9999 -9999 -9999 -9999 -9999 -9999 -9999 -9999 -9999 -9999 -9999 -9999 -9999 -9999 -9999 -9999 -9999 -9999 -9999 -9999 -9999 -9999 -9999 -9999 -9999 -9999 -9999 -9999 -9999 -9999 -9999 -9999 -9999 -9999 -9999 -9999 -9999 -9999 -9999 -9999 -9999 -9999 -9999 -9999 -9999 -9999
-9999 -9999 -9999 -9999 -9999 -9999 -9999 -9999 -9999 -9999 -9999 -9999 -9999 -9999 -9999 -9999 -9999 -9999 -9999 -9999 -9999 -9999 -9999 -9999 -9999 -9999 -9999 -9999 -9999 -9999 -9999 -9999 -9999 -9999 -9999 -9999 -9999 -9999 -9999 -9999 -9999 -9999 -9999 -9999 -9999 -9999 -9999 -9999 -9999 -9999 -9999 -9999 -9999 -9999 -9999 -9999 -9999 -9999 -9999 -9999 -9999 -9999 -9999 -9999 -9999 -9999 -9999 -9999 -9999 -9999 -9999 -9999 -9999 -9999 -9999 -9999 -9999
-9999 -9999 -9999 -9999 -9999 -9999 -9999 -9999 -9999 -9999 -9999 -9999 -9999 -9999 -9999 -9999 -9999 -9999 -9999 -9999 -9999 -9999 -9999 -9999 -9999 -9999 -9999 -9999 -9999 -9999 -9999 -9999 -9999 -9999 -9999 -9999 -9999 -9999 -9999 -9999 -9999 -9999 -9999 -9999 -9999 -9999 -9999 -9999 -9999 -9999 -9999 -9999 -9999 -9999 -9999 -9999 -9999 -9999 -9999 -9999 -9999 -9999 -9999 -9999 -9999 -9999 -9999 -9999 -9999 -9999 -9999 -9999 -9999 -9999 -9999 -9999 -9999
