data/derived/r_tau_pnsp.asc
NCOLS 186 
NROWS 74 
XLLCORNER 443300.206538099 
YLLCORNER 4085841.77455235 
CELLSIZE 500 
NODATA_value -9999 
[rows 34 to 67 of 74, columns 0 to 76 of 186]
-9999 -9999 -9999 -9999 -9999 -9999 -9999 -9999 -9999 -9999 -9999 -9999 -9999 -9999 0 0 -0.121 0.121 0.121 -9999 -9999 0.022 -0.0165 0.0275 -0.055 -0.077 -0.0605 -0.033 -0.066 -0.11 -0.11 -0.11 -0.099 -0.099 -0.132 -0.187 -0.143 -0.187 -0.187 -0.165 -0.165 -0.165 -0.099 -0.121 -0.099 -0.099 -0.077 -0.11 -0.077 -0.077 -0.143 -0.11 -0.033 -0.099 -0.011 -0.055 -0.044 -0.055 -0.033 -0.055 -0.066 -0.165 -0.187 -0.143 -0.143 -0.055 -0.055 -0.143 -0.187 -0.187 -0.143 -0.077 -0.055 -0.055 -0.077 -0.033 -0.011
-9999 -9999 -9999 -9999 -9999 -9999 -9999 -9999 -9999 -9999 -9999 -9999 -9999 -9999 0 -0.121 -0.121 0 0.066 -9999 -9999 -9999 0.022 -0.022 -0.011 -0.077 -0.077 0 -0.044 0.044 -0.077 -0.143 -0.143 -0.121 -0.106333333333333 -0.135666666666667 -0.143 -0.088 -0.121 -0.132 -0.121 -0.121 -0.132 -0.143 -0.088 -0.099 -0.077 -0.077 -0.0623333333333333 -0.077 -0.143 -0.033 -0.077 -0.077 -0.121 -0.099 -0.044 -0.077 -0.033 -0.055 -0.055 -0.099 -0.187 -0.143 -0.077 -0.055 -0.033 -0.143 -0.209 -0.187 -0.165 -0.121 -0.099 -0.121 -0.055 -0.099 -0.055
-9999 -9999 -9999 -9999 -9999 -9999 -9999 -9999 -9999 -9999 -9999 -9999 -9999 -9999 -0.121 0 0 0 0.121 0.143 -9999 0.165 0.033 0.022 -0.011 -0.044 -0.022 -0.077 -0.099 -0.011 -0.011 -0.143 -0.099 -0.077 -0.077 -0.088 -0.121 -0.099 -0.077 -0.099 -0.099 -0.099 -0.099 -0.077 -0.077 -0.077 -0.055 -0.077 -0.077 -0.077 -0.088 -0.077 -0.088 -0.055 -0.055 -0.066 -0.044 -0.044 -0.077 -0.033 -0.066 -0.099 -0.187 -0.143 -0.055 -0.055 -0.055 -0.099 -0.132 -0.132 -0.121 -0.132 -0.121 -0.132 -0.135666666666667 -0.143 -0.143
-9999 -9999 -9999 -9999 -9999 -9999 -9999 -9999 -9999 -9999 -9999 -9999 -9999 -9999 -9999 0 0 0 0.099 0 0 0.099 0.022 -0.055 0 -0.022 0.055 -0.121 -0.099 -0.099 -0.121 -0.121 -0.077 -0.077 -0.055 -0.055 -0.044 -0.011 -0.033 -0.088 -0.077 -0.077 -0.077 -0.077 -0.099 -0.055 -0.033 -0.033 -0.055 -0.055 -0.099 -0.077 -0.077 -0.077 -0.121 -0.077 -0.077 -0.055 0.011 -0.011 -0.055 -0.099 -0.187 -0.187 -0.187 -0.055 -0.077 -0.099 -0.099 -0.099 -0.121 -0.121 -0.099 -0.143 -0.128333333333333 -0.143 -0.132
-9999 -9999 -9999 -9999 -9999 -9999 -9999 -9999 -9999 -9999 -9999 -9999 -9999 -9999 -9999 0 0 -0.011 0 0 0 0 0.121 -0.0165 0.011 -0.077 0.066 -0.121 -0.033 -0.121 -0.099 -0.121 -0.143 -0.055 -0.099 -0.055 -0.066 -0.099 -0.143 -0.077 -0.033 -0.055 -0.055 -0.055 -0.077 -0.099 -0.033 -0.033 -0.033 -0.066 -0.121 -0.055 -0.077 -0.055 -0.077 -0.077 -0.055 -0.033 -0.033 -0.033 -0.121 -0.209 -0.165 -0.143 -0.165 -0.055 -0.099 -0.077 -0.099 -0.077 -0.077 -0.099 -0.121 -0.121 -0.121 -0.132 -0.143
-9999 -9999 -9999 -9999 -9999 -9999 -9999 -9999 -9999 -9999 -9999 -9999 -9999 -9999 -9999 0 0 0 0 0 0.099 0.099 0.099 -0.0495 0.165 0.088 -0.033 -0.022 -0.011 -0.11 -0.099 -0.187 -0.143 -0.099 -0.099 -0.077 -0.143 -0.165 -0.165 -0.165 -0.099 -0.077 -0.077 -0.055 -0.055 -0.055 -0.033 -0.033 -0.033 -0.088 -0.077 -0.187 -0.121 -0.077 -0.077 -0.055 -0.033 -0.033 -0.055 -0.143 -0.165 -0.165 -0.187 -0.121 -0.055 -0.077 -0.099 -0.099 -0.121 -0.077 -0.077 -0.143 -0.099 -0.143 -0.143 -0.132 -0.143
-9999 -9999 0 -9999 -9999 -9999 -9999 -9999 -9999 -9999 -9999 -9999 -9999 -9999 -9999 0 0 0 0 0 0.143 0.099 0 -0.066 -0.0055 0.165 -0.077 -0.044 0.066 -0.011 -0.044 -0.099 -0.121 -0.099 -0.055 -0.077 -0.077 -0.077 -0.099 -0.121 -0.099 -0.077 -0.055 -0.055 -0.033 -0.033 -0.121 0.011 -0.11 -0.033 -0.066 -0.077 -0.077 -0.055 -0.077 -0.033 -0.143 -0.055 -0.055 -0.187 -0.187 -0.143 -0.187 -0.11 -0.077 -0.099 -0.099 -0.099 -0.099 -0.077 -0.044 -0.099 -0.121 -0.132 -0.143 -0.143 -0.154
-9999 -9999 -9999 -9999 -9999 0 0 -9999 -9999 -9999 -9999 -9999 0 0 0 0 0.099 0 0 0 0.099 0.165 0.132 -0.033 0.165 0.121 -0.055 0 -0.011 0.044 -0.143 -0.143 -0.121 -0.077 -0.055 -0.055 -0.077 -0.022 -0.011 -0.077 -0.099 -0.099 -0.099 -0.077 -0.055 -0.033 -0.033 -0.055 -0.143 -0.033 -0.044 -0.077 -0.055 -0.033 -0.099 -0.143 -0.165 -0.165 -0.143 -0.099 -0.187 -0.121 -0.143 -0.143 -0.165 -0.121 -0.099 -0.143 -0.077 -0.077 -0.044 -0.077 -0.121 -0.165 -0.143 -0.143 -0.154
-9999 -9999 -9999 0 -9999 -9999 -9999 0 -9999 -9999 -9999 0 0 0 0 0 0.099 0.022 0.099 0 0.022 0 -0.022 0.088 0 0.0165 0.022 0.066 -0.077 -0.011 -0.121 -0.11 -0.187 -0.165 -0.099 -0.077 -0.055 -0.011 0.011 -0.055 -0.077 -0.077 -0.077 -0.077 -0.099 -0.033 -0.121 -0.121 -0.121 -0.143 -0.143 -0.11 -0.143 -0.143 -0.143 -0.121 -0.121 -0.165 -0.121 -0.099 -0.165 -0.187 -0.143 -0.187 -0.143 -0.099 -0.099 -0.121 -0.077 -0.077 -0.044 -0.099 -0.121 -0.143 -0.165 -0.143 -0.165
-9999 0 0 0 0 0 0 0 0 0 0 0 0 0 0 0 0.099 0 0.121 0.143 0.066 -0.022 0.022 -0.033 0.022 0.0275 0.033 -0.022 -0.033 -0.121 0.066 -0.165 -0.121 -0.099 -0.099 -0.055 -0.077 -0.011 0 -0.011 -0.055 -0.011 -0.055 -0.055 -0.055 -0.033 -0.077 -0.121 -0.143 -0.143 -0.121 -0.077 -0.143 -0.099 -0.143 -0.143 -0.121 -0.121 -0.099 -0.143 -0.187 -0.187 -0.176 -0.143 -0.066 -0.055 -0.077 -0.077 -0.077 -0.165 -0.022 -0.099 -0.099 -0.121 -0.165 -0.165 -0.165
0 0 0 0 0 0.022 0.022 0.022 0.022 0.022 0.022 0.099 -0.0055 0.099 0.099 -0.011 0.099 0 -0.033 0.11 0.11 0.022 0 0 0.121 0.1155 -0.077 -0.033 0.066 -0.066 -0.077 -0.165 -0.187 -0.066 -0.099 -0.077 -0.055 -0.055 0 -0.011 -0.055 -0.055 -0.055 -0.121 -0.121 -0.055 -0.077 -0.143 -0.077 -0.143 -0.165 -0.11 -0.143 -0.143 -0.099 -0.165 -0.154 -0.099 -0.099 -0.099 -0.165 -0.143 -0.143 -0.099 -0.077 -0.099 -0.077 -0.099 -0.099 -0.121 0 -0.044 -0.099 -0.099 -0.165 -0.165 -0.121
-9999 0 0 0.022 0.0715 0.022 0.022 -0.011 -0.011 -0.011 -0.044 -0.044 -0.055 0.03025 0 -0.066 -0.011 0 0 -0.066 0.088 0.132 0.077 0.077 0.143 0.165 0.033 -0.055 0.066 0 -0.044 0 0 -0.066 -0.077 -0.055 -0.011 -0.011 0.011 0 -0.055 -0.077 -0.099 -0.055 -0.077 -0.055 -0.165 -0.077 -0.121 -0.055 -0.143 -0.165 -0.11 -0.165 -0.143 -0.099 -0.121 -0.077 -0.121 -0.077 -0.121 -0.165 -0.055 -0.055 -0.011 -0.099 -0.055 -0.077 -0.099 0.022 -0.033 -0.099 -0.099 -0.121 -0.165 -0.143 -0.121
-9999 -9999 0 0.121 0.022 0 0.022 -0.044 -0.044 -0.044 -0.044 0.066 0.066 0.066 -0.0586666666666667 0.0495 0 -0.0165 -0.033 0.022 -0.011 -0.011 -0.011 0.0165 0.0165 0 0.117333333333333 0.00366666666666667 0 0.088 -0.033 -0.066 -0.066 -0.121 -0.055 -0.055 0.011 0.011 0.011 -0.033 -0.055 -0.011 -0.033 -0.055 -0.121 -0.099 -0.165 -0.165 -0.143 -0.143 -0.055 -0.011 -0.055 -0.121 -0.077 -0.033 -0.121 -0.099 -0.099 -0.033 -0.099 -0.143 -0.077 -0.077 -0.099 -0.121 0.022 0 0 0 0.022 -0.077 -0.099 -0.099 -0.165 -0.099 -0.121
-9999 -9999 -9999 0 0 0 0.022 0.022 0.022 0.121 0 -0.044 0.044 0.066 0.066 -0.077 0 0 0 0 0 0 -0.011 0.044 0.099 0 0.143 0.066 0.066 0.022 -0.0385 -0.1155 -0.099 -0.055 -0.033 -0.044 0.033 0.011 0 -0.044 -0.0385 -0.066 -0.066 -0.055 -0.055 -0.143 -0.055 -0.121 -0.121 -0.165 -0.077 -0.033 -0.055 -0.044 -0.033 -0.055 -0.033 -0.099 -0.099 -0.099 -0.121 -0.077 -0.077 -0.055 -0.033 -0.099 -0.088 0.066 -0.077 -0.077 0.022 -0.077 -0.099 -0.121 -0.143 -0.143 -0.099
-9999 -9999 -9999 -9999 -9999 0 0 0 0 0 0 0 0 -0.077 0.044 -0.0385 0 -0.077 0.044 -0.033 0.044 0 0.044 -0.066 -0.066 0.121 0.044 0.099 0.044 0.132 -0.121 -0.121 -0.077 -0.033 -0.055 -0.011 0.011 -0.033 -0.055 -0.055 -0.055 -0.121 -0.077 -0.055 -0.055 -0.066 -0.055 -0.066 -0.055 -0.088 -0.088 -0.044 -0.055 -0.044 -0.033 -0.011 -0.022 -0.066 -0.077 -0.11 -0.11 -0.066 -0.088 -0.055 -0.044 -0.099 -0.06325 -0.055 0.022 -0.044 -0.022 -0.121 -0.099 -0.121 -0.143 -0.121 -0.099
-9999 -9999 -9999 -9999 -9999 -9999 0 0 0 0 -9999 0 0 0 0 0 0 0 -0.077 -0.066 -0.066 0.044 -0.066 -0.033 -0.033 0.099 0.066 0.022 -0.0385 -0.055 -0.055 -0.055 -0.055 -0.033 -0.011 0.011 -0.033 -0.055 -0.055 -0.011 -0.011 -0.055 -0.077 -0.055 -0.055 -0.077 -0.077 -0.11 -0.077 -0.099 -0.077 -0.099 -0.077 -0.055 -0.055 -0.033 -0.011 -0.055 -0.033 -0.077 -0.077 -0.077 -0.055 -0.055 -0.077 -0.077 -0.099 0.022 0.0055 -0.0605 -0.033 -0.1045 -0.077 -0.11 -0.1045 -0.11 -0.1155
-9999 -9999 -9999 -9999 -9999 0 -9999 -9999 -9999 -9999 -9999 -9999 -9999 0 0 0 -0.077 0.044 0.044 -0.066 0.044 0.044 -0.033 0.033 0.066 0.044 0.066 0.066 -0.044 -0.077 -0.033 -0.033 -0.055 -0.011 -0.011 -0.033 -0.033 -0.033 -0.033 -0.033 -0.055 -0.11 -0.033 -0.077 -0.055 -0.099 -0.033 -0.077 -0.077 -0.099 -0.077 -0.077 -0.077 -0.143 -0.055 -0.055 -0.033 -0.011 -0.033 -0.033 -0.055 -0.033 -0.055 -0.099 -0.099 -0.033 0 0.011 0.033 -0.033 0 -0.099 -0.077 -0.121 -0.099 -0.11 -0.022
-9999 -9999 -9999 -9999 -9999 0 0 -9999 -9999 -9999 -9999 -9999 -9999 -9999 0 0 -0.0385 0 0 -0.077 0.044 -0.033 0.077 0.033 0.066 0.066 0.088 0.088 -0.011 0 0.033 -0.033 -0.055 -0.011 -0.033 -0.011 -0.033 -0.033 -0.033 -0.055 -0.077 -0.077 -0.099 -0.077 -0.055 -0.077 -0.121 0.044 0.022 -0.121 -0.099 -0.099 -0.099 0.055 0.033 0 -0.077 -0.033 -0.055 -0.055 -0.055 -0.055 -0.055 -0.099 -0.077 -0.044 0 -0.077 0.0605 0.022 -0.121 -0.077 -0.121 -0.099 -0.099 -0.132 0
-9999 -9999 -9999 0 0 0 -9999 -9999 -9999 -9999 -9999 -9999 -9999 -9999 0 0 0 0 -0.077 0.044 0.044 -0.033 0.077 0 0.066 0.077 0.066 0 0.022 0.0055 -0.011 -0.055 -0.055 -0.033 0.011 -0.033 -0.033 -0.033 -0.055 -0.077 -0.055 -0.055 -0.066 -0.077 -0.055 -0.121 0.033 0.044 0.044 -0.022 -0.088 -0.099 0 0.055 0.044 -0.044 -0.055 -0.011 -0.055 -0.055 -0.011 -0.077 -0.033 0.011 0 0.022 -0.033 -0.022 0.0275 0.044 -0.055 -0.077 -0.143 -0.099 -0.099 -0.088 -0.033
-9999 -9999 -9999 -9999 0 0 -9999 -9999 -9999 -9999 -9999 -9999 -9999 -9999 -9999 -9999 0 -0.0385 0.066 -0.066 -0.066 0.077 0.132 0 0.044 0.022 0.044 0.066 0.165 0.198 0.0385 -0.055 -0.055 0.011 -0.033 -0.033 -0.033 -0.033 -0.055 -0.077 -0.055 -0.077 -0.077 -0.077 -0.055 -0.099 -0.099 0.044 0.033 0.066 0.044 0.066 0.088 0.011 0.055 -0.11 -0.055 -0.033 -0.055 -0.055 -0.011 -0.077 -0.033 0.055 -0.044 -0.044 0.022 0.033 0.055 0.044 -0.055 -0.143 -0.121 -0.055 -0.099 -0.033 -0.088
-9999 -9999 -9999 -9999 0 0 -9999 -9999 -9999 -9999 -9999 -9999 -9999 -9999 -9999 -9999 0 0.033 -0.033 0.077 0.077 0.077 0.077 0.022 0.099 0.066 0 0 0.121 0.176 0.0165 -0.055 -0.033 -0.033 -0.055 -0.055 -0.033 -0.055 -0.055 -0.055 -0.077 -0.055 -0.055 -0.077 -0.099 -0.077 -0.121 0.022 0.033 -0.044 0.066 0.066 0.022 0.033 0.066 -0.077 -0.066 -0.033 -0.033 -0.033 -0.077 -0.055 -0.121 -0.011 -0.055 0.055 0.033 0.132 -0.044 0.0055 -0.033 -0.099 -0.077 -0.077 -0.121 -0.033 -0.165
-9999 -9999 -9999 -9999 -9999 0 -9999 -9999 -9999 -9999 -9999 -9999 -9999 -9999 -9999 -9999 0 0.033 -0.033 -0.033 0.077 0.077 -0.066 -0.066 0.077 0.044 0 0.066 0.132 0.022 -0.011 -0.055 -0.055 -0.055 -0.055 -0.055 -0.055 -0.033 -0.055 -0.055 -0.077 -0.055 -0.055 -0.088 -0.121 -0.099 -0.077 -0.022 0.044 0.022 0.044 0.033 0.055 0.044 0.055 -0.121 -0.077 -0.011 -0.011 -0.055 -0.055 -0.099 0.033 -0.011 0 0.121 0.11 0.11 -0.044 -0.0165 -0.099 -0.055 -0.077 -0.143 -0.077 -0.033 -0.088
-9999 -9999 -9999 -9999 -9999 -9999 -9999 -9999 -9999 -9999 -9999 -9999 -9999 -9999 -9999 -9999 0 0 0.066 -0.033 0.066 0.066 0.066 0.066 0.066 -0.022 0.066 0.121 0.088 -0.011 0.033 -0.055 -0.077 -0.055 -0.033 -0.033 -0.077 -0.055 -0.055 -0.055 -0.055 -0.055 -0.055 -0.055 -0.077 -0.077 -0.055 -0.033 0.044 0.066 0.044 0.044 0.044 0.044 -0.055 -0.055 -0.055 -0.055 -0.077 -0.077 0.055 0.055 0.077 0 -0.077 0.055 0.132 0.11 -0.022 0.088 -0.0495 -0.055 -0.121 -0.055 -0.077 -0.044 -0.077
-9999 -9999 -9999 -9999 -9999 -9999 -9999 -9999 -9999 -9999 -9999 -9999 -9999 -9999 -9999 -9999 -9999 0 -0.0055 -0.077 -0.077 -0.077 -0.077 -0.077 -0.011 -0.022 0.066 0.132 0.022 0.011 -0.033 -0.033 -0.033 -0.055 -0.055 -0.033 -0.055 -0.077 -0.099 -0.055 -0.011 -0.077 -0.055 -0.077 -0.088 -0.099 -0.099 -0.011 0.066 0.066 0.044 0.11 -0.044 0.044 -0.121 -0.099 -0.055 -0.033 -0.077 -0.099 0 -0.044 -0.044 -0.044 -0.022 0.033 0.132 0.055 -0.022 0.022 -0.0495 -0.077 -0.077 -0.055 -0.033 -0.088 -0.077
-9999 -9999 -9999 -9999 -9999 -9999 -9999 -9999 -9999 -9999 -9999 -9999 -9999 -9999 -9999 -9999 -9999 -9999 0 -0.0256666666666667 -0.0385 -0.0055 -0.0165 0.066 0 0.022 0.121 0.088 -0.033 -0.011 -0.011 -0.033 -0.066 0 -0.055 -0.055 -0.055 -0.077 -0.121 -0.055 -0.077 -0.077 -0.055 -0.077 -0.077 -0.077 0.033 0.033 -0.011 0.044 0.033 0.033 -0.033 0.055 -0.077 -0.077 -0.055 -0.033 -0.066 -0.033 0.044 -0.055 0.055 0.033 0.033 0.11 0.132 0.055 -0.077 0.022 -0.077 -0.077 -0.077 -0.033 -0.088 -0.055 -0.055
-9999 -9999 -9999 -9999 -9999 -9999 -9999 -9999 -9999 -9999 -9999 -9999 -9999 -9999 -9999 -9999 -9999 -9999 -9999 0 -0.077 -0.077 0.066 0.11 -0.022 0.0605 0.0935 0.0275 -0.022 -0.033 -0.011 -0.011 -0.033 -0.022 -0.066 -0.044 -0.066 -0.088 -0.055 -0.066 -0.0495 -0.121 -0.099 -0.055 -0.077 -0.066 0.033 -0.022 0.044 0.055 0.088 0.055 0 0.011 -0.121 -0.077 -0.077 -0.055 -0.066 -0.077 0.044 0.066 -0.044 0.033 0.132 0.132 0.132 0 0.022 -0.044 -0.077 -0.0605 -0.044 -0.022 -0.077 -0.055 -0.011
-9999 -9999 -9999 -9999 -9999 -9999 -9999 -9999 -9999 -9999 -9999 -9999 -9999 -9999 -9999 -9999 -9999 -9999 -9999 0 -0.077 0.066 0.066 0.055 0.022 -0.066 0.077 0.022 -0.033 -0.011 -0.033 -0.011 0.11 0 -0.055 -0.033 -0.077 -0.033 -0.077 -0.044 -0.044 -0.044 -0.077 -0.055 -0.066 -0.033 -0.0403333333333333 0.0495 0.0935 0.121 0.055 -0.0495 0.0495 -0.066 -0.077 -0.088 -0.088 -0.077 -0.077 -0.088 0.011 0.044 -0.022 0.055 0.132 0.132 0.033 -0.044 0.022 -0.077 -0.044 -0.0715 -0.077 -0.099 -0.077 -0.011 -0.033
-9999 -9999 -9999 -9999 -9999 -9999 -9999 -9999 -9999 -9999 -9999 -9999 -9999 -9999 -9999 -9999 -9999 -9999 -9999 0 -0.0385 0.066 0.143 -0.044 0.033 0.055 0.132 0.011 -0.033 -0.044 0.011 0.011 0.044 -0.022 -0.033 -0.077 -0.055 -0.077 -0.022 -0.044 -0.044 -0.022 -0.011 -0.121 -0.077 -0.033 -0.011 0.11 0.132 0.11 0.066 0.011 0.066 0 -0.165 -0.121 -0.099 -0.066 0.022 -0.0275 -0.033 -0.0385 0.0935 0.099 0.132 0.121 0.0825 -0.088 -0.11 -0.077 -0.0715 -0.11 -0.0605 0.011 -0.0495 -0.0495 0.0055
-9999 -9999 -9999 -9999 -9999 -9999 -9999 -9999 -9999 -9999 -9999 -9999 -9999 -9999 -9999 -9999 -9999 -9999 -9999 0 -0.077 -0.0055 0.088 -0.022 0.044 -0.011 0.033 0.033 -0.033 -0.033 0.011 0.198 0 0.022 -0.044 -0.055 -0.022 -0.066 -0.044 0.044 -0.011 0.022 -0.044 -0.033 -0.011 0.022 -0.077 0.077 0.198 0.088 0.066 -0.044 0.044 0 -0.022 0.022 0.022 0.022 0.022 -0.022 0.0165 0.044 0.055 0.132 0.121 0.088 0.055 -0.011 -0.099 -0.077 -0.077 -0.077 0.055 0.022 0.055 0.055 0.055
-9999 -9999 -9999 -9999 -9999 -9999 -9999 -9999 -9999 -9999 -9999 -9999 -9999 -9999 -9999 -9999 -9999 -9999 -9999 0 -0.077 -0.0055 0.088 0.143 0 0.066 0.055 0.055 0.011 -0.033 0.088 -0.022 0.077 -0.099 -0.022 -0.066 -0.044 -0.044 -0.022 -0.011 0.011 -0.099 -0.022 -0.033 -0.011 -0.077 0.022 0.0825 0.121 0.11 0.055 0.044 -0.077 0.044 0.022 0.044 0 0.044 0.011 0.011 0.0055 0.055 0.055 0.132 0.088 0.088 -0.066 0.033 -0.055 -0.099 -0.088 -0.033 0.033 0.033 -0.044 -0.044 -0.044
-9999 -9999 -9999 -9999 -9999 -9999 -9999 -9999 -9999 -9999 -9999 -9999 -9999 -9999 -9999 -9999 -9999 -9999 0 0 -0.077 -0.011 0.055 0.088 0.121 0 -0.022 0.176 0.033 0.033 0.143 -0.044 -0.055 -0.121 -0.022 -0.022 0 0.044 0 -0.088 0.033 -0.088 -0.055 0 -0.022 -0.143 0.022 0.11 0 0.22 0.11 0.044 -0.022 0.044 0 -0.077 -0.077 -0.022 -0.022 -0.044 0.044 0.055 0.132 0.132 0.088 0.044 -0.066 0.033 -0.022 0.033 0.033 0.033 0.033 -0.044 -0.044 -0.066 -9999
-9999 -9999 -9999 -9999 -9999 -9999 -9999 -9999 -9999 -9999 -9999 -9999 -9999 -9999 -9999 -9999 -9999 -9999 0 0 0 -0.077 -0.077 0.055 0.187 -0.011 0.044 -0.022 0.154 0.044 -9999 -9999 0.055 -0.121 0 0.022 0 -0.033 -0.088 0.055 0.11 0.077 -0.11 -0.044 -0.044 -0.077 0.066 0.132 0.0495 0.11 0.132 0.055 -0.066 -0.022 -0.022 0.088 0.088 0.055 0.033 0.033 -9999 0.0935 0.132 0.088 0.066 -0.022 -0.066 0.033 0.033 0.011 -0.044 -0.044 -0.066 -0.044 -9999 -9999 -9999
-9999 -9999 -9999 -9999 -9999 -9999 -9999 -9999 -9999 -9999 -9999 -9999 -9999 -9999 -9999 -9999 -9999 -9999 0 0 -0.077 -0.077 -0.077 0.055 0.187 0 0.011 0 -0.022 -9999 -9999 0.066 -0.044 0 -0.099 -0.099 -0.088 -0.088 -0.088 0.055 0 0.11 0.022 -0.022 -0.055 -0.121 0.077 0.077 0.055 0.121 0.11 0.077 -0.088 -0.066 0.088 0.033 -9999 0.11 -9999 -9999 -9999 0.1045 0.088 0.044 0.066 0.044 -0.044 -0.066 -0.044 -0.044 -0.044 -0.044 -0.044 -0.044 -9999 -9999 -9999
-9999 -9999 -9999 -9999 -9999 -9999 -9999 -9999 -9999 -9999 -9999 -9999 -9999 -9999 -9999 -9999 -9999 0 0 0 -0.077 -0.077 -0.077 0.0055 0.187 0.187 0 -0.022 -9999 -9999 -9999 0.066 -0.044 -0.11 0.011 0.011 0.033 0.011 0.055 0.033 0.121 0.033 0.077 -9999 0 0.022 0.077 0.11 0.121 0.0605 0.11 0.121 0 0.055 0.11 -9999 -9999 -9999 -9999 -9999 -9999 0.132 0.0715 0 0.044 -9999 -9999 -9999 -9999 -9999 -9999 -9999 -9999 -9999 -9999 -9999 -9999
