data/derived/r_tau_scmc.asc
NCOLS 186 
NROWS 74 
XLLCORNER 443300.206538099 
YLLCORNER 4085841.77455235 
CELLSIZE 500 
NODATA_value -9999 
[rows 32 to 63 of 74, columns 73 to 145 of 186]
-0.231 -0.33 -0.407 -0.22 -0.308 -0.473 -0.418 -0.275 -0.066 -0.165 -0.253 -0.297 -0.2035 -0.154 -0.044 -0.264 -0.286 -0.275 -0.341 -0.275 -0.143 -0.253 -0.242 -0.341 -0.495 -0.429 -0.352 -0.352 -0.264 -0.253 -0.209 -0.264 0 -0.033 -0.099 -0.143 -0.066 -0.253 0.099 0 -0.066 -0.11 0.011 0.077 0.022 0.066 0.176 -0.033 -0.198 -0.044 -0.154 -0.121 -0.055 -0.044 -0.066 0.011 -0.165 -0.209 -0.176 -0.231 -0.363 -0.308 -0.143 0 -0.077 -0.154 -0.154 -0.165 -0.176 -0.154 -0.033 -0.462 -0.33
-0.385 -0.484 -0.418 -0.363 -0.341 -0.242 -0.242 -0.22 -0.187 -0.374 -0.187 -0.209 -0.385 -0.297 -0.286 -0.319 -0.374 -0.286 -0.176 -0.308 -0.22 -0.187 -0.121 -0.165 -0.176 -0.3575 -0.275 -0.308 -0.308 -0.11 -0.165 -0.176 -0.22 -0.176 -0.099 -0.132 0.033 -0.044 0.0165 -0.121 -0.176 -0.088 -0.165 -0.022 -0.253 0.132 0.022 -0.044 -0.099 -0.11 -0.22 -0.022 0.066 0.099 0 0 -0.099 -0.385 -0.319 -0.242 -0.286 -0.418 -0.099 -0.088 -0.0605 -0.066 -0.286 -0.33 -0.22 -0.308 -0.231 -0.077 -0.121
-0.4345 -0.451 -0.385 -0.418 -0.231 -0.242 -0.176 -0.308 -0.165 -0.242 -0.352 -0.231 -0.297 -0.275 -0.209 -0.253 -0.231 -0.209 -0.286 -0.33 -0.374 -0.286 -0.308 -0.264 -0.121 -0.253 -0.165 -0.088 -0.099 -0.264 -0.418 -0.462 -0.253 -0.33 0.011 -0.11 -0.242 -0.022 0 -0.00549999999999999 -0.22 -0.198 -0.176 -0.209 -0.187 -0.308 -0.088 0.044 -0.055 0.044 -0.044 -0.044 -0.022 -0.198 -0.11 0 -0.11 -0.308 -0.209 -0.044 -0.253 -0.044 -0.165 -0.044 -0.143 -0.0825 -0.044 -0.066 -0.286 -0.242 -0.407 -0.209 0.011
-0.198 -0.308 -0.451 -0.385 -0.297 -0.132 -0.253 -0.044 -0.176 -0.297 -0.363 -0.319 -0.505 -0.3135 -0.242 -0.308 -0.264 -0.319 -0.286 -0.308 -0.308 -0.308 -0.341 -0.198 -0.22 -0.154 -0.1485 -0.209 -0.044 -0.198 -0.264 -0.484 -0.297 -0.132 -0.308 -0.165 -0.044 0 -0.044 0.143 -0.176 -0.066 -0.022 -0.165 -0.33 -0.33 -0.33 -0.165 -0.165 0 -0.011 0.154 -0.044 0.033 -0.132 -0.132 0.033 -0.044 -0.033 0.11 0.044 0.044 0.088 -0.22 -0.22 -0.099 -0.165 -0.143 -0.308 -0.374 -0.198 -0.297 -0.308
-0.286 -0.216333333333333 -0.143 -0.33 -0.264 -0.165 -0.044 -0.033 -0.242 -0.154 -0.198 -0.198 -0.242 -0.264 -0.088 -0.121 -0.088 -0.055 -0.209 -0.088 -0.143 -0.253 -0.209 -0.275 -0.154 -0.099 -0.044 -0.1705 -0.132 -0.088 -0.242 -0.286 -0.187 -0.099 -0.429 -0.418 -0.22 -0.022 0.044 0.11 0.0825 -0.044 0 0 -0.011 -0.143 -0.099 -0.066 -0.022 -0.066 -0.143 -0.011 -0.044 -0.055 0.022 -0.055 0.022 -0.099 -0.088 0.044 -0.132 0.055 0.066 -0.099 -0.209 -0.22 -0.0055 0.143 -0.066 -0.22 -0.527 -0.231 -0.209
-0.198 -0.143 -0.0275 -0.209 -0.132 -0.143 -0.1705 -0.2585 -0.2695 -0.088 -0.165 -0.1045 -0.1155 -0.0825 -0.05225 -0.264 -0.176 -0.187 -0.11 -0.033 -0.033 -0.2695 -0.2695 -0.253 -0.0825 0.011 -0.132 -0.1485 -0.1265 -0.077 -0.2145 -0.2035 -0.209 -0.1705 -0.308 -0.429 -0.2145 0.099 0.132 0.099 0.14575 0.0715 0.0825 -0.055 -0.11 -0.209 -0.121 0.055 0.088 0.044 -0.0275 -0.1595 -0.0605 0.05775 0.011 -0.066 -0.1045 -0.0385 -0.022 0.0385 -0.0385 0.011 -0.088 -0.0495 -0.121 -0.0825 0.06875 0.0165 0.0495 0.0055 -0.1045 -0.187 -0.077
-0.066 -0.066 -0.1815 -0.176 -0.099 -0.132 -0.11 -0.231 -0.088 -0.143 -0.22 -0.165 0.033 0.022 -0.088 -0.2035 -0.154 -0.176 -0.121 -0.165 -0.198 -0.132 -0.264 -0.242 -0.165 -0.253 -0.066 -0.165 -0.1155 -0.286 -0.22 -0.209 -0.033 -0.055 0.077 -0.066 -0.044 -0.143 0.022 -0.154 0.143 -0.0935 -0.044 0 -0.066 -0.231 -0.22 -0.44 -0.165 -0.088 -0.077 -0.055 -0.077 0.055 -0.0935 -0.154 0 -0.055 -0.077 0.022 0 0.055 0 0 -0.011 -0.044 0.187 0 -0.022 -0.055 0 -0.132 0.11
-0.132 -0.176 -0.1265 -0.11 -0.121 -0.121 -0.132 -0.132 -0.165 -0.297 -0.099 -0.154 0.044 0.044 -0.209 -0.253 -0.154 -0.198 -0.352 -0.209 -0.253 -0.22 -0.319 -0.033 -0.154 -0.022 -0.022 0.088 -0.0275 -0.132 0 0 -0.264 -0.242 0.033 -0.11 -0.143 -0.022 -9999 -0.264 -0.176 -0.242 -0.407 -0.132 -0.033 -0.044 -0.253 -0.44 -0.121 -0.176 -0.055 -0.11 0.044 -0.22 -0.154 -0.198 -0.176 -0.11 -0.088 -0.077 -0.066 -0.198 -0.22 -0.187 -0.374 -0.022 -0.143 0.055 0.132 -0.022 -0.121 -0.044 0.099
-0.209 -0.209 -0.154 -0.2255 -0.099 -0.165 -0.077 -0.231 -0.242 -0.22 -0.253 -0.088 -0.099 -0.044 -0.187 -0.264 -0.1265 -0.088 0.055 -0.132 -0.154 -0.132 -0.308 -0.154 -0.22 -0.143 0 -0.165 -0.011 0.077 0.055 0.11 -0.066 -0.022 0 0.022 0.011 -0.11 -9999 -0.231 -0.143 -0.374 -0.3575 -0.308 -0.275 -0.22 -0.198 -0.11 0 -0.143 -0.11 -0.176 -0.088 -0.407 -0.308 -0.319 -0.462 -0.253 -0.099 -0.132 -0.275 -0.22 -0.187 -0.22 -0.33 -0.396 -0.264 -0.066 -0.1265 -0.165 -0.121 -0.11 -0.187
-0.066 -0.066 -0.11 -0.132 -0.099 -0.11 -0.154 -0.385 -0.352 -0.319 -0.264 -0.055 -0.198 -0.176 -0.165 -0.319 -0.00549999999999999 -0.044 -0.088 -0.132 -0.022 -0.176 -0.165 0.044 -0.176 -0.165 -0.11 -0.088 0.077 0.088 0.088 0.132 -0.055 0.022 -0.165 -0.022 0 -0.11 -9999 -0.308 -0.143 -0.242 -0.2475 -0.44 -0.396 -0.33 -0.44 -0.275 -0.121 -0.187 -0.143 -0.11 -0.099 -0.165 -0.264 -0.4395 -0.308 -0.22 -0.242 -0.176 -0.231 -0.187 -0.253 -0.297 -0.308 -0.407 -0.187 -0.022 -0.3245 -0.132 -0.242 -0.066 -0.198
-0.176 -0.297 -0.066 -0.088 -0.2475 -0.231 -0.198 -0.297 -0.341 -0.253 -0.264 -0.077 -0.132 -0.264 -0.33 -0.33 -0.1595 -0.209 -0.264 -0.308 -0.154 -0.077 -0.154 -0.066 -0.253 -0.11 -0.088 -0.077 -0.22 -0.099 0.044 -0.066 -0.033 0.088 -0.022 0.033 0.033 -0.044 -9999 -9999 -0.143 -9999 -0.319 -0.264 -0.33 -0.242 -0.231 -0.308 -0.176 -0.253 -0.176 -0.132 -0.022 -0.198 -0.462 -0.4725 -0.549 -0.352 -0.286 -0.352 -0.176 -0.33 -0.363 -0.33 -0.286 -0.176 0.044 -0.066 -0.121 -0.242 -0.407 -0.319 -0.308
-0.319 -0.121 0.044 -0.154 -0.242 -0.11 -0.253 -0.176 -0.264 -0.187 -0.242 -0.165 -0.132 -0.066 -0.099 -0.154 -0.253 -0.2255 -0.286 -0.198 -0.154 -0.198 -0.253 -0.121 -0.209 -0.253 -0.22 -0.209 -0.198 -0.176 -0.132 -0.077 -0.143 -0.154 -0.143 -0.066 -0.154 -0.132 -9999 -9999 -9999 -9999 -0.385 -0.242 -0.242 -0.198 -0.297 -0.154 -0.077 -0.187 -0.198 -0.143 -0.143 -0.505 -0.538 -0.396 -0.341 -0.165 -0.242 -0.253 -0.231 -0.231 -0.132 -0.143 -0.363 -0.165 0.066 0.033 -0.044 -0.132 -0.143 -0.429 -0.429
-0.297 -0.11 0.022 -0.11 -0.264 -0.22 -0.231 -0.22 -0.099 -0.088 -0.132 -0.066 -0.077 -0.055 -0.11 -0.209 -0.308 -0.286 -0.319 -0.176 -0.176 -0.176 -0.22 -0.176 -0.374 -0.264 -0.143 -0.264 -0.22 -0.209 -0.1045 -0.099 -0.077 -0.22 -0.253 -0.132 -0.154 -0.209 -9999 -9999 -9999 -0.297 -0.154 -0.231 -0.297 -0.363 -0.319 -0.374 -0.253 -0.198 -0.187 -0.187 -0.088 -0.209 -0.319 -0.297 -0.374 -0.231 -0.264 -0.286 0.044 0.011 -0.044 -0.154 -0.209 -0.176 -0.077 0.088 0.143 0.022 -0.055 -0.352 -0.385
-0.099 -0.11 -0.11 -0.088 -0.209 -0.066 -0.209 -0.209 -0.231 0.077 0 -0.121 -0.088 0.066 -0.011 -0.077 -0.044 -0.033 -0.2915 -0.209 -0.242 -0.121 -0.165 -0.209 -0.264 -0.363 -0.033 0.033 -0.176 -0.286 -0.374 0.0825 -0.143 -0.198 -0.242 -0.242 -0.253 -0.22 -0.099 -9999 -9999 -9999 -0.187 -0.154 -0.2255 -0.143 -0.198 -0.22 -0.242 -0.11 -0.099 -0.286 -0.352 -0.209 -0.154 -0.253 -0.253 -0.099 0.055 -0.11 -0.132 -0.143 -0.11 -0.143 -0.132 -0.22 -0.308 -0.286 -0.286 -0.308 -0.242 -0.286 -0.308
-0.297 -0.22 -0.253 -0.231 -0.121 -0.1045 -0.176 -0.143 -0.165 -0.286 -0.242 -0.198 -0.198 -0.176 -0.198 -0.154 -0.22 -0.286 -0.242 -0.154 -0.11 -0.22 -0.198 -0.264 -0.231 -0.319 -0.319 -0.176 -0.308 -0.286 -0.33 -0.198 -0.198 -0.253 -0.231 -0.275 -0.209 -0.22 -0.165 -9999 -9999 -9999 -0.154 -0.242 -0.1925 -0.132 0.022 -0.176 -0.154 0.077 -0.143 -0.242 -0.407 -0.132 -0.165 -0.22 -0.176 -0.0165 0.044 0.055 -0.033 -0.297 -0.275 -0.121 -0.187 -0.198 -0.187 -0.319 -0.187 -0.242 -0.253 -0.352 -0.396
-0.187 -0.286 -0.352 -0.143 -0.198 -0.132 -0.198 -0.066 -0.242 -0.176 -0.176 -0.143 0.044 -0.198 -0.165 -0.176 -0.253 -0.11 -0.253 -0.1375 -0.099 -0.242 -0.22 -0.264 -0.231 -0.132 -0.22 -0.198 -0.275 -0.407 -0.495 -0.11 -0.0605 -0.22 0 -0.143 -0.033 -0.099 -0.121 -9999 -9999 -0.176 -0.143 -0.264 -0.2475 -0.231 -0.231 -0.055 -0.033 0.066 0.077 -0.143 -0.099 -0.253 -0.231 -0.363 -0.341 -0.0935 -0.121 -0.077 -0.033 -0.22 -0.264 -0.11 -0.121 -0.143 -0.154 -0.308 -0.198 -0.187 -0.2365 -0.253 -0.165
-0.231 -0.165 -0.231 -0.33 -0.176 -0.055 -0.0055 0.022 -0.187 -0.11 -0.253 -0.242 -0.066 -0.132 -0.176 -0.264 -0.242 -0.121 -0.297 -0.33 -0.143 -0.099 -0.077 -0.132 -0.198 -0.055 -0.231 -0.275 -0.319 -0.396 -0.418 -0.264 -0.1595 -0.011 0 -0.033 -0.088 0.011 -0.11 -9999 -9999 -9999 -0.088 -0.231 -0.187 -0.165 -0.143 0.132 0.077 0.077 0.11 0.121 -0.264 -0.22 -0.33 -0.187 -0.264 -0.198 -0.176 -0.253 -0.099 0.022 0.022 0.022 -0.308 -0.264 -0.088 -0.286 -0.176 -0.165 -0.231 -0.1595 -0.165
-0.1485 -0.143 -0.1265 -0.2255 -0.165 -0.1815 -0.0403333333333333 -0.0183333333333333 0.077 -0.0495 -0.198 -0.242 -0.121 -0.0935 -0.2035 -0.2585 -0.187 -0.2365 -0.286 -0.234666666666667 -0.293333333333333 -0.286 -0.1045 -0.132 -0.1485 -0.121 -0.044 -0.066 -0.11 -0.0935 -0.264 -0.275 -0.227333333333333 -0.113666666666667 -0.044 -0.0275 -0.132 -0.033 -0.1155 0.044 -9999 -9999 -0.121 -0.066 -0.1045 -0.102666666666667 0.00366666666666667 0.055 0.077 0.033 0.011 -0.121 -0.0715 -0.0825 -0.0935 -0.0715 -0.121 -0.242 -0.139333333333333 -0.0366666666666667 0.0055 -0.0165 -0.1815 -0.2585 -0.3905 -0.176 -0.154 -0.143 -0.275 -0.231 -0.2255 -0.157666666666667 -0.0953333333333333
-0.242 -0.286 -0.429 -0.088 -0.22 -0.165 -0.165 -0.088 -0.165 -0.044 -0.165 -0.066 -0.198 -0.066 -0.11 -0.121 -0.044 -0.275 -0.275 -0.209 -0.2145 -0.154 -0.055 -0.011 -0.077 -0.165 -0.176 -0.077 -0.209 -0.066 -0.088 -0.209 -0.187 -0.1155 -0.187 -0.055 -0.044 -0.198 -0.209 -0.187 -9999 -9999 -9999 -0.242 -0.033 0.121 -0.033 -0.055 -9999 -9999 -9999 -0.055 -0.099 -0.077 -0.077 -0.165 -0.209 -0.253 -0.055 -0.033 -0.055 -0.143 -0.132 -0.187 -0.231 -0.132 -0.099 -0.077 -0.209 -0.22 -0.143 -0.231 -0.077
-0.22 -0.33 -0.231 -0.011 -0.066 -0.143 -0.11 -0.198 -0.187 -0.044 -0.055 -0.121 0.033 -0.088 -0.077 -0.044 -0.22 -0.242 -0.253 -0.264 -0.132 -0.0055 -0.022 -0.077 -0.011 -0.033 0.033 0.077 -0.11 -0.033 -0.165 -0.187 -0.209 -0.143 -0.1045 -0.121 -0.077 -0.088 -0.121 -9999 -9999 -9999 -9999 -9999 -0.055 -0.121 -9999 -9999 -9999 -9999 -9999 -9999 -0.165 -0.077 -0.077 -0.077 -0.121 -0.209 -0.187 -0.143 -0.0715 -0.143 -0.055 -0.088 -0.033 0.099 0.011 -0.077 -0.055 -0.055 -0.033 -0.077 -0.132
-0.319 -0.165 -0.396 -0.242 -0.077 -0.187 -0.253 -0.286 -0.1045 -0.187 -0.143 -0.264 -0.044 0.088 -0.121 -0.121 -0.231 -0.242 -0.352 -0.11 -0.033 -0.044 -0.088 -0.077 -0.055 -0.143 0.011 0.066 0.011 0.033 -0.022 -0.121 -0.176 -0.198 -0.099 0.033 -9999 -9999 -9999 -9999 -9999 -9999 -9999 -9999 -9999 -9999 -9999 -9999 -9999 -9999 -9999 -9999 -9999 -0.033 -0.011 -0.121 -0.099 -0.099 0.033 -0.033 -0.044 -0.11 0.033 -0.077 0.011 0.099 0.121 0.055 0.055 0.033 -0.022 -0.154 -0.033
-0.176 -0.242 -0.209 -0.088 -0.187 -0.033 -0.154 -0.253 -0.242 -0.132 -0.253 -0.066 -0.275 -0.099 -0.11 -0.143 -0.231 -0.154 -0.132 0.011 -0.011 -0.077 -0.121 -0.077 -0.044 -0.033 -0.121 -0.099 0.011 -0.011 0.011 -0.055 0.011 -0.165 -0.0495 0.121 -9999 -9999 -9999 -9999 -9999 -9999 -9999 -9999 -9999 -9999 -9999 -9999 -9999 -9999 -9999 -9999 0.011 0.022 -0.033 -0.165 -0.055 -0.121 -0.066 -0.033 -0.088 -0.154 -0.066 0.011 0.011 0.121 0.033 -0.011 0.055 0.033 -0.011 -0.011 0.033
-0.363 -0.231 -0.231 -0.297 -0.143 -0.055 -0.121 -0.154 -0.088 -0.1485 -0.352 -0.165 -0.066 -0.143 -0.132 0.011 0.055 -0.022 0.033 -0.077 -0.121 -0.055 -0.0825 -0.033 0.011 0.055 0.066 0.099 0.099 0.077 0.077 -0.011 -9999 -9999 -9999 -9999 -9999 -9999 -9999 -9999 -9999 -9999 -9999 -9999 -9999 -9999 -9999 -9999 -9999 -9999 -9999 -9999 -9999 -0.055 0.121 0 0.077 -0.011 0.055 0.033 0.033 -0.0165 0.033 0.033 0.143 0.088 0.088 -0.011 0.044 0.044 -0.011 0.033 0.011
-0.132 -0.143 -0.143 -0.066 -0.132 -0.055 -0.176 -0.154 -0.462 -0.412 -0.176 -0.132 -0.165 -0.066 -0.176 0.077 -0.033 -0.055 -0.099 -0.066 -0.033 -0.055 0.0055 0.055 0.011 -9999 -9999 0.033 0.209 -9999 0.033 -0.077 -9999 -9999 -9999 -9999 -9999 -9999 -9999 -9999 -9999 -9999 -9999 -9999 -9999 -9999 -9999 -9999 -9999 -9999 -9999 -9999 -9999 -9999 -0.022 -0.022 0.066 0.077 0.077 -0.055 -0.055 -0.011 0.011 0.033 0.143 -0.011 0.033 -0.088 0.066 -0.055 -0.088 0.011 -0.022
-0.396 -0.275 -0.286 -0.121 -0.209 -0.176 -0.231 -0.198 -0.385 -0.374 -0.1925 -0.033 -0.066 -0.055 -0.11 -0.11 -0.099 -0.033 -0.121 -0.242 -0.11 0.011 -9999 0.033 -9999 -9999 -9999 0.066 -9999 -9999 -9999 -9999 -9999 -9999 -9999 -9999 -9999 -9999 -9999 -9999 -9999 -9999 -9999 -9999 -9999 -9999 -9999 -9999 -9999 -9999 -9999 -9999 -9999 -9999 -9999 -9999 -9999 -9999 -9999 -9999 -9999 -9999 0.011 0.033 0.033 -0.088 -0.121 -0.077 -0.055 -0.033 -0.088 -0.055 -0.022
-0.154 -0.187 -0.396 -0.253 -0.231 -0.165 -0.22 -0.319 -0.231 -0.187 -0.165 -0.033 -0.033 -0.143 -0.176 -0.121 -0.121 -0.242 -0.121 -0.275 -9999 -9999 -9999 -9999 -9999 -9999 -9999 -9999 -9999 -9999 -9999 -9999 -9999 -9999 -9999 -9999 -9999 -9999 -9999 -9999 -9999 -9999 -9999 -9999 -9999 -9999 -9999 -9999 -9999 -9999 -9999 -9999 -9999 -9999 -9999 -9999 -9999 -9999 -9999 -9999 -9999 -9999 -0.088 -0.088 -0.121 -0.121 -0.143 -0.066 -0.033 -0.121 -0.121 -0.143 -0.143
-0.33 -0.352 -0.363 -0.033 -0.077 -0.165 -0.242 -0.363 -0.341 -0.165 -0.1045 -0.231 -9999 -9999 -0.077 -0.099 -0.099 -0.077 0.022 -0.154 -9999 -9999 -9999 -9999 -9999 -9999 -9999 -9999 -9999 -9999 -9999 -9999 -9999 -9999 -9999 -9999 -9999 -9999 -9999 -9999 -9999 -9999 -9999 -9999 -9999 -9999 -9999 -9999 -9999 -9999 -9999 -9999 -9999 -9999 -9999 -9999 -9999 -9999 -9999 -9999 -9999 -9999 -9999 -9999 -9999 -0.143 -0.121 -9999 -9999 -0.044 -0.044 -9999 -9999
-0.352 -0.308 -0.209 -0.176 -0.165 -0.121 -0.242 -0.297 -0.187 -0.165 -0.033 -0.1485 -9999 -9999 -9999 -0.033 -0.033 0.022 0 -9999 -9999 -9999 -9999 -9999 -9999 -9999 -9999 -9999 -9999 -9999 -9999 -9999 -9999 -9999 -9999 -9999 -9999 -9999 -9999 -9999 -9999 -9999 -9999 -9999 -9999 -9999 -9999 -9999 -9999 -9999 -9999 -9999 -9999 -9999 -9999 -9999 -9999 -9999 -9999 -9999 -9999 -9999 -9999 -9999 -9999 -9999 -9999 -9999 -9999 -9999 -9999 -9999 -9999
-0.308 -0.143 -0.154 -0.154 -0.143 -0.077 -0.198 -0.165 -0.187 -0.209 -0.099 -0.0385 -9999 -9999 -9999 -9999 0.022 -9999 -9999 -9999 -9999 -9999 -9999 -9999 -9999 -9999 -9999 -9999 -9999 -9999 -9999 -9999 -9999 -9999 -9999 -9999 -9999 -9999 -9999 -9999 -9999 -9999 -9999 -9999 -9999 -9999 -9999 -9999 -9999 -9999 -9999 -9999 -9999 -9999 -9999 -9999 -9999 -9999 -9999 -9999 -9999 -9999 -9999 -9999 -9999 -9999 -9999 -9999 -9999 -9999 -9999 -9999 -9999
-0.2035 -0.1705 -0.1155 -0.165 -0.1045 -0.132 -0.0935 -0.165 -0.1375 -0.0935 -0.033 -0.0275 0.0165 -9999 -9999 -9999 -9999 -9999 -9999 -9999 -9999 -9999 -9999 -9999 -9999 -9999 -9999 -9999 -9999 -9999 -9999 -9999 -9999 -9999 -9999 -9999 -9999 -9999 -9999 -9999 -9999 -9999 -9999 -9999 -9999 -9999 -9999 -9999 -9999 -9999 -9999 -9999 -9999 -9999 -9999 -9999 -9999 -9999 -9999 -9999 -9999 -9999 -9999 -9999 -9999 -9999 -9999 -9999 -9999 -9999 -9999 -9999 -9999
-0.209 -0.198 -0.198 -0.187 -0.121 -0.099 -9999 -9999 -0.231 -0.011 -0.033 -9999 -9999 -9999 -9999 -9999 -9999 -9999 -9999 -9999 -9999 -9999 -9999 -9999 -9999 -9999 -9999 -9999 -9999 -9999 -9999 -9999 -9999 -9999 -9999 -9999 -9999 -9999 -9999 -9999 -9999 -9999 -9999 -9999 -9999 -9999 -9999 -9999 -9999 -9999 -9999 -9999 -9999 -9999 -9999 -9999 -9999 -9999 -9999 -9999 -9999 -9999 -9999 -9999 -9999 -9999 -9999 -9999 -9999 -9999 -9999 -9999 -9999
-0.1705 -0.165 -0.176 -0.176 -9999 -9999 -9999 -9999 -9999 -9999 -9999 -9999 -9999 -9999 -9999 -9999 -9999 -9999 -9999 -9999 -9999 -9999 -9999 -9999 -9999 -9999 -9999 -9999 -9999 -9999 -9999 -9999 -9999 -9999 -9999 -9999 -9999 -9999 -9999 -9999 -9999 -9999 -9999 -9999 -9999 -9999 -9999 -9999 -9999 -9999 -9999 -9999 -9999 -9999 -9999 -9999 -9999 -9999 -9999 -9999 -9999 -9999 -9999 -9999 -9999 -9999 -9999 -9999 -9999 -9999 -9999 -9999 -9999
