data/derived/r_tau_temp.asc
NCOLS 186 
NROWS 74 
XLLCORNER 443300.206538099 
YLLCORNER 4085841.77455235 
CELLSIZE 500 
NODATA_value -9999 
[rows 34 to 67 of 74, columns 75 to 149 of 186]
-0.121 -0.121 -0.121 -0.165 -0.154 -0.165 -0.154 -0.143 -0.132 -0.11 -0.143 -0.132 -0.121 -0.077 -0.066 -0.022 0.011 0.011 -0.011 0.022 0.033 0.033 0.077 0.066 0.11 0.121 0.132 0.165 0.143 0.143 0.154 0.121 0.121 0.154 0.165 0.187 0.308 0.275 0.242 0.242 0.242 0.22 0.264 0.264 0.231 0.22 0.22 0.209 0.22 0.231 0.264 0.275 0.297 0.33 0.352 0.363 0.385 0.385 0.341 0.363 0.165 0.187 0.209 0.209 0.187 0.209 0.209 0.209 0.209 0.209 0.209 0.209 0.209 0.209 0.242
-0.165 -0.165 -0.176 -0.198 -0.198 -0.176 -0.176 -0.154 -0.165 -0.143 -0.198 -0.143 -0.121 -0.088 -0.077 0.011 -0.022 -0.033 -0.033 -0.033 -0.011 0.044 0.033 0.088 0.1155 0.121 0.121 0.132 0.099 0.132 0.121 0.121 0.099 0.143 0.143 0.165 0.198 0.264 0.253 0.242 0.231 0.297 0.275 0.275 0.275 0.231 0.231 0.231 0.231 0.275 0.275 0.297 0.319 0.33 0.308 0.319 0.308 0.308 0.33 0.33 0.341 0.363 0.363 0.2585 0.209 0.198 0.198 0.209 0.209 0.253 0.209 0.231 0.209 0.209 0.242
-0.165 -0.176 -0.198 -0.198 -0.176 -0.187 -0.187 -0.176 -0.187 -0.143 -0.209 -0.165 -0.1375 -0.077 -0.033 -0.055 -0.066 -0.044 -0.033 -0.033 -0.011 0.011 0.011 0.011 0.077 0.0715 0.088 0.077 0.088 0.11 0.121 0.121 0.11 0.132 0.143 0.154 0.165 0.275 0.264 0.231 0.275 0.286 0.275 0.275 0.286 0.297 0.286 0.275 0.286 0.297 0.275 0.2915 0.319 0.33 0.319 0.319 0.319 0.297 0.319 0.352 0.352 0.363 0.352 0.363 0.3135 0.187 0.176 0.176 0.198 0.22 0.253 0.22 0.209 0.22 0.231
-0.231 -0.22 -0.2255 -0.22 -0.2255 -0.2145 -0.2035 -0.1925 -0.187 -0.154 -0.1485 -0.143 -0.143 -0.1155 -0.088 -0.066 -0.0715 -0.077 -0.0715 -0.0385 -0.011 -0.011 -0.011 -0.0165 0.0495 0.044 0.033 0.055 0.055 0.066 0.088 0.088 0.0825 0.11 0.132 0.154 0.1705 0.2035 0.26125 0.341 0.33 0.3025 0.2805 0.2915 0.297 0.308 0.3135 0.3135 0.319 0.3135 0.3135 0.32175 0.3575 0.352 0.3355 0.3245 0.33 0.308 0.308 0.3355 0.3575 0.363 0.363 0.363 0.319 0.33 0.3465 0.253 0.264 0.1815 0.198 0.2145 0.22 0.2255 0.231
-0.242 -0.242 -0.242 -0.242 -0.253 -0.231 -0.209 -0.198 -0.165 -0.143 -0.143 -0.132 -0.143 -0.132 -0.11 -0.088 -0.099 -0.099 -0.088 -0.077 -0.066 -0.044 -0.011 -0.011 -0.011 -0.044 -0.011 -0.011 0.011 0.044 0.033 0.055 0.066 0.055 0.11 0.132 0.143 0.143 0.154 0.363 0.341 0.341 0.33 0.33 0.341 0.341 0.341 0.341 0.341 0.341 0.352 0.374 0.385 0.352 0.33 0.308 0.297 0.297 0.319 0.308 0.352 0.352 0.363 0.363 0.363 0.319 0.341 0.341 0.352 0.363 0.363 0.363 0.242 0.231 0.231
-0.297 -0.264 -0.286 -0.253 -0.253 -0.253 -0.22 -0.198 -0.176 -0.176 -0.165 -0.121 -0.143 -0.154 -0.099 -0.088 -0.099 -0.099 -0.11 -0.121 -0.088 -0.066 -0.011 -0.077 0.011 -0.022 -0.0385 -0.011 0.011 0.055 0.044 0.033 0.044 0.055 0.099 0.099 -9999 0.132 0.143 0.275 0.363 0.363 0.352 0.352 0.352 0.352 0.341 0.352 0.363 0.363 0.363 0.374 0.3795 0.33 0.319 0.286 0.242 0.253 0.264 0.308 0.319 0.352 0.363 0.363 0.308 0.319 0.363 0.363 0.374 0.385 0.385 0.385 0.407 0.418 0.22
-0.297 -0.297 -0.297 -0.286 -0.253 -0.264 -0.242 -0.187 -0.187 -0.22 -0.176 -0.121 -0.154 -0.165 -0.1265 -0.099 -0.099 -0.121 -0.121 -0.143 -0.11 -0.099 -0.099 -0.044 -0.055 -0.044 -0.055 0 0.033 0.022 0.033 0.044 0.044 0.044 0.088 0.143 -9999 0.121 0.143 0.198 0.363 0.363 0.374 0.363 0.363 0.363 0.363 0.374 0.363 0.363 0.363 0.385 0.374 0.352 0.319 0.319 0.286 0.286 0.308 0.341 0.341 0.363 0.341 0.319 0.352 0.352 0.352 0.418 0.418 0.385 0.385 0.396 0.407 0.418 0.44
-0.297 -0.297 -0.297 -0.286 -0.264 -0.264 -0.22 -0.198 -0.198 -0.22 -0.176 -0.132 -0.165 -0.165 -0.132 -0.099 -0.11 -0.121 -0.143 -0.143 -0.132 -0.132 -0.055 -0.044 -0.033 -0.055 -0.066 -0.033 -0.011 0 0.022 0.022 0.011 0 0.044 0.165 -9999 0.132 0.121 0.176 0.363 0.363 0.385 0.363 0.363 0.363 0.363 0.363 0.363 0.363 0.363 0.385 0.363 0.3465 0.319 0.286 0.231 0.22 0.286 0.319 0.319 0.308 0.341 0.341 0.363 0.374 0.418 0.429 0.418 0.418 0.429 0.407 0.407 0.407 0.407
-0.297 -0.297 -0.297 -0.286 -0.275 -0.275 -0.253 -0.22 -0.198 -0.198 -0.165 -0.132 -0.165 -0.187 -0.132 -0.099 -0.121 -0.132 -0.143 -0.176 -0.121 -0.055 -0.055 -0.033 -0.044 -0.044 -0.044 -0.055 -0.044 -0.044 -0.011 0.022 0 -0.011 0.121 0.154 -9999 -9999 0.143 -9999 0.363 0.374 0.385 0.363 0.363 0.363 0.363 0.396 0.385 0.363 0.363 0.385 0.363 0.341 0.308 0.231 0.231 0.231 0.242 0.297 0.33 0.319 0.341 0.352 0.374 0.418 0.4235 0.44 0.429 0.429 0.418 0.407 0.407 0.407 0.418
-0.297 -0.297 -0.297 -0.275 -0.275 -0.275 -0.22 -0.231 -0.209 -0.187 -0.154 -0.132 -0.165 -0.187 -0.143 -0.11 -0.121 -0.143 -0.165 -0.121 -0.077 -0.066 -0.055 -0.077 -0.077 0 -0.022 -0.066 -0.0605 -0.055 -0.055 0.044 0.011 0.077 0.088 0.154 -9999 -9999 -9999 -9999 0.363 0.3685 0.385 0.385 0.374 0.363 0.385 0.385 0.396 0.385 0.385 0.385 0.363 0.363 0.3355 0.264 0.231 0.231 0.264 0.297 0.341 0.319 0.33 0.352 0.418 0.407 0.44 0.4235 0.407 0.429 0.418 0.44 0.429 0.429 0.429
-0.297 -0.297 -0.297 -0.275 -0.275 -0.22 -0.209 -0.22 -0.198 -0.165 -0.209 -0.143 -0.165 -0.187 -0.132 -0.132 -0.154 -0.143 -0.165 -0.077 -0.077 -0.055 -0.055 -0.099 -0.077 -0.011 -0.022 -0.055 -0.055 -0.055 -0.044 0.011 0.198 0.187 0.187 0.209 -9999 -9999 -9999 0.165 0.385 0.385 0.385 0.396 0.407 0.385 0.396 0.429 0.429 0.451 0.462 0.429 0.363 0.374 0.363 0.297 0.264 0.275 0.297 0.341 0.33 0.341 0.396 0.407 0.396 0.418 0.44 0.429 0.418 0.418 0.429 0.429 0.44 0.429 0.44
-0.297 -0.297 -0.297 -0.2805 -0.275 -0.209 -0.209 -0.209 -0.187 -0.154 -0.198 -0.198 -0.187 -0.165 -0.099 -0.132 -0.1595 -0.165 -0.099 -0.077 -0.066 -0.055 -0.099 -0.099 -0.077 -0.077 -0.022 -0.033 -0.055 -0.066 -0.022 0.121 0.154 0.22 0.187 0.187 0.242 -9999 -9999 -9999 0.385 0.385 0.396 0.407 0.418 0.451 0.451 0.451 0.451 0.451 0.473 0.484 0.462 0.429 0.429 0.3575 0.341 0.341 0.341 0.374 0.374 0.418 0.429 0.44 0.44 0.429 0.429 0.429 0.4235 0.44 0.44 0.429 0.429 0.44 0.451
-0.297 -0.297 -0.275 -0.275 -0.264 -0.209 -0.209 -0.187 -0.165 -0.165 -0.187 -0.187 -0.187 -0.143 -0.121 -0.121 -0.1595 -0.165 -0.099 -0.077 -0.077 -0.099 -0.099 -0.088 -0.077 -0.088 -0.033 -0.055 -0.033 -0.055 0.055 0.099 0.121 0.165 0.231 0.198 0.22 -9999 -9999 -9999 0.319 0.407 0.4235 0.451 0.473 0.473 0.451 0.462 0.462 0.484 0.505 0.516 0.516 0.516 0.505 0.5 0.451 0.44 0.429 0.429 0.44 0.429 0.451 0.451 0.451 0.44 0.429 0.44 0.4455 0.462 0.451 0.451 0.451 0.451 0.451
-0.297 -0.275 -0.275 -0.275 -0.242 -0.209 -0.209 -0.165 -0.143 -0.187 -0.165 -0.187 -0.165 -0.132 -0.11 -0.121 -0.165 -0.165 -0.099 -0.11 -0.099 -0.099 -0.099 -0.077 -0.088 -0.088 -0.088 -0.044 -0.066 -0.044 0.0495 0.088 0.121 0.132 0.198 0.242 0.242 -9999 -9999 0.363 0.319 0.429 0.4565 0.473 0.473 0.473 0.462 0.484 0.495 0.516 0.495 0.505 0.495 0.495 0.495 0.5105 0.527 0.516 0.516 0.538 0.516 0.505 0.484 0.473 0.462 0.473 0.473 0.473 0.4565 0.451 0.44 0.451 0.451 0.451 0.451
-0.275 -0.275 -0.275 -0.275 -0.2145 -0.187 -0.165 -0.154 -0.154 -0.165 -0.187 -0.198 -0.143 -0.132 -0.121 -0.143 -0.176 -0.154 -0.099 -0.121 -0.099 -0.077 -0.077 -0.055 -0.088 -0.088 -0.099 -0.11 -0.044 -0.033 0.022 0.077 0.11 0.143 0.187 0.253 0.242 -9999 -9999 -9999 0.319 0.451 0.451 0.4785 0.484 0.484 0.495 0.505 0.505 0.516 0.495 0.495 0.495 0.495 0.495 0.516 0.571 0.549 0.516 0.516 0.495 0.495 0.484 0.484 0.462 0.462 0.473 0.462 0.451 0.451 0.451 0.418 0.44 0.44 0.44
-0.253 -0.2475 -0.2365 -0.2255 -0.209 -0.161333333333333 -0.132 -0.1265 -0.154 -0.176 -0.176 -0.1595 -0.1265 -0.11 -0.1375 -0.1485 -0.1705 -0.11 -0.113666666666667 -0.121 -0.11 -0.1045 -0.1045 -0.099 -0.088 -0.0715 -0.077 -0.077 -0.088 -0.022 -0.022 0.0183333333333333 0.0715 0.1375 0.165 0.1925 0.253 0.275 -9999 -9999 0.3685 0.341 0.3905 0.465666666666667 0.462 0.473 0.495 0.516 0.527 0.5325 0.516 0.495 0.495 0.5055 0.516 0.56 0.571 0.582 0.5325 0.516 0.5 0.5055 0.484 0.462 0.451 0.4345 0.4345 0.44 0.4345 0.429 0.429 0.418 0.4125 0.418 0.4235
-0.209 -0.209 -0.209 -0.198 -0.165 -0.132 -0.121 -0.154 -0.176 -0.187 -0.187 -0.132 -0.154 -0.121 -0.143 -0.187 -0.132 -0.077 -0.121 -0.099 -0.088 -0.099 -0.088 -0.077 -0.077 -0.055 -0.066 -0.066 -0.022 -0.011 -0.011 -0.022 0.055 0.121 0.154 0.165 0.231 0.264 -9999 -9999 -9999 0.363 0.363 0.451 0.4565 0.484 -9999 -9999 -9999 0.516 0.538 0.505 0.495 0.505 0.516 0.527 0.571 0.571 0.516 0.516 0.516 0.473 0.473 0.44 0.429 0.418 0.429 0.418 0.429 0.429 0.418 0.429 0.418 0.418 0.429
-0.209 -0.209 -0.187 -0.187 -0.143 -0.121 -0.1265 -0.165 -0.187 -0.176 -0.143 -0.11 -0.11 -0.143 -0.143 -0.165 -0.077 -0.099 -0.121 -0.121 -0.099 -0.088 -0.077 -0.077 -0.055 -0.044 -0.044 -0.044 -0.033 -0.022 -0.011 -0.011 0.0055 0.121 0.143 0.165 0.209 -9999 -9999 -9999 -9999 -9999 0.352 0.462 -9999 -9999 -9999 -9999 -9999 -9999 0.516 0.527 0.516 0.495 0.505 0.505 0.495 0.505 0.5325 0.495 0.473 0.451 0.429 0.418 0.407 0.418 0.407 0.407 0.418 0.407 0.429 0.429 0.429 0.429 0.429
-0.187 -0.198 -0.176 -0.165 -0.121 -0.121 -0.132 -0.176 -0.165 -0.143 -0.132 -0.132 -0.099 -0.121 -0.143 -0.099 -0.077 -0.121 -0.121 -0.099 -0.099 -0.077 -0.066 -0.055 -0.055 -0.055 -0.022 -0.055 -0.033 -0.033 -0.011 -0.011 0.011 0.121 -9999 -9999 -9999 -9999 -9999 -9999 -9999 -9999 -9999 -9999 -9999 -9999 -9999 -9999 -9999 -9999 -9999 0.516 0.516 0.505 0.516 0.516 0.516 0.495 0.484 0.429 0.429 0.407 0.385 0.385 0.407 0.429 0.407 0.407 0.407 0.429 0.429 0.429 0.429 0.429 0.429
-0.143 -0.154 -0.143 -0.132 -0.11 -0.099 -0.1485 -0.165 -0.154 -0.121 -0.11 -0.088 -0.099 -0.077 -0.11 -0.066 -0.099 -0.121 -0.11 -0.0935 -0.099 -0.077 -0.044 -0.055 -0.055 -0.055 -0.033 -0.055 -0.055 -0.033 -0.011 -0.011 0.066 0.121 -9999 -9999 -9999 -9999 -9999 -9999 -9999 -9999 -9999 -9999 -9999 -9999 -9999 -9999 -9999 -9999 0.484 0.495 0.495 0.484 0.473 0.473 0.44 0.396 0.341 0.341 0.341 0.341 0.341 0.363 0.374 0.374 0.396 0.374 0.429 0.429 0.429 0.429 0.429 0.429 0.429
-0.121 -0.121 -0.099 -0.099 -0.11 -0.154 -0.132 -0.143 -0.121 -0.121 -0.11 -0.066 -0.077 -0.099 -0.088 -0.066 -0.088 -0.121 -0.099 -0.088 -0.099 -0.066 -0.022 -0.055 -0.055 -0.044 -0.033 -0.044 -0.044 -0.033 -9999 -9999 -9999 -9999 -9999 -9999 -9999 -9999 -9999 -9999 -9999 -9999 -9999 -9999 -9999 -9999 -9999 -9999 -9999 -9999 -9999 0.429 0.418 0.418 0.418 0.363 0.341 0.319 0.275 0.275 0.308 0.319 0.319 0.352 0.385 0.385 0.374 0.385 0.407 0.407 0.407 0.418 0.429 0.429 0.429
-0.121 -0.121 -0.077 -0.099 -0.132 -0.132 -0.121 -0.1265 -0.121 -0.11 -0.11 -0.077 -0.077 -0.088 -0.077 -0.055 -0.088 -0.088 -0.077 -0.088 -0.0935 -0.055 -0.011 -9999 -9999 -0.033 0 -9999 -0.022 -0.011 -9999 -9999 -9999 -9999 -9999 -9999 -9999 -9999 -9999 -9999 -9999 -9999 -9999 -9999 -9999 -9999 -9999 -9999 -9999 -9999 -9999 -9999 0.429 0.385 0.363 0.319 0.275 0.297 0.231 0.264 0.275 0.275 0.319 0.341 0.363 0.385 0.385 0.385 0.385 0.385 0.407 0.407 0.4125 0.429 0.429
-0.121 -0.121 -0.077 -0.132 -0.077 -0.11 -0.099 -0.121 -0.1155 -0.099 -0.11 -0.077 -0.055 -0.077 -0.066 -0.055 -0.099 -0.077 -0.077 -0.088 -9999 -0.066 -9999 -9999 -9999 0 -9999 -9999 -9999 -9999 -9999 -9999 -9999 -9999 -9999 -9999 -9999 -9999 -9999 -9999 -9999 -9999 -9999 -9999 -9999 -9999 -9999 -9999 -9999 -9999 -9999 -9999 -9999 -9999 -9999 -9999 -9999 -9999 -9999 -9999 0.264 0.275 0.275 0.33 0.352 0.363 0.385 0.385 0.385 0.396 0.396 0.396 0.407 0.407 0.407
-0.11 -0.088 -0.033 -0.099 -0.033 -0.044 -0.077 -0.099 -0.0935 -0.099 -0.099 -0.033 -0.066 -0.077 -0.066 -0.055 -0.099 -0.077 -9999 -9999 -9999 -9999 -9999 -9999 -9999 -9999 -9999 -9999 -9999 -9999 -9999 -9999 -9999 -9999 -9999 -9999 -9999 -9999 -9999 -9999 -9999 -9999 -9999 -9999 -9999 -9999 -9999 -9999 -9999 -9999 -9999 -9999 -9999 -9999 -9999 -9999 -9999 -9999 -9999 -9999 0.297 0.275 0.275 0.319 0.341 0.363 0.385 0.385 0.385 0.385 0.396 0.407 0.407 0.407 0.407
-0.077 -0.055 -0.022 -0.044 -0.022 -0.033 -0.033 -0.044 -0.0715 -0.044 -9999 -9999 -0.033 -0.055 -0.055 -0.044 -0.011 -0.055 -9999 -9999 -9999 -9999 -9999 -9999 -9999 -9999 -9999 -9999 -9999 -9999 -9999 -9999 -9999 -9999 -9999 -9999 -9999 -9999 -9999 -9999 -9999 -9999 -9999 -9999 -9999 -9999 -9999 -9999 -9999 -9999 -9999 -9999 -9999 -9999 -9999 -9999 -9999 -9999 -9999 -9999 -9999 -9999 -9999 0.319 0.33 -9999 -9999 0.385 0.385 -9999 -9999 0.407 -9999 -9999 -9999
-0.055 -0.022 -0.022 -0.022 0.011 -0.011 -0.011 -0.011 -0.033 -0.0495 -9999 -9999 -9999 -0.033 -0.044 -0.044 -0.011 -9999 -9999 -9999 -9999 -9999 -9999 -9999 -9999 -9999 -9999 -9999 -9999 -9999 -9999 -9999 -9999 -9999 -9999 -9999 -9999 -9999 -9999 -9999 -9999 -9999 -9999 -9999 -9999 -9999 -9999 -9999 -9999 -9999 -9999 -9999 -9999 -9999 -9999 -9999 -9999 -9999 -9999 -9999 -9999 -9999 -9999 -9999 -9999 -9999 -9999 -9999 -9999 -9999 -9999 -9999 -9999 -9999 -9999
0.011 0.022 -0.011 0.011 -0.011 0.011 0.011 0.011 -0.011 -0.0055 -9999 -9999 -9999 -9999 -0.055 -9999 -9999 -9999 -9999 -9999 -9999 -9999 -9999 -9999 -9999 -9999 -9999 -9999 -9999 -9999 -9999 -9999 -9999 -9999 -9999 -9999 -9999 -9999 -9999 -9999 -9999 -9999 -9999 -9999 -9999 -9999 -9999 -9999 -9999 -9999 -9999 -9999 -9999 -9999 -9999 -9999 -9999 -9999 -9999 -9999 -9999 -9999 -9999 -9999 -9999 -9999 -9999 -9999 -9999 -9999 -9999 -9999 -9999 -9999 -9999
0.088 0.088 0.0165 0.033 0.033 0.022 0.0385 0.022 0.0275 0.044 0.0275 -9999 -9999 -9999 -9999 -9999 -9999 -9999 -9999 -9999 -9999 -9999 -9999 -9999 -9999 -9999 -9999 -9999 -9999 -9999 -9999 -9999 -9999 -9999 -9999 -9999 -9999 -9999 -9999 -9999 -9999 -9999 -9999 -9999 -9999 -9999 -9999 -9999 -9999 -9999 -9999 -9999 -9999 -9999 -9999 -9999 -9999 -9999 -9999 -9999 -9999 -9999 -9999 -9999 -9999 -9999 -9999 -9999 -9999 -9999 -9999 -9999 -9999 -9999 -9999
0.121 0.121 0.088 0.099 -9999 -9999 0.077 0.077 0.077 -9999 -9999 -9999 -9999 -9999 -9999 -9999 -9999 -9999 -9999 -9999 -9999 -9999 -9999 -9999 -9999 -9999 -9999 -9999 -9999 -9999 -9999 -9999 -9999 -9999 -9999 -9999 -9999 -9999 -9999 -9999 -9999 -9999 -9999 -9999 -9999 -9999 -9999 -9999 -9999 -9999 -9999 -9999 -9999 -9999 -9999 -9999 -9999 -9999 -9999 -9999 -9999 -9999 -9999 -9999 -9999 -9999 -9999 -9999 -9999 -9999 -9999 -9999 -9999 -9999 -9999
0.132 0.132 -9999 -9999 -9999 -9999 -9999 -9999 -9999 -9999 -9999 -9999 -9999 -9999 -9999 -9999 -9999 -9999 -9999 -9999 -9999 -9999 -9999 -9999 -9999 -9999 -9999 -9999 -9999 -9999 -9999 -9999 -9999 -9999 -9999 -9999 -9999 -9999 -9999 -9999 -9999 -9999 -9999 -9999 -9999 -9999 -9999 -9999 -9999 -9999 -9999 -9999 -9999 -9999 -9999 -9999 -9999 -9999 -9999 -9999 -9999 -9999 -9999 -9999 -9999 -9999 -9999 -9999 -9999 -9999 -9999 -9999 -9999 -9999 -9999
0.121 -9999 -9999 -9999 -9999 -9999 -9999 -9999 -9999 -9999 -9999 -9999 -9999 -9999 -9999 -9999 -9999 -9999 -9999 -9999 -9999 -9999 -9999 -9999 -9999 -9999 -9999 -9999 -9999 -9999 -9999 -9999 -9999 -9999 -9999 -9999 -9999 -9999 -9999 -9999 -9999 -9999 -9999 -9999 -9999 -9999 -9999 -9999 -9999 -9999 -9999 -9999 -9999 -9999 -9999 -9999 -9999 -9999 -9999 -9999 -9999 -9999 -9999 -9999 -9999 -9999 -9999 -9999 -9999 -9999 -9999 -9999 -9999 -9999 -9999
-9999 -9999 -9999 -9999 -9999 -9999 -9999 -9999 -9999 -9999 -9999 -9999 -9999 -9999 -9999 -9999 -9999 -9999 -9999 -9999 -9999 -9999 -9999 -9999 -9999 -9999 -9999 -9999 -9999 -9999 -9999 -9999 -9999 -9999 -9999 -9999 -9999 -9999 -9999 -9999 -9999 -9999 -9999 -9999 -9999 -9999 -9999 -9999 -9999 -9999 -9999 -9999 -9999 -9999 -9999 -9999 -9999 -9999 -9999 -9999 -9999 -9999 -9999 -9999 -9999 -9999 -9999 -9999 -9999 -9999 -9999 -9999 -9999 -9999 -9999
-9999 -9999 -9999 -9999 -9999 -9999 -9999 -9999 -9999 -9999 -9999 -9999 -9999 -9999 -9999 -9999 -9999 -9999 -9999 -9999 -9999 -9999 -9999 -9999 -9999 -9999 -9999 -9999 -9999 -9999 -9999 -9999 -9999 -9999 -9999 -9999 -9999 -9999 -9999 -9999 -9999 -9999 -9999 -9999 -9999 -9999 -9999 -9999 -9999 -9999 -9999 -9999 -9999 -9999 -9999 -9999 -9999 -9999 -9999 -9999 -9999 -9999 -9999 -9999 -9999 -9999 -9999 -9999 -9999 -9999 -9999 -9999 -9999 -9999 -9999
-9999 -9999 -9999 -9999 -9999 -9999 -9999 -9999 -9999 -9999 -9999 -9999 -9999 -9999 -9999 -9999 -9999 -9999 -9999 -9999 -9999 -9999 -9999 -9999 -9999 -9999 -9999 -9999 -9999 -9999 -9999 -9999 -9999 -9999 -9999 -9999 -9999 -9999 -9999 -9999 -9999 -9999 -9999 -9999 -9999 -9999 -9999 -9999 -9999 -9999 -9999 -9999 -9999 -9999 -9999 -9999 -9999 -9999 -9999 -9999 -9999 -9999 -9999 -9999 -9999 -9999 -9999 -9999 -9999 -9999 -9999 -9999 -9999 -9999 -9999
