data/derived/r_tau_presp.asc
NCOLS 186 
NROWS 74 
XLLCORNER 443300.206538099 
YLLCORNER 4085841.77455235 
CELLSIZE 500 
NODATA_value -9999 
[rows 32 to 63 of 74, columns 73 to 145 of 186]
-0.253 -0.253 -0.253 -0.253 -0.253 -0.231 -0.231 -0.253 -0.253 -0.231 -0.187 -0.231 -0.231 -0.231 -0.253 -0.253 -0.253 -0.275 -0.319 -0.297 -0.275 -0.319 -0.319 -0.319 -0.319 -0.319 -0.319 -0.275 -0.275 -0.209 -0.209 -0.209 -0.187 -0.209 -0.187 -0.121 -0.077 -0.099 -0.077 -0.121 -0.121 -0.077 -0.055 -0.033 -0.033 -0.033 0.011 0.011 0.055 0.055 0.055 0.033 0.033 0.033 0.033 0.033 0.033 0.033 0.033 0.033 0.033 0.033 0.055 0.055 0.055 0.033 0.055 0.055 0.055 0.055 0.055 0.055 0.055
-0.253 -0.253 -0.253 -0.253 -0.253 -0.253 -0.253 -0.253 -0.253 -0.253 -0.231 -0.165 -0.176 -0.209 -0.209 -0.209 -0.231 -0.231 -0.253 -0.231 -0.231 -0.253 -0.253 -0.319 -0.319 -0.319 -0.319 -0.319 -0.319 -0.209 -0.209 -0.209 -0.187 -0.187 -0.187 -0.121 -0.099 -0.121 -0.077 -0.077 -0.055 -0.033 -0.033 -0.033 -0.033 -0.011 0.033 0.033 0.033 0.055 0.055 0.033 0.033 0.033 0.033 0.033 0.033 0.033 0.033 0.033 0.033 0.033 0.033 0.055 0.055 0.055 0.077 0.099 0.077 0.077 0.055 0.055 0.055
-0.253 -0.253 -0.253 -0.253 -0.253 -0.253 -0.253 -0.253 -0.253 -0.253 -0.253 -0.187 -0.187 -0.187 -0.187 -0.209 -0.209 -0.209 -0.209 -0.231 -0.231 -0.231 -0.253 -0.319 -0.319 -0.253 -0.264 -0.297 -0.319 -0.209 -0.187 -0.187 -0.187 -0.121 -0.143 -0.099 -0.099 -0.121 -0.055 -0.055 -0.033 -0.033 -0.033 -0.011 -0.011 -0.011 -0.011 0.033 0.055 0.055 0.033 0.033 0.033 0.033 0.033 0.033 0.033 0.033 0.033 0.033 0.055 0.055 0.055 0.033 0.033 0.055 0.077 0.099 0.099 0.077 0.055 0.055 0.033
-0.253 -0.253 -0.253 -0.253 -0.253 -0.253 -0.253 -0.253 -0.253 -0.253 -0.253 -0.253 -0.187 -0.187 -0.165 -0.209 -0.209 -0.209 -0.209 -0.209 -0.231 -0.231 -0.231 -0.319 -0.319 -0.297 -0.253 -0.253 -0.253 -0.187 -0.187 -0.187 -0.187 -0.121 -0.099 -0.121 -0.121 -0.077 -0.033 -0.033 -0.033 -0.033 -0.011 -0.011 -0.011 -0.011 -0.011 0.011 0.011 0.033 0.033 0.033 0.033 0.055 0.055 0.055 0.055 0.055 0.055 0.055 0.055 0.055 0.055 0.055 0.055 0.0385 0.033 0.099 0.099 0.077 0.055 0.055 0.033
-0.231 -0.231 -0.231 -0.231 -0.253 -0.253 -0.253 -0.253 -0.253 -0.253 -0.253 -0.253 -0.253 -0.209 -0.187 -0.187 -0.209 -0.209 -0.209 -0.209 -0.231 -0.231 -0.242 -0.297 -0.319 -0.297 -0.253 -0.253 -0.275 -0.187 -0.165 -0.165 -0.165 -0.121 -0.077 -0.121 -0.077 -0.055 -0.011 -0.033 -0.033 -0.011 -0.011 -0.011 -0.011 -0.011 0.011 0.011 0.011 0.033 0.033 0.033 0.033 0.033 0.033 0.033 0.055 0.033 0.033 0.055 0.055 0.055 0.055 0.055 0.055 0.055 0.055 0.099 0.055 0.055 0.055 0.055 0.055
-0.231 -0.231 -0.231 -0.231 -0.231 -0.231 -0.242 -0.242 -0.231 -0.231 -0.242 -0.231 -0.242 -0.242 -0.2145 -0.198 -0.231 -0.22 -0.209 -0.209 -0.209 -0.231 -0.253 -0.297 -0.319 -0.308 -0.297 -0.2475 -0.231 -0.198 -0.198 -0.154 -0.143 -0.099 -0.077 -0.044 -0.033 -0.011 -0.022 -0.022 -0.0165 -0.011 -0.011 -0.011 -0.011 0 0.011 0.033 0.011 0.033 0.033 0.033 0.033 0.033 0.033 0.033 0.033 0.033 0.033 0.033 0.033 0.033 0.033 0.044 0.055 0.055 0.055 0.055 0.055 0.055 0.077 0.077 0.066
-0.231 -0.231 -0.231 -0.231 -0.231 -0.231 -0.231 -0.231 -0.231 -0.231 -0.253 -0.231 -0.231 -0.231 -0.231 -0.209 -0.209 -0.187 -0.187 -0.187 -0.209 -0.209 -0.231 -0.319 -0.297 -0.319 -0.319 -0.297 -0.198 -0.187 -0.209 -0.143 -0.143 -0.165 -0.055 -0.033 -0.011 0.011 0.011 -0.011 -0.011 -0.011 0.011 0.011 0.011 0.011 0.033 0.011 0.011 0.033 0.033 0.033 0.033 0.033 0.033 0.033 0.033 0.033 0.033 0.033 0.033 0.033 0.033 0.033 0.033 0.055 0.055 0.055 0.033 0.033 0.055 0.055 0.055
-0.253 -0.253 -0.253 -0.253 -0.231 -0.231 -0.231 -0.231 -0.231 -0.253 -0.253 -0.231 -0.231 -0.231 -0.231 -0.22 -0.231 -0.209 -0.187 -0.165 -0.187 -0.231 -0.231 -0.231 -0.231 -0.275 -0.253 -0.209 -0.176 -0.165 -0.187 -0.143 -0.121 -0.121 -0.033 -0.033 -0.033 0.011 -9999 -0.011 -0.011 0 0.011 0.011 0.011 0.011 0.033 0.011 0.011 0.055 0.033 0.033 0.033 0.055 0.055 0.055 0.055 0.055 0.033 0.033 0.033 0.033 0.033 0.033 0.033 0.033 0.055 0.055 0.077 0.033 0.055 0.055 0.055
-0.253 -0.253 -0.253 -0.253 -0.253 -0.231 -0.231 -0.231 -0.231 -0.253 -0.253 -0.231 -0.231 -0.231 -0.231 -0.209 -0.231 -0.231 -0.187 -0.187 -0.231 -0.231 -0.231 -0.231 -0.231 -0.253 -0.253 -0.231 -0.209 -0.187 -0.187 -0.143 -0.099 -0.121 -0.033 -0.033 0.011 0.011 -9999 -0.011 -0.011 0.011 0.011 0.011 0.011 0.033 0.011 0.011 0.033 0.055 0.055 0.033 0.055 0.055 0.055 0.055 0.077 0.055 0.055 0.033 0.033 0.033 0.033 0.033 0.033 0.033 0.033 0.055 0.055 0.055 0.077 0.033 0.011
-0.253 -0.253 -0.253 -0.253 -0.253 -0.253 -0.231 -0.231 -0.253 -0.253 -0.253 -0.253 -0.253 -0.253 -0.231 -0.209 -0.231 -0.231 -0.231 -0.209 -0.231 -0.231 -0.231 -0.231 -0.231 -0.253 -0.231 -0.231 -0.187 -0.176 -0.165 -0.121 -0.121 -0.011 -0.033 -0.033 -0.011 0.011 -9999 -0.011 0.011 0.011 0.011 0.011 0.011 0.033 0.011 0.011 0.033 0.055 0.055 0.055 0.055 0.055 0.055 0.055 0.077 0.077 0.055 0.055 0.033 0.033 0.033 0.033 0.033 0.055 0.055 0.055 0.055 0.055 0.077 0.011 0.011
-0.253 -0.253 -0.253 -0.253 -0.253 -0.253 -0.253 -0.253 -0.253 -0.253 -0.253 -0.253 -0.231 -0.231 -0.231 -0.209 -0.22 -0.209 -0.231 -0.231 -0.231 -0.253 -0.231 -0.231 -0.209 -0.275 -0.231 -0.231 -0.143 -0.154 -0.143 -0.121 -0.099 0.011 -0.011 -0.011 -0.011 -0.011 -9999 -9999 0.011 -9999 0.011 0.033 0.033 0.033 0.011 0.011 0.055 0.033 0.033 0.077 0.077 0.055 0.055 0.066 0.077 0.077 0.077 0.055 0.055 0.055 0.055 0.033 0.033 0.055 0.055 0.055 0.055 0.055 0.055 0.011 0.011
-0.253 -0.253 -0.253 -0.253 -0.264 -0.275 -0.253 -0.253 -0.253 -0.253 -0.253 -0.253 -0.231 -0.231 -0.231 -0.209 -0.209 -0.209 -0.209 -0.209 -0.231 -0.231 -0.231 -0.253 -0.231 -0.275 -0.253 -0.253 -0.231 -0.143 -0.121 -0.121 -0.099 0.011 0.011 -0.011 -0.011 -0.011 -9999 -9999 -9999 -9999 0.033 0.033 0.033 0.033 0.033 0.033 0.033 0.055 0.033 0.077 0.077 0.055 0.055 0.055 0.077 0.055 0.077 0.077 0.055 0.055 0.055 0.033 0.033 0.033 0.055 0.055 0.055 0.044 0.055 0.011 0.011
-0.253 -0.253 -0.253 -0.253 -0.275 -0.275 -0.253 -0.231 -0.231 -0.253 -0.253 -0.231 -0.231 -0.231 -0.209 -0.209 -0.209 -0.187 -0.209 -0.209 -0.231 -0.231 -0.209 -0.231 -0.209 -0.253 -0.253 -0.275 -0.253 -0.143 -0.121 -0.099 -0.077 0.011 0.011 -0.011 -0.011 0.011 -9999 -9999 -9999 0.033 0.033 0.033 0.033 0.011 0.011 0.011 0.055 0.055 0.055 0.055 0.077 0.077 0.055 0.077 0.066 0.055 0.055 0.055 0.055 0.055 0.055 0.033 0.033 0.033 0.055 0.055 0.055 0.033 0.055 0.011 0.011
-0.253 -0.253 -0.253 -0.275 -0.275 -0.264 -0.231 -0.209 -0.231 -0.231 -0.231 -0.231 -0.209 -0.209 -0.209 -0.209 -0.187 -0.165 -0.187 -0.209 -0.143 -0.209 -0.209 -0.231 -0.209 -0.253 -0.22 -0.231 -0.231 -0.143 -0.099 -0.088 -0.011 0.011 0.011 -0.011 -0.011 0.011 0.011 -9999 -9999 -9999 0.011 0.011 0.011 0.011 0.011 0.011 0.055 0.033 0.033 0.055 0.077 0.077 0.077 0.077 0.055 0.055 0.055 0.055 0.033 0.033 0.055 0.033 0.033 0.033 0.033 0.033 0.033 0.033 0.044 0.011 0.011
-0.253 -0.253 -0.275 -0.275 -0.275 -0.253 -0.231 -0.231 -0.187 -0.187 -0.231 -0.209 -0.187 -0.209 -0.209 -0.187 -0.165 -0.143 -0.187 -0.209 -0.143 -0.121 -0.121 -0.209 -0.209 -0.231 -0.231 -0.187 -0.209 -0.187 -0.077 -0.033 -0.011 -0.011 0.033 0.011 0.011 0.011 0.011 -9999 -9999 -9999 0.011 0.011 0.011 0.011 0.011 0.011 0.055 0.055 0.011 0.055 0.055 0.077 0.077 0.055 0.055 0.055 0.055 0.033 0.033 0.055 0.033 0.033 0.033 0.055 0.055 0.033 0.033 0.033 0.044 0.011 0.011
-0.253 -0.253 -0.275 -0.275 -0.253 -0.253 -0.231 -0.187 -0.187 -0.187 -0.209 -0.187 -0.187 -0.187 -0.187 -0.165 -0.121 -0.121 -0.143 -0.198 -0.121 -0.121 -0.121 -0.121 -0.121 -0.121 -0.209 -0.187 -0.231 -0.011 -0.077 -0.055 0 -0.011 -0.011 0.011 0.011 0.011 0.011 -9999 -9999 0.011 0.011 0.011 0.011 0.011 0.011 0.033 0.033 0.011 0.011 0.033 0.077 0.077 0.077 0.055 0.055 0.055 0.033 0.011 0.055 0.055 0.033 0.033 0.033 0.033 0.033 0.033 0.033 0.033 0.044 0.033 0.011
-0.231 -0.231 -0.253 -0.253 -0.231 -0.253 -0.209 -0.187 -0.187 -0.187 -0.209 -0.209 -0.187 -0.165 -0.165 -0.121 -0.121 -0.121 -0.187 -0.165 -0.143 -0.121 -0.099 -0.121 -0.121 -0.121 -0.143 -0.143 -0.011 -0.011 -0.011 -0.011 0 -0.011 0.011 0.011 0.033 -0.011 0.011 -9999 -9999 -9999 0.011 0.011 0.011 0.011 0.011 0.033 0.033 0.011 0.011 0.011 0.055 0.055 0.077 0.055 0.055 0.033 0.022 0.011 0.011 0.011 0.011 0.011 0.011 0.033 0.033 0.033 0.033 0.033 0.033 0.044 -0.011
-0.231 -0.231 -0.242 -0.231 -0.209 -0.198 -0.187 -0.172333333333333 -0.176 -0.187 -0.209 -0.176 -0.143 -0.143 -0.11 -0.11 -0.099 -0.121 -0.154 -0.128333333333333 -0.121 -0.11 -0.121 -0.121 -0.121 -0.121 -0.143 -0.143 -0.143 -0.011 -0.011 -0.011 0.0183333333333333 0.0256666666666667 0 0.011 0.022 0.011 0.011 0.011 -9999 -9999 0.011 -0.011 0 0.011 0.0183333333333333 0.022 0.033 0.011 0.011 0.011 0.033 0.044 0.044 0.033 0.044 0.033 0.0256666666666667 0.00366666666666667 0.011 -0.011 -0.011 0.011 0.022 0.022 0.033 0.033 0.033 0.033 0.033 0.0403333333333333 0.00366666666666667
-0.209 -0.231 -0.209 -0.187 -0.187 -0.187 -0.187 -0.143 -0.165 -0.187 -0.165 -0.121 -0.121 -0.099 -0.143 -0.121 -0.121 -0.121 -0.121 -0.121 -0.121 -0.121 -0.121 -0.143 -0.143 -0.121 -0.143 -0.143 -0.143 -0.033 -0.033 -0.033 0.011 0.011 0.011 -0.011 -0.011 0.033 0.011 0.011 -9999 -9999 -9999 0.011 -0.011 0.011 0.011 0.011 -9999 -9999 -9999 0.011 0.011 0.011 0.011 0.011 0.011 -0.011 -0.011 0 0.011 0.011 0.011 0.011 0.011 0.011 0.011 0.033 0.033 0.033 0.033 0.033 0.022
-0.231 -0.209 -0.209 -0.187 -0.165 -0.165 -0.165 -0.121 -0.11 -0.143 -0.121 -0.121 -0.099 -0.121 -0.143 -0.099 -0.121 -0.121 -0.121 -0.121 -0.121 -0.121 -0.143 -0.143 -0.143 -0.121 -0.143 -0.143 -0.143 -0.033 -0.033 -0.033 0.011 0.011 0.011 -0.011 -0.011 -0.011 -0.011 -9999 -9999 -9999 -9999 -9999 0.011 0.011 -9999 -9999 -9999 -9999 -9999 -9999 0.011 0.011 -0.011 -0.011 -0.011 -0.011 -0.011 -0.011 -0.033 -0.011 -0.011 -0.011 -0.011 -0.011 -0.011 -0.011 0.033 0.033 0.033 0.011 0.022
-0.209 -0.209 -0.209 -0.187 -0.121 -0.099 -0.099 -0.099 -0.11 -0.121 -0.121 -0.099 -0.121 -0.121 -0.143 -0.121 -0.121 -0.121 -0.121 -0.121 -0.121 -0.121 -0.143 -0.143 -0.143 -0.143 -0.143 -0.143 -0.121 -0.055 -0.033 -0.033 -0.055 0.011 0 -0.011 -9999 -9999 -9999 -9999 -9999 -9999 -9999 -9999 -9999 -9999 -9999 -9999 -9999 -9999 -9999 -9999 -9999 0.011 -0.011 -0.011 -0.011 -0.011 -0.011 -0.033 -0.033 -0.033 -0.033 -0.033 -0.033 -0.033 -0.033 -0.033 -0.033 0.011 0.011 0.011 0.011
-0.209 -0.209 -0.165 -0.121 -0.099 -0.099 -0.121 -0.121 -0.132 -0.121 -0.121 -0.121 -0.121 -0.121 -0.143 -0.121 -0.121 -0.121 -0.121 -0.121 -0.121 -0.132 -0.143 -0.143 -0.143 -0.143 -0.143 -0.143 -0.121 -0.033 -0.033 -0.055 -0.033 0.011 0 -0.011 -9999 -9999 -9999 -9999 -9999 -9999 -9999 -9999 -9999 -9999 -9999 -9999 -9999 -9999 -9999 -9999 0.011 -0.011 -0.011 -0.033 -0.011 -0.033 -0.033 -0.055 -0.055 -0.055 -0.055 -0.055 -0.033 -0.033 -0.033 -0.033 -0.033 -0.011 -0.011 0.011 0.011
-0.187 -0.165 -0.143 -0.121 -0.099 -0.121 -0.143 -0.121 -0.099 -0.132 -0.099 -0.121 -0.121 -0.143 -0.143 -0.121 -0.121 -0.121 -0.121 -0.143 -0.143 -0.143 -0.143 -0.143 -0.099 -0.099 -0.099 -0.099 -0.099 -0.099 -0.033 -0.033 -9999 -9999 -9999 -9999 -9999 -9999 -9999 -9999 -9999 -9999 -9999 -9999 -9999 -9999 -9999 -9999 -9999 -9999 -9999 -9999 -9999 -0.011 -0.033 -0.033 -0.033 -0.033 -0.055 -0.077 -0.099 -0.11 -0.077 -0.055 -0.055 -0.033 -0.033 -0.033 -0.033 -0.033 -0.011 0.011 0.011
-0.165 -0.143 -0.143 -0.099 -0.121 -0.121 -0.143 -0.121 -0.121 -0.11 -0.121 -0.121 -0.121 -0.143 -0.143 -0.121 -0.121 -0.121 -0.143 -0.143 -0.121 -0.099 -0.099 -0.121 -0.099 -9999 -9999 -0.099 -0.099 -9999 -0.033 -0.033 -9999 -9999 -9999 -9999 -9999 -9999 -9999 -9999 -9999 -9999 -9999 -9999 -9999 -9999 -9999 -9999 -9999 -9999 -9999 -9999 -9999 -9999 -0.033 -0.055 -0.033 -0.055 -0.077 -0.121 -0.121 -0.1155 -0.099 -0.077 -0.055 -0.055 -0.033 -0.033 -0.033 -0.033 -0.011 -0.011 0.011
-0.143 -0.143 -0.121 -0.099 -0.121 -0.121 -0.121 -0.121 -0.121 -0.121 -0.121 -0.121 -0.143 -0.143 -0.143 -0.121 -0.121 -0.121 -0.143 -0.121 -0.099 -0.099 -9999 -0.099 -9999 -9999 -9999 -0.099 -9999 -9999 -9999 -9999 -9999 -9999 -9999 -9999 -9999 -9999 -9999 -9999 -9999 -9999 -9999 -9999 -9999 -9999 -9999 -9999 -9999 -9999 -9999 -9999 -9999 -9999 -9999 -9999 -9999 -9999 -9999 -9999 -9999 -9999 -0.121 -0.077 -0.077 -0.055 -0.055 -0.033 -0.033 -0.033 -0.011 -0.011 -0.011
-0.143 -0.143 -0.099 -0.121 -0.121 -0.099 -0.121 -0.121 -0.121 -0.121 -0.121 -0.121 -0.121 -0.099 -0.121 -0.121 -0.121 -0.121 -0.121 -0.099 -9999 -9999 -9999 -9999 -9999 -9999 -9999 -9999 -9999 -9999 -9999 -9999 -9999 -9999 -9999 -9999 -9999 -9999 -9999 -9999 -9999 -9999 -9999 -9999 -9999 -9999 -9999 -9999 -9999 -9999 -9999 -9999 -9999 -9999 -9999 -9999 -9999 -9999 -9999 -9999 -9999 -9999 -0.121 -0.077 -0.077 -0.055 -0.055 -0.055 -0.033 -0.011 -0.011 -0.011 -0.011
-0.143 -0.099 -0.121 -0.121 -0.121 -0.099 -0.121 -0.077 -0.121 -0.099 -0.11 -0.099 -9999 -9999 -0.121 -0.121 -0.121 -0.121 -0.121 -0.099 -9999 -9999 -9999 -9999 -9999 -9999 -9999 -9999 -9999 -9999 -9999 -9999 -9999 -9999 -9999 -9999 -9999 -9999 -9999 -9999 -9999 -9999 -9999 -9999 -9999 -9999 -9999 -9999 -9999 -9999 -9999 -9999 -9999 -9999 -9999 -9999 -9999 -9999 -9999 -9999 -9999 -9999 -9999 -9999 -9999 -0.055 -0.055 -9999 -9999 -0.033 -0.011 -9999 -9999
-0.121 -0.143 -0.121 -0.121 -0.099 -0.099 -0.121 -0.077 -0.099 -0.099 -0.099 -0.11 -9999 -9999 -9999 -0.121 -0.121 -0.099 -0.099 -9999 -9999 -9999 -9999 -9999 -9999 -9999 -9999 -9999 -9999 -9999 -9999 -9999 -9999 -9999 -9999 -9999 -9999 -9999 -9999 -9999 -9999 -9999 -9999 -9999 -9999 -9999 -9999 -9999 -9999 -9999 -9999 -9999 -9999 -9999 -9999 -9999 -9999 -9999 -9999 -9999 -9999 -9999 -9999 -9999 -9999 -9999 -9999 -9999 -9999 -9999 -9999 -9999 -9999
-0.143 -0.143 -0.121 -0.121 -0.099 -0.099 -0.121 -0.077 -0.077 -0.099 -0.099 -0.11 -9999 -9999 -9999 -9999 -0.099 -9999 -9999 -9999 -9999 -9999 -9999 -9999 -9999 -9999 -9999 -9999 -9999 -9999 -9999 -9999 -9999 -9999 -9999 -9999 -9999 -9999 -9999 -9999 -9999 -9999 -9999 -9999 -9999 -9999 -9999 -9999 -9999 -9999 -9999 -9999 -9999 -9999 -9999 -9999 -9999 -9999 -9999 -9999 -9999 -9999 -9999 -9999 -9999 -9999 -9999 -9999 -9999 -9999 -9999 -9999 -9999
-0.132 -0.121 -0.121 -0.121 -0.099 -0.11 -0.077 -0.077 -0.077 -0.121 -0.099 -0.11 -0.11 -9999 -9999 -9999 -9999 -9999 -9999 -9999 -9999 -9999 -9999 -9999 -9999 -9999 -9999 -9999 -9999 -9999 -9999 -9999 -9999 -9999 -9999 -9999 -9999 -9999 -9999 -9999 -9999 -9999 -9999 -9999 -9999 -9999 -9999 -9999 -9999 -9999 -9999 -9999 -9999 -9999 -9999 -9999 -9999 -9999 -9999 -9999 -9999 -9999 -9999 -9999 -9999 -9999 -9999 -9999 -9999 -9999 -9999 -9999 -9999
-0.132 -0.121 -0.121 -0.121 -0.099 -0.099 -9999 -9999 -0.099 -0.099 -0.099 -9999 -9999 -9999 -9999 -9999 -9999 -9999 -9999 -9999 -9999 -9999 -9999 -9999 -9999 -9999 -9999 -9999 -9999 -9999 -9999 -9999 -9999 -9999 -9999 -9999 -9999 -9999 -9999 -9999 -9999 -9999 -9999 -9999 -9999 -9999 -9999 -9999 -9999 -9999 -9999 -9999 -9999 -9999 -9999 -9999 -9999 -9999 -9999 -9999 -9999 -9999 -9999 -9999 -9999 -9999 -9999 -9999 -9999 -9999 -9999 -9999 -9999
-0.121 -0.121 -0.121 -0.121 -9999 -9999 -9999 -9999 -9999 -9999 -9999 -9999 -9999 -9999 -9999 -9999 -9999 -9999 -9999 -9999 -9999 -9999 -9999 -9999 -9999 -9999 -9999 -9999 -9999 -9999 -9999 -9999 -9999 -9999 -9999 -9999 -9999 -9999 -9999 -9999 -9999 -9999 -9999 -9999 -9999 -9999 -9999 -9999 -9999 -9999 -9999 -9999 -9999 -9999 -9999 -9999 -9999 -9999 -9999 -9999 -9999 -9999 -9999 -9999 -9999 -9999 -9999 -9999 -9999 -9999 -9999 -9999 -9999
