data/derived/r_tau_preau.asc
NCOLS 186 
NROWS 74 
XLLCORNER 443300.206538099 
YLLCORNER 4085841.77455235 
CELLSIZE 500 
NODATA_value -9999 
[rows 32 to 63 of 74, columns 73 to 145 of 186]
-0.011 -0.033 -0.011 -0.011 -0.011 -0.011 -0.033 -0.033 -0.033 -0.033 -0.033 -0.033 -0.044 -0.055 -0.033 -0.033 -0.033 -0.033 -0.033 -0.055 -0.033 -0.033 -0.033 -0.033 0.011 0.011 0.011 -0.011 -0.011 0.011 0.011 0.011 -0.011 -0.033 -0.033 -0.011 0.011 0.011 -0.033 -0.055 -0.077 -0.099 -0.099 -0.077 -0.077 -0.077 -0.077 -0.077 -0.055 -0.055 -0.055 -0.055 -0.077 -0.055 -0.055 -0.077 -0.055 -0.055 -0.055 -0.055 -0.055 -0.055 -0.055 -0.055 -0.077 -0.099 -0.121 -0.121 -0.121 -0.121 -0.121 -0.121 -0.099
-0.011 -0.011 -0.033 -0.033 -0.011 -0.011 -0.011 -0.011 -0.011 -0.055 -0.033 -0.033 -0.055 -0.055 -0.055 -0.055 -0.055 -0.055 -0.055 -0.055 -0.033 -0.033 -0.033 -0.033 -0.033 -0.033 -0.011 0.011 0.011 -0.011 -0.033 -0.033 -0.033 -0.011 -0.011 -0.011 0.011 0.011 -0.066 -0.099 -0.099 -0.099 -0.077 -0.099 -0.099 -0.055 -0.055 -0.055 -0.055 -0.055 -0.055 -0.055 -0.055 -0.055 -0.055 -0.077 -0.055 -0.055 -0.055 -0.055 -0.055 -0.055 -0.055 -0.055 -0.066 -0.077 -0.143 -0.143 -0.143 -0.143 -0.143 -0.121 -0.121
-0.011 -0.011 -0.011 -0.011 -0.033 -0.033 -0.033 -0.033 -0.033 -0.033 -0.033 -0.055 -0.055 -0.055 -0.055 -0.077 -0.055 -0.055 -0.033 -0.033 -0.033 -0.033 -0.033 -0.033 -0.033 -0.033 -0.033 -0.033 -0.033 -0.033 -0.033 -0.033 -0.033 -0.011 0.011 0.011 0.011 0.011 -0.099 -0.099 -0.099 -0.099 -0.099 -0.077 -0.077 -0.077 -0.055 -0.055 -0.055 -0.055 -0.055 -0.055 -0.055 -0.055 -0.055 -0.055 -0.055 -0.055 -0.055 -0.055 -0.077 -0.077 -0.077 -0.055 -0.055 -0.055 -0.121 -0.121 -0.143 -0.143 -0.143 -0.099 -0.121
-0.011 -0.011 -0.011 -0.011 -0.011 -0.011 -0.011 -0.033 -0.033 -0.033 -0.033 -0.033 -0.055 -0.055 -0.055 -0.077 -0.077 -0.077 -0.055 -0.033 -0.033 -0.033 -0.055 -0.055 -0.055 -0.033 -0.033 -0.033 -0.033 -0.033 -0.033 -0.033 -0.033 -0.011 0.011 0.033 0.011 -0.077 -0.099 -0.099 -0.099 -0.077 -0.077 -0.077 -0.077 -0.055 -0.055 -0.055 -0.055 -0.077 -0.077 -0.077 -0.066 -0.077 -0.077 -0.077 -0.077 -0.077 -0.077 -0.077 -0.077 -0.077 -0.077 -0.077 -0.055 -0.055 -0.055 -0.121 -0.121 -0.121 -0.121 -0.099 -0.099
-0.033 -0.0256666666666667 -0.011 -0.011 -0.011 -0.011 -0.011 -0.011 -0.011 -0.011 -0.033 -0.011 -0.033 -0.055 -0.055 -0.055 -0.055 -0.077 -0.077 -0.077 -0.055 -0.055 -0.055 -0.055 -0.033 -0.033 -0.033 -0.033 -0.033 -0.011 -0.011 -0.011 -0.011 -0.011 -0.011 0.011 -0.077 -0.077 -0.099 -0.077 -0.077 -0.077 -0.077 -0.077 -0.077 -0.055 -0.055 -0.055 -0.055 -0.077 -0.077 -0.077 -0.077 -0.066 -0.077 -0.055 -0.077 -0.055 -0.055 -0.077 -0.077 -0.077 -0.077 -0.077 -0.077 -0.077 -0.077 -0.121 -0.121 -0.121 -0.121 -0.099 -0.099
-0.033 -0.033 -0.033 -0.033 -0.022 -0.022 -0.011 -0.011 -0.011 -0.011 -0.011 -0.011 -0.022 -0.022 -0.022 -0.033 -0.044 -0.066 -0.077 -0.077 -0.0715 -0.055 -0.055 -0.033 -0.033 -0.044 -0.033 -0.0385 -0.044 -0.055 -0.066 -0.033 -0.033 -0.033 -0.066 -0.099 -0.077 -0.077 -0.066 -0.055 -0.077 -0.055 -0.055 -0.055 -0.066 -0.055 -0.055 -0.055 -0.044 -0.066 -0.066 -0.077 -0.077 -0.0715 -0.077 -0.077 -0.077 -0.077 -0.077 -0.066 -0.066 -0.066 -0.066 -0.055 -0.066 -0.077 -0.077 -0.099 -0.121 -0.121 -0.099 -0.099 -0.099
-0.011 -0.033 -0.033 -0.033 -0.033 -0.033 -0.033 -0.011 0.011 -0.011 -0.033 -0.011 -0.011 -0.011 -0.011 -0.022 -0.033 -0.011 -0.011 -0.033 -0.033 -0.033 -0.033 -0.033 -0.033 -0.033 -0.033 -0.055 -0.055 -0.055 -0.077 -0.055 -0.055 -0.077 -0.099 -0.099 -0.077 -0.055 -0.055 -0.055 -0.055 -0.055 -0.055 -0.055 -0.055 -0.055 -0.055 -0.033 -0.033 -0.033 -0.055 -0.055 -0.055 -0.077 -0.066 -0.055 -0.055 -0.077 -0.077 -0.077 -0.077 -0.077 -0.077 -0.077 -0.077 -0.055 -0.077 -0.077 -0.121 -0.121 -0.121 -0.121 -0.121
-0.011 -0.033 -0.033 -0.011 -0.033 -0.011 -0.011 -0.033 0.011 -0.011 -0.033 -0.011 -0.011 -0.011 -0.011 -0.022 -0.011 -0.011 -0.011 -0.033 -0.011 -0.011 -0.033 -0.033 -0.055 -0.055 -0.055 -0.055 -0.055 -0.055 -0.055 -0.055 -0.077 -0.077 -0.099 -0.099 -0.055 -0.055 -9999 -0.055 -0.055 -0.055 -0.055 -0.055 -0.055 -0.055 -0.055 -0.077 -0.033 -0.033 -0.033 -0.055 -0.055 -0.033 -0.044 -0.033 -0.033 -0.055 -0.055 -0.055 -0.077 -0.077 -0.077 -0.077 -0.077 -0.055 -0.055 -0.077 -0.099 -0.121 -0.121 -0.121 -0.121
-0.011 -0.011 -0.033 -0.022 -0.011 -0.011 -0.011 -0.011 -0.011 0.011 -0.011 -0.011 -0.011 -0.011 -0.011 -0.011 0 -0.011 -0.011 0.011 -0.011 -0.011 -0.033 -0.033 -0.033 -0.055 -0.055 -0.055 -0.033 -0.044 -0.055 -0.077 -0.099 -0.099 -0.099 -0.077 -0.055 -0.055 -9999 -0.055 -0.055 -0.055 -0.055 -0.055 -0.055 -0.055 -0.055 -0.077 -0.033 -0.033 -0.033 -0.033 -0.033 -0.033 -0.033 -0.011 -0.033 -0.033 -0.055 -0.055 -0.055 -0.055 -0.055 -0.055 -0.077 -0.077 -0.077 -0.099 -0.099 -0.121 -0.121 -0.099 -0.099
-0.033 -0.033 -0.011 -0.033 -0.033 -0.033 -0.033 -0.011 -0.011 -0.011 -0.011 -0.011 -0.011 -0.011 -0.011 -0.011 0 0.011 0.011 0.011 -0.011 -0.011 -0.011 -0.011 -0.033 -0.033 -0.033 -0.033 -0.033 -0.055 -0.077 -0.077 -0.099 -0.077 -0.055 -0.077 -0.055 -0.055 -9999 -0.055 -0.055 -0.055 -0.055 -0.055 -0.055 -0.055 -0.077 -0.033 -0.033 -0.033 -0.033 -0.033 -0.033 -0.011 -0.033 -0.011 -0.033 -0.033 -0.033 -0.033 -0.033 -0.055 -0.033 -0.055 -0.077 -0.099 -0.099 -0.099 -0.099 -0.121 -0.121 -0.121 -0.121
-0.033 -0.033 -0.033 -0.033 -0.033 -0.033 -0.033 -0.033 -0.011 -0.011 -0.011 -0.011 -0.011 -0.011 -0.011 -0.011 0 0.011 0.011 0.011 0.011 -0.011 -0.011 -0.011 -0.033 -0.033 -0.033 -0.033 -0.055 -0.066 -0.077 -0.077 -0.099 -0.077 -0.055 -0.055 -0.055 -0.055 -9999 -9999 -0.055 -9999 -0.055 -0.055 -0.055 -0.055 -0.077 -0.033 -0.033 -0.033 -0.033 -0.033 -0.033 -0.011 -0.011 -0.011 -0.033 -0.033 -0.033 -0.033 -0.033 -0.033 -0.033 -0.055 -0.077 -0.099 -0.099 -0.099 -0.099 -0.121 -0.121 -0.121 -0.132
-0.033 -0.033 -0.033 -0.033 -0.033 -0.033 -0.033 -0.033 -0.011 0.011 -0.011 -0.011 -0.011 -0.011 -0.011 -0.011 0.011 0.011 0.011 0.011 0.011 -0.011 -0.011 -0.011 -0.011 -0.011 -0.011 -0.033 -0.033 -0.077 -0.077 -0.077 -0.099 -0.055 -0.055 -0.055 -0.055 -0.055 -9999 -9999 -9999 -9999 -0.055 -0.055 -0.055 -0.055 -0.077 -0.055 -0.033 -0.033 -0.033 -0.033 -0.033 -0.011 -0.011 -0.011 -0.022 -0.033 -0.033 -0.033 -0.033 -0.033 -0.033 -0.055 -0.077 -0.099 -0.099 -0.099 -0.099 -0.11 -0.121 -0.121 -0.121
-0.033 -0.033 -0.033 -0.033 -0.033 -0.033 -0.033 -0.033 -0.011 0.011 -0.011 -0.011 -0.011 -0.011 -0.011 0.011 0.011 0.011 0.011 0.011 0.011 0.011 -0.011 -0.011 -0.011 0.011 0.011 -0.011 0.011 -0.077 -0.077 -0.099 -0.099 -0.055 -0.055 -0.055 -0.055 -0.055 -9999 -9999 -9999 -0.033 -0.055 -0.055 -0.055 -0.077 -0.077 -0.033 -0.033 -0.033 -0.033 -0.033 -0.033 -0.011 -0.011 -0.011 -0.022 -0.033 -0.033 -0.033 -0.033 -0.033 -0.033 -0.055 -0.077 -0.099 -0.099 -0.099 -0.099 -0.11 -0.121 -0.121 -0.121
-0.033 -0.033 -0.033 -0.033 -0.033 -0.033 -0.033 -0.033 -0.011 0.011 -0.011 -0.011 -0.011 -0.011 0.011 0.011 0.011 0.011 0.011 0.011 0.011 0.011 0.011 -0.011 0.011 0.011 0.011 0.011 0.011 -0.077 -0.077 -0.099 -0.055 -0.055 -0.055 -0.055 -0.055 -0.055 -0.055 -9999 -9999 -9999 -0.055 -0.055 -0.066 -0.077 -0.077 -0.033 -0.033 -0.033 -0.033 -0.033 -0.033 -0.033 -0.011 -0.011 -0.011 -0.033 -0.033 -0.033 -0.033 -0.033 -0.033 -0.055 -0.077 -0.099 -0.099 -0.099 -0.099 -0.099 -0.121 -0.121 -0.121
-0.033 -0.033 -0.033 -0.033 -0.033 -0.033 -0.033 -0.011 -0.011 0.011 -0.011 -0.011 0.011 0.011 0.011 0.011 0.011 0.011 0.011 0.011 0.011 0.011 0.011 0.033 0.011 0.011 0.011 0.011 0.011 0.011 -0.077 -0.077 -0.055 -0.055 -0.055 -0.055 -0.055 -0.055 -0.055 -9999 -9999 -9999 -0.055 -0.077 -0.077 -0.077 -0.055 -0.033 -0.033 -0.033 -0.055 -0.033 -0.033 -0.033 -0.033 -0.033 -0.033 -0.033 -0.011 -0.033 -0.033 -0.033 -0.055 -0.077 -0.099 -0.099 -0.099 -0.099 -0.099 -0.099 -0.121 -0.121 -0.121
-0.033 -0.033 -0.033 -0.033 -0.033 -0.033 -0.022 -0.011 0.011 -0.011 -0.011 0.011 0.011 0.011 0.011 0.011 0.011 0.011 0.011 0.011 0.011 0.011 0.011 0.011 0.011 0.011 0.011 0.011 0.011 0.011 -0.077 -0.077 -0.055 -0.055 -0.055 -0.055 -0.033 -0.055 -0.055 -9999 -9999 -0.033 -0.033 -0.077 -0.077 -0.077 -0.055 -0.033 -0.033 -0.033 -0.055 -0.033 -0.033 -0.033 -0.033 -0.033 -0.033 -0.033 -0.077 -0.055 -0.033 -0.055 -0.077 -0.099 -0.099 -0.099 -0.099 -0.099 -0.099 -0.099 -0.121 -0.121 -0.121
-0.011 -0.011 -0.033 -0.033 -0.033 -0.011 -0.011 -0.011 0.011 -0.011 0.011 0.011 0.011 0.011 0.011 0.011 0.011 0.011 0.011 0.011 0.011 0.011 0.011 0.011 0.011 0.011 0.011 0.011 0.011 0.011 0.011 -0.055 -0.055 -0.055 -0.055 -0.055 -0.033 -0.055 -0.055 -9999 -9999 -9999 -0.033 -0.055 -0.077 -0.066 -0.055 -0.033 -0.033 -0.033 -0.055 -0.033 -0.033 -0.033 -0.033 -0.033 -0.033 -0.033 -0.044 -0.033 -0.055 -0.055 -0.077 -0.077 -0.077 -0.099 -0.099 -0.099 -0.099 -0.099 -0.121 -0.121 -0.121
-0.011 0 -0.011 0 0 0.011 0.00366666666666667 0.0183333333333333 0.011 0.011 0.011 0.011 0.011 0.011 0.011 0.011 0.011 0.011 0.011 0.011 0.011 0.011 0.011 0.011 0.011 0.011 0.022 0.033 0.033 0.011 0.011 0 -0.0476666666666667 -0.0403333333333333 -0.055 -0.044 -0.033 -0.055 -0.055 -0.033 -9999 -9999 -0.033 -0.077 -0.077 -0.0696666666666667 -0.055 -0.033 -0.033 -0.033 -0.055 -0.033 -0.033 -0.033 -0.033 -0.033 -0.033 -0.044 -0.0403333333333333 -0.0623333333333333 -0.066 -0.077 -0.077 -0.099 -0.099 -0.099 -0.099 -0.099 -0.099 -0.099 -0.121 -0.121 -0.121
-0.011 -0.011 -0.011 -0.011 0.011 0.011 0.011 0.011 0.011 0.011 0.011 0.011 0.011 0.011 0.011 0.011 0.011 0.011 0.011 0.011 0.011 0.011 0.033 0.033 0.033 0.033 0.033 0.033 0.033 -0.011 -0.011 -0.011 -0.055 -0.055 -0.055 -0.077 -0.077 -0.033 -0.055 -0.033 -9999 -9999 -9999 -0.055 -0.077 -0.055 -0.055 -0.055 -9999 -9999 -9999 -0.033 -0.055 -0.055 -0.055 -0.055 -0.055 -0.077 -0.077 -0.088 -0.077 -0.077 -0.099 -0.099 -0.099 -0.099 -0.099 -0.099 -0.099 -0.099 -0.099 -0.121 -0.121
-0.011 0.011 0.011 0.011 0.011 0.011 0.011 0.011 0.022 0.011 0.033 0.033 0.033 0.033 0.055 0.033 0.011 0.011 0.011 0.011 0.011 0.033 0.033 0.033 0.033 0.033 0.033 0.033 0.033 0.011 -0.011 -0.011 -0.055 -0.055 -0.077 -0.077 -0.077 -0.077 -0.055 -9999 -9999 -9999 -9999 -9999 -0.055 -0.055 -9999 -9999 -9999 -9999 -9999 -9999 -0.055 -0.055 -0.077 -0.077 -0.077 -0.077 -0.077 -0.077 -0.077 -0.099 -0.099 -0.099 -0.099 -0.099 -0.099 -0.099 -0.099 -0.099 -0.099 -0.121 -0.121
0.011 0.011 0.011 0.011 0.011 0.033 0.033 0.033 0.033 0.033 0.033 0.033 0.055 0.055 0.055 0.055 0.055 0.055 0.055 0.033 0.033 0.033 0.033 0.033 0.033 0.033 0.033 0.033 0.033 0.011 0.011 0.011 -0.033 -0.077 -0.077 -0.077 -9999 -9999 -9999 -9999 -9999 -9999 -9999 -9999 -9999 -9999 -9999 -9999 -9999 -9999 -9999 -9999 -9999 -0.077 -0.077 -0.077 -0.077 -0.077 -0.099 -0.099 -0.099 -0.099 -0.099 -0.099 -0.099 -0.099 -0.099 -0.099 -0.099 -0.099 -0.099 -0.121 -0.121
0.011 0.011 0.033 0.033 0.033 0.033 0.055 0.055 0.055 0.055 0.055 0.055 0.055 0.055 0.055 0.055 0.055 0.055 0.055 0.055 0.055 0.044 0.033 0.055 0.055 0.033 0.033 0.033 0.033 -0.011 0.011 0.011 -0.011 -0.077 -0.077 -0.077 -9999 -9999 -9999 -9999 -9999 -9999 -9999 -9999 -9999 -9999 -9999 -9999 -9999 -9999 -9999 -9999 -0.077 -0.077 -0.077 -0.077 -0.099 -0.099 -0.099 -0.099 -0.099 -0.099 -0.099 -0.099 -0.099 -0.099 -0.099 -0.099 -0.099 -0.099 -0.099 -0.121 -0.143
0.033 0.033 0.033 0.055 0.055 0.055 0.055 0.055 0.055 0.055 0.055 0.055 0.055 0.055 0.055 0.055 0.055 0.055 0.055 0.055 0.055 0.055 0.055 0.055 -0.011 -0.011 -0.011 -0.011 -0.011 -0.011 -0.011 -0.033 -9999 -9999 -9999 -9999 -9999 -9999 -9999 -9999 -9999 -9999 -9999 -9999 -9999 -9999 -9999 -9999 -9999 -9999 -9999 -9999 -9999 -0.077 -0.077 -0.077 -0.077 -0.099 -0.099 -0.099 -0.099 -0.099 -0.099 -0.099 -0.099 -0.099 -0.099 -0.099 -0.099 -0.121 -0.143 -0.143 -0.165
0.033 0.055 0.055 0.055 0.055 0.033 0.033 0.033 0.055 0.055 0.055 0.055 0.055 0.055 0.055 0.055 0.055 0.055 0.055 0.055 0.011 -0.011 -0.011 -0.011 -0.011 -9999 -9999 -0.011 -0.011 -9999 -0.033 -0.033 -9999 -9999 -9999 -9999 -9999 -9999 -9999 -9999 -9999 -9999 -9999 -9999 -9999 -9999 -9999 -9999 -9999 -9999 -9999 -9999 -9999 -9999 -0.099 -0.077 -0.077 -0.099 -0.099 -0.099 -0.099 -0.11 -0.099 -0.099 -0.099 -0.121 -0.121 -0.121 -0.121 -0.121 -0.121 -0.121 -0.165
0.055 0.055 0.055 0.055 0.033 0.033 0.033 0.033 0.033 0.033 0.055 0.055 0.055 0.055 0.055 0.055 0.055 0.055 0.033 -0.011 -0.011 -0.011 -9999 -0.011 -9999 -9999 -9999 -0.011 -9999 -9999 -9999 -9999 -9999 -9999 -9999 -9999 -9999 -9999 -9999 -9999 -9999 -9999 -9999 -9999 -9999 -9999 -9999 -9999 -9999 -9999 -9999 -9999 -9999 -9999 -9999 -9999 -9999 -9999 -9999 -9999 -9999 -9999 -0.099 -0.099 -0.121 -0.121 -0.121 -0.121 -0.121 -0.121 -0.143 -0.143 -0.165
0.055 0.055 0.055 0.033 0.033 0.033 0.033 0.033 0.033 0.033 0.033 0.033 0.033 0.033 0.033 0.055 0.055 0.055 0.011 -0.011 -9999 -9999 -9999 -9999 -9999 -9999 -9999 -9999 -9999 -9999 -9999 -9999 -9999 -9999 -9999 -9999 -9999 -9999 -9999 -9999 -9999 -9999 -9999 -9999 -9999 -9999 -9999 -9999 -9999 -9999 -9999 -9999 -9999 -9999 -9999 -9999 -9999 -9999 -9999 -9999 -9999 -9999 -0.121 -0.121 -0.121 -0.121 -0.121 -0.121 -0.121 -0.121 -0.143 -0.143 -0.165
0.055 0.055 0.055 0.033 0.033 0.033 0.033 0.033 0.033 0.033 0.033 0.033 -9999 -9999 0.033 0.033 0.055 0.033 0.011 -0.011 -9999 -9999 -9999 -9999 -9999 -9999 -9999 -9999 -9999 -9999 -9999 -9999 -9999 -9999 -9999 -9999 -9999 -9999 -9999 -9999 -9999 -9999 -9999 -9999 -9999 -9999 -9999 -9999 -9999 -9999 -9999 -9999 -9999 -9999 -9999 -9999 -9999 -9999 -9999 -9999 -9999 -9999 -9999 -9999 -9999 -0.121 -0.121 -9999 -9999 -0.121 -0.143 -9999 -9999
0.055 0.055 0.033 0.033 0.033 0.033 0.033 0.033 0.033 0.033 0.033 0.033 -9999 -9999 -9999 0.033 0.033 -0.011 -0.011 -9999 -9999 -9999 -9999 -9999 -9999 -9999 -9999 -9999 -9999 -9999 -9999 -9999 -9999 -9999 -9999 -9999 -9999 -9999 -9999 -9999 -9999 -9999 -9999 -9999 -9999 -9999 -9999 -9999 -9999 -9999 -9999 -9999 -9999 -9999 -9999 -9999 -9999 -9999 -9999 -9999 -9999 -9999 -9999 -9999 -9999 -9999 -9999 -9999 -9999 -9999 -9999 -9999 -9999
0.055 0.033 0.033 0.033 0.033 0.033 0.033 0.033 0.033 0.033 0.033 0.033 -9999 -9999 -9999 -9999 -0.011 -9999 -9999 -9999 -9999 -9999 -9999 -9999 -9999 -9999 -9999 -9999 -9999 -9999 -9999 -9999 -9999 -9999 -9999 -9999 -9999 -9999 -9999 -9999 -9999 -9999 -9999 -9999 -9999 -9999 -9999 -9999 -9999 -9999 -9999 -9999 -9999 -9999 -9999 -9999 -9999 -9999 -9999 -9999 -9999 -9999 -9999 -9999 -9999 -9999 -9999 -9999 -9999 -9999 -9999 -9999 -9999
0.055 0.033 0.033 0.033 0.033 0.033 0.033 0.033 0.033 0.033 0.033 0.033 0.033 -9999 -9999 -9999 -9999 -9999 -9999 -9999 -9999 -9999 -9999 -9999 -9999 -9999 -9999 -9999 -9999 -9999 -9999 -9999 -9999 -9999 -9999 -9999 -9999 -9999 -9999 -9999 -9999 -9999 -9999 -9999 -9999 -9999 -9999 -9999 -9999 -9999 -9999 -9999 -9999 -9999 -9999 -9999 -9999 -9999 -9999 -9999 -9999 -9999 -9999 -9999 -9999 -9999 -9999 -9999 -9999 -9999 -9999 -9999 -9999
0.055 0.055 0.033 0.033 0.033 0.033 -9999 -9999 0.033 0.033 0.033 -9999 -9999 -9999 -9999 -9999 -9999 -9999 -9999 -9999 -9999 -9999 -9999 -9999 -9999 -9999 -9999 -9999 -9999 -9999 -9999 -9999 -9999 -9999 -9999 -9999 -9999 -9999 -9999 -9999 -9999 -9999 -9999 -9999 -9999 -9999 -9999 -9999 -9999 -9999 -9999 -9999 -9999 -9999 -9999 -9999 -9999 -9999 -9999 -9999 -9999 -9999 -9999 -9999 -9999 -9999 -9999 -9999 -9999 -9999 -9999 -9999 -9999
0.044 0.055 0.055 0.055 -9999 -9999 -9999 -9999 -9999 -9999 -9999 -9999 -9999 -9999 -9999 -9999 -9999 -9999 -9999 -9999 -9999 -9999 -9999 -9999 -9999 -9999 -9999 -9999 -9999 -9999 -9999 -9999 -9999 -9999 -9999 -9999 -9999 -9999 -9999 -9999 -9999 -9999 -9999 -9999 -9999 -9999 -9999 -9999 -9999 -9999 -9999 -9999 -9999 -9999 -9999 -9999 -9999 -9999 -9999 -9999 -9999 -9999 -9999 -9999 -9999 -9999 -9999 -9999 -9999 -9999 -9999 -9999 -9999
