data/derived/r_tau_tempau.asc
NCOLS 186 
NROWS 74 
XLLCORNER 443300.206538099 
YLLCORNER 4085841.77455235 
CELLSIZE 500 
NODATA_value -9999 
[rows 34 to 67 of 74, columns 0 to 76 of 186]
-9999 -9999 -9999 -9999 -9999 -9999 -9999 -9999 -9999 -9999 -9999 -9999 -9999 -9999 0.077 0.132 0.165 0.231 0.231 -9999 -9999 0.22275 0.2145 0.22 0.231 0.231 0.231 0.231 0.231 0.231 0.231 0.231 0.231 0.231 0.209 0.209 0.209 0.209 0.209 0.209 0.198 0.165 0.187 0.187 0.165 0.187 0.176 0.165 0.187 0.187 0.187 0.121 0.187 0.187 0.165 0.143 0.143 0.187 0.187 0.187 0.231 0.209 0.209 0.132 0.132 0.099 0.077 0.088 0.121 0.121 0.121 0.099 0.099 0.1155 0.121 0.121 0.121
-9999 -9999 -9999 -9999 -9999 -9999 -9999 -9999 -9999 -9999 -9999 -9999 -9999 -9999 0.121 0.165 0.165 0.165 0.187 -9999 -9999 -9999 0.198 0.209 0.231 0.231 0.231 0.231 0.231 0.231 0.231 0.231 0.2255 0.231 0.231 0.216333333333333 0.209 0.209 0.209 0.209 0.209 0.1925 0.165 0.165 0.176 0.1815 0.187 0.179666666666667 0.187 0.165 0.154 0.165 0.187 0.176 0.176 0.165 0.165 0.187 0.187 0.176 0.2035 0.22 0.121 0.11 0.099 0.077 0.077 0.121 0.121 0.143 0.143 0.121 0.121 0.1485 0.132 0.143 0.143
-9999 -9999 -9999 -9999 -9999 -9999 -9999 -9999 -9999 -9999 -9999 -9999 -9999 -9999 0.165 0.165 0.165 0.165 0.187 0.187 -9999 0.187 0.187 0.198 0.198 0.231 0.231 0.231 0.231 0.231 0.209 0.209 0.209 0.231 0.231 0.231 0.209 0.209 0.209 0.209 0.187 0.187 0.165 0.176 0.187 0.187 0.187 0.187 0.198 0.1815 0.165 0.1815 0.187 0.165 0.165 0.154 0.1485 0.165 0.198 0.176 0.165 0.1815 0.176 0.132 0.099 0.0825 0.099 0.121 0.1375 0.143 0.154 0.1595 0.1375 0.143 0.165 0.165 0.165
-9999 -9999 -9999 -9999 -9999 -9999 -9999 -9999 -9999 -9999 -9999 -9999 -9999 -9999 -9999 0.165 0.165 0.165 0.209 0.187 0.187 0.187 0.187 0.187 0.198 0.231 0.231 0.231 0.231 0.231 0.209 0.22 0.22 0.231 0.209 0.22 0.2145 0.198 0.209 0.187 0.187 0.187 0.187 0.187 0.187 0.187 0.187 0.187 0.187 0.187 0.187 0.187 0.187 0.165 0.187 0.154 0.165 0.165 0.209 0.165 0.165 0.187 0.176 0.165 0.121 0.121 0.099 0.099 0.143 0.121 0.143 0.143 0.121 0.143 0.179666666666667 0.187 0.187
-9999 -9999 -9999 -9999 -9999 -9999 -9999 -9999 -9999 -9999 -9999 -9999 -9999 -9999 -9999 0.165 0.176 0.187 0.187 0.187 0.187 0.187 0.187 0.187 0.187 0.231 0.231 0.231 0.231 0.231 0.231 0.231 0.209 0.231 0.231 0.231 0.2035 0.198 0.187 0.187 0.187 0.187 0.187 0.187 0.187 0.187 0.187 0.187 0.187 0.1815 0.187 0.187 0.187 0.165 0.165 0.187 0.187 0.209 0.198 0.231 0.187 0.187 0.176 0.154 0.121 0.121 0.099 0.099 0.121 0.143 0.121 0.121 0.121 0.143 0.187 0.187 0.187
-9999 -9999 -9999 -9999 -9999 -9999 -9999 -9999 -9999 -9999 -9999 -9999 -9999 -9999 -9999 0.165 0.165 0.165 0.187 0.187 0.209 0.187 0.187 0.187 0.187 0.187 0.231 0.231 0.231 0.231 0.22 0.209 0.209 0.209 0.209 0.187 0.187 0.187 0.187 0.187 0.187 0.187 0.187 0.187 0.187 0.187 0.187 0.209 0.209 0.187 0.187 0.209 0.187 0.165 0.165 0.209 0.209 0.209 0.209 0.231 0.209 0.187 0.176 0.143 0.121 0.099 0.121 0.121 0.11 0.121 0.121 0.121 0.143 0.165 0.187 0.187 0.154
-9999 -9999 0.121 -9999 -9999 -9999 -9999 -9999 -9999 -9999 -9999 -9999 -9999 -9999 -9999 0.143 0.165 0.165 0.209 0.187 0.187 0.187 0.209 0.187 0.187 0.187 0.209 0.231 0.231 0.209 0.209 0.209 0.209 0.209 0.209 0.209 0.209 0.165 0.176 0.187 0.187 0.187 0.176 0.187 0.187 0.187 0.209 0.209 0.209 0.187 0.198 0.187 0.165 0.165 0.209 0.209 0.231 0.209 0.22 0.22 0.187 0.198 0.187 0.1485 0.121 0.121 0.121 0.143 0.143 0.121 0.121 0.121 0.143 0.165 0.165 0.165 0.165
-9999 -9999 -9999 -9999 -9999 0.143 0.143 -9999 -9999 -9999 -9999 -9999 0.165 0.187 0.176 0.165 0.187 0.187 0.209 0.209 0.187 0.187 0.176 0.187 0.187 0.187 0.209 0.209 0.231 0.22 0.209 0.209 0.209 0.209 0.209 0.209 0.187 0.176 0.165 0.176 0.187 0.187 0.187 0.187 0.187 0.187 0.209 0.209 0.209 0.209 0.209 0.165 0.187 0.209 0.242 0.231 0.22 0.22 0.231 0.209 0.209 0.209 0.187 0.1485 0.11 0.121 0.121 0.165 0.143 0.121 0.121 0.143 0.143 0.143 0.165 0.165 0.165
-9999 -9999 -9999 0.143 -9999 -9999 -9999 0.165 -9999 -9999 -9999 0.165 0.1485 0.143 0.143 0.165 0.187 0.165 0.165 0.198 0.198 0.165 0.176 0.187 0.176 0.1815 0.154 0.209 0.187 0.231 0.231 0.187 0.187 0.187 0.187 0.187 0.187 0.187 0.187 0.165 0.187 0.187 0.187 0.187 0.187 0.187 0.187 0.209 0.231 0.22 0.209 0.2035 0.231 0.242 0.231 0.209 0.209 0.209 0.209 0.209 0.209 0.198 0.209 0.143 0.1265 0.121 0.121 0.154 0.143 0.121 0.121 0.143 0.121 0.165 0.165 0.165 0.165
-9999 0.132 0.132 0.143 0.187 0.176 0.187 0.187 0.187 0.187 0.187 0.198 0.1705 0.165 0.187 0.165 0.187 0.187 0.165 0.165 0.165 0.165 0.165 0.165 0.165 0.176 0.187 0.187 0.176 0.22 0.165 0.176 0.198 0.187 0.187 0.209 0.187 0.198 0.187 0.187 0.165 0.165 0.187 0.187 0.187 0.176 0.209 0.209 0.209 0.209 0.187 0.231 0.242 0.231 0.209 0.209 0.209 0.209 0.231 0.209 0.209 0.187 0.198 0.143 0.1265 0.121 0.121 0.165 0.165 0.121 0.132 0.143 0.121 0.143 0.165 0.165 0.165
0.154 0.165 0.187 0.176 0.187 0.209 0.198 0.198 0.209 0.198 0.198 0.187 0.187 0.198 0.187 0.187 0.187 0.187 0.176 0.165 0.165 0.165 0.165 0.165 0.176 0.1815 0.187 0.187 0.187 0.165 0.198 0.187 0.198 0.198 0.187 0.209 0.209 0.198 0.209 0.209 0.187 0.187 0.165 0.165 0.176 0.187 0.187 0.187 0.187 0.176 0.209 0.231 0.231 0.231 0.209 0.209 0.209 0.209 0.231 0.209 0.198 0.198 0.198 0.099 0.121 0.143 0.165 0.165 0.121 0.121 0.121 0.143 0.121 0.143 0.165 0.165 0.143
-9999 0.143 0.187 0.198 0.187 0.198 0.209 0.1925 0.176 0.176 0.1815 0.187 0.187 0.187 0.187 0.187 0.198 0.187 0.187 0.198 0.165 0.165 0.187 0.187 0.165 0.176 0.1815 0.187 0.165 0.165 0.165 0.187 0.187 0.209 0.209 0.209 0.209 0.209 0.209 0.209 0.209 0.209 0.209 0.231 0.231 0.231 0.231 0.22 0.231 0.198 0.231 0.242 0.231 0.209 0.209 0.187 0.187 0.22 0.231 0.22 0.209 0.209 0.121 0.121 0.099 0.121 0.143 0.165 0.121 0.121 0.121 0.143 0.121 0.143 0.165 0.154 0.143
-9999 -9999 0.176 0.165 0.187 0.165 0.187 0.187 0.154 0.209 0.209 0.187 0.187 0.187 0.187 0.1815 0.187 0.187 0.176 0.1815 0.187 0.187 0.187 0.187 0.187 0.187 0.183333333333333 0.194333333333333 0.165 0.187 0.176 0.176 0.176 0.209 0.209 0.209 0.209 0.209 0.209 0.209 0.231 0.231 0.231 0.231 0.209 0.231 0.209 0.22 0.231 0.209 0.187 0.22 0.2145 0.187 0.187 0.165 0.165 0.176 0.231 0.209 0.209 0.121 0.099 0.121 0.099 0.121 0.11 0.11 0.121 0.121 0.121 0.143 0.121 0.165 0.165 0.143 0.132
-9999 -9999 -9999 0.132 0.165 0.165 0.187 0.187 0.187 0.209 0.198 0.187 0.187 0.187 0.187 0.165 0.165 0.187 0.187 0.165 0.187 0.187 0.165 0.187 0.187 0.187 0.187 0.176 0.165 0.165 0.1705 0.187 0.2035 0.198 0.198 0.198 0.198 0.198 0.198 0.198 0.2255 0.209 0.2365 0.2035 0.198 0.209 0.209 0.187 0.22 0.231 0.22 0.209 0.22 0.176 0.165 0.143 0.143 0.143 0.143 0.176 0.209 0.121 0.11 0.121 0.099 0.099 0.121 0.121 0.099 0.121 0.121 0.143 0.121 0.143 0.165 0.143 0.121
-9999 -9999 -9999 -9999 -9999 0.121 0.165 0.165 0.165 0.187 0.165 0.154 0.176 0.165 0.209 0.187 0.176 0.187 0.187 0.187 0.187 0.187 0.187 0.187 0.187 0.187 0.187 0.165 0.165 0.165 0.187 0.187 0.187 0.187 0.187 0.187 0.187 0.187 0.198 0.187 0.2035 0.209 0.209 0.187 0.187 0.187 0.187 0.187 0.209 0.198 0.198 0.198 0.1925 0.165 0.143 0.143 0.143 0.143 0.143 0.143 0.176 0.121 0.1155 0.121 0.1045 0.11 0.121 0.132 0.11 0.121 0.121 0.143 0.143 0.132 0.165 0.121 0.121
-9999 -9999 -9999 -9999 -9999 -9999 0.121 0.121 0.11 0.154 -9999 0.187 0.165 0.187 0.187 0.165 0.187 0.187 0.187 0.187 0.187 0.187 0.187 0.187 0.187 0.187 0.176 0.176 0.187 0.198 0.209 0.209 0.187 0.187 0.187 0.187 0.198 0.209 0.187 0.187 0.187 0.209 0.209 0.209 0.187 0.187 0.187 0.187 0.165 0.165 0.165 0.187 0.187 0.154 0.143 0.143 0.143 0.143 0.143 0.143 0.165 0.121 0.099 0.121 0.121 0.099 0.099 0.102666666666667 0.088 0.099 0.121 0.121 0.143 0.165 0.1485 0.143 0.143
-9999 -9999 -9999 -9999 -9999 0.121 -9999 -9999 -9999 -9999 -9999 -9999 -9999 0.143 0.165 0.154 0.187 0.198 0.209 0.198 0.187 0.187 0.187 0.187 0.187 0.187 0.165 0.176 0.187 0.209 0.209 0.209 0.187 0.187 0.187 0.209 0.209 0.209 0.187 0.187 0.209 0.209 0.209 0.209 0.198 0.154 0.154 0.143 0.165 0.165 0.165 0.165 0.121 0.143 0.132 0.143 0.143 0.143 0.143 0.143 0.165 0.099 0.099 0.121 0.11 0.099 0.099 0.0935 0.077 0.099 0.121 0.121 0.176 0.132 0.121 0.121 0.121
-9999 -9999 -9999 -9999 -9999 0.121 0.11 -9999 -9999 -9999 -9999 -9999 -9999 -9999 0.165 0.143 0.1815 0.187 0.187 0.187 0.198 0.187 0.187 0.187 0.165 0.165 0.176 0.187 0.187 0.154 0.165 0.165 0.165 0.209 0.209 0.209 0.209 0.209 0.187 0.209 0.209 0.187 0.187 0.187 0.165 0.165 0.143 0.132 0.143 0.187 0.176 0.165 0.121 0.121 0.143 0.132 0.143 0.143 0.143 0.143 0.121 0.099 0.121 0.121 0.11 0.099 0.099 0.077 0.0935 0.121 0.143 0.165 0.165 0.132 0.121 0.121 0.121
-9999 -9999 -9999 0.143 0.099 0.121 -9999 -9999 -9999 -9999 -9999 -9999 -9999 -9999 0.143 0.143 0.1815 0.165 0.187 0.198 0.198 0.187 0.187 0.187 0.165 0.165 0.176 0.187 0.176 0.1815 0.187 0.198 0.165 0.209 0.209 0.209 0.209 0.187 0.209 0.209 0.187 0.187 0.1815 0.165 0.165 0.143 0.121 0.121 0.143 0.165 0.165 0.165 0.143 0.11 0.143 0.143 0.143 0.132 0.165 0.165 0.11 0.121 0.121 0.121 0.099 0.099 0.077 0.077 0.088 0.121 0.165 0.165 0.165 0.165 0.121 0.121 0.121
-9999 -9999 -9999 -9999 0.132 0.143 -9999 -9999 -9999 -9999 -9999 -9999 -9999 -9999 -9999 -9999 0.187 0.1815 0.187 0.187 0.187 0.187 0.187 0.176 0.176 0.187 0.187 0.165 0.176 0.187 0.187 0.187 0.187 0.209 0.209 0.209 0.198 0.198 0.209 0.187 0.187 0.187 0.165 0.165 0.165 0.176 0.154 0.121 0.143 0.143 0.143 0.143 0.143 0.099 0.11 0.1375 0.143 0.121 0.165 0.165 0.121 0.121 0.121 0.132 0.11 0.077 0.077 0.077 0.088 0.099 0.165 0.165 0.165 0.154 0.143 0.099 0.099
-9999 -9999 -9999 -9999 0.132 0.121 -9999 -9999 -9999 -9999 -9999 -9999 -9999 -9999 -9999 -9999 0.165 0.198 0.187 0.187 0.187 0.187 0.187 0.187 0.187 0.187 0.176 0.165 0.187 0.187 0.187 0.187 0.187 0.187 0.209 0.198 0.187 0.209 0.209 0.187 0.187 0.187 0.165 0.154 0.176 0.176 0.165 0.143 0.143 0.143 0.143 0.143 0.121 0.099 0.077 0.121 0.154 0.143 0.176 0.198 0.121 0.121 0.121 0.121 0.088 0.077 0.077 0.077 0.077 0.1045 0.165 0.143 0.143 0.121 0.121 0.121 0.099
-9999 -9999 -9999 -9999 -9999 0.154 -9999 -9999 -9999 -9999 -9999 -9999 -9999 -9999 -9999 -9999 0.176 0.187 0.187 0.187 0.187 0.187 0.187 0.187 0.209 0.209 0.165 0.176 0.187 0.187 0.198 0.209 0.187 0.187 0.187 0.187 0.209 0.209 0.209 0.187 0.198 0.187 0.143 0.154 0.165 0.176 0.165 0.143 0.121 0.132 0.143 0.143 0.099 0.099 0.121 0.121 0.1375 0.176 0.187 0.187 0.121 0.121 0.121 0.099 0.099 0.077 0.077 0.077 0.077 0.121 0.121 0.143 0.143 0.121 0.121 0.121 0.099
-9999 -9999 -9999 -9999 -9999 -9999 -9999 -9999 -9999 -9999 -9999 -9999 -9999 -9999 -9999 -9999 0.143 0.165 0.1925 0.187 0.187 0.187 0.187 0.209 0.209 0.176 0.165 0.187 0.187 0.187 0.209 0.209 0.187 0.187 0.209 0.187 0.209 0.209 0.209 0.198 0.209 0.176 0.154 0.143 0.154 0.165 0.165 0.154 0.165 0.143 0.11 0.099 0.099 0.099 0.121 0.121 0.176 0.187 0.198 0.176 0.121 0.121 0.121 0.099 0.077 0.077 0.077 0.077 0.077 0.099 0.077 0.099 0.099 0.099 0.099 0.099 0.077
-9999 -9999 -9999 -9999 -9999 -9999 -9999 -9999 -9999 -9999 -9999 -9999 -9999 -9999 -9999 -9999 -9999 0.165 0.187 0.176 0.165 0.165 0.176 0.209 0.209 0.165 0.165 0.187 0.187 0.187 0.209 0.209 0.209 0.209 0.209 0.209 0.187 0.187 0.209 0.209 0.187 0.187 0.187 0.143 0.143 0.165 0.154 0.143 0.121 0.121 0.099 0.088 0.099 0.099 0.121 0.154 0.187 0.1815 0.209 0.121 0.121 0.132 0.132 0.088 0.077 0.077 0.077 0.077 0.077 0.099 0.077 0.077 0.077 0.077 0.077 0.077 0.077
-9999 -9999 -9999 -9999 -9999 -9999 -9999 -9999 -9999 -9999 -9999 -9999 -9999 -9999 -9999 -9999 -9999 -9999 0.187 0.161333333333333 0.165 0.1925 0.198 0.198 0.165 0.176 0.187 0.187 0.187 0.209 0.209 0.209 0.209 0.209 0.209 0.209 0.209 0.187 0.187 0.209 0.187 0.198 0.187 0.165 0.143 0.143 0.121 0.121 0.099 0.099 0.099 0.099 0.099 0.121 0.143 0.143 0.187 0.187 0.198 0.099 0.099 0.077 0.099 0.099 0.077 0.077 0.077 0.077 0.077 0.077 0.077 0.077 0.077 0.077 0.077 0.077 0.077
-9999 -9999 -9999 -9999 -9999 -9999 -9999 -9999 -9999 -9999 -9999 -9999 -9999 -9999 -9999 -9999 -9999 -9999 -9999 0.154 0.165 0.198 0.187 0.165 0.187 0.187 0.187 0.187 0.209 0.209 0.209 0.209 0.198 0.187 0.209 0.209 0.209 0.209 0.198 0.187 0.187 0.209 0.209 0.187 0.165 0.143 0.11 0.099 0.099 0.099 0.099 0.099 0.099 0.121 0.121 0.121 0.121 0.187 0.187 0.099 0.099 0.099 0.077 0.088 0.099 0.099 0.077 0.077 0.099 0.088 0.077 0.077 0.077 0.088 0.11 0.11 0.121
-9999 -9999 -9999 -9999 -9999 -9999 -9999 -9999 -9999 -9999 -9999 -9999 -9999 -9999 -9999 -9999 -9999 -9999 -9999 0.154 0.187 0.198 0.187 0.165 0.187 0.187 0.187 0.187 0.209 0.209 0.209 0.187 0.187 0.209 0.187 0.209 0.209 0.209 0.187 0.187 0.187 0.187 0.198 0.187 0.198 0.172333333333333 0.143 0.11 0.099 0.099 0.099 0.099 0.121 0.121 0.121 0.121 0.1265 0.143 0.161333333333333 0.113666666666667 0.099 0.099 0.077 0.077 0.099 0.077 0.077 0.077 0.099 0.099 0.099 0.121 0.121 0.121 0.121 0.121 0.121
-9999 -9999 -9999 -9999 -9999 -9999 -9999 -9999 -9999 -9999 -9999 -9999 -9999 -9999 -9999 -9999 -9999 -9999 -9999 0.154 0.165 0.187 0.187 0.187 0.187 0.187 0.187 0.187 0.209 0.209 0.187 0.187 0.209 0.209 0.198 0.187 0.187 0.187 0.209 0.209 0.209 0.198 0.187 0.187 0.187 0.198 0.1815 0.143 0.099 0.121 0.121 0.099 0.121 0.121 0.121 0.121 0.143 0.143 0.143 0.1485 0.121 0.11 0.11 0.11 0.121 0.143 0.143 0.143 0.132 0.1375 0.132 0.132 0.132 0.143 0.121 0.132 0.1265
-9999 -9999 -9999 -9999 -9999 -9999 -9999 -9999 -9999 -9999 -9999 -9999 -9999 -9999 -9999 -9999 -9999 -9999 -9999 0.143 0.187 0.176 0.187 0.187 0.187 0.187 0.187 0.187 0.209 0.187 0.187 0.209 0.209 0.209 0.2035 0.187 0.209 0.209 0.209 0.209 0.209 0.209 0.187 0.187 0.187 0.187 0.209 0.187 0.121 0.132 0.121 0.121 0.11 0.121 0.132 0.132 0.143 0.154 0.154 0.165 0.1375 0.132 0.143 0.143 0.143 0.143 0.143 0.143 0.143 0.143 0.143 0.143 0.165 0.143 0.143 0.143 0.143
-9999 -9999 -9999 -9999 -9999 -9999 -9999 -9999 -9999 -9999 -9999 -9999 -9999 -9999 -9999 -9999 -9999 -9999 -9999 0.165 0.176 0.1925 0.187 0.187 0.187 0.187 0.187 0.187 0.187 0.187 0.187 0.209 0.209 0.209 0.209 0.209 0.209 0.209 0.209 0.209 0.209 0.209 0.209 0.187 0.187 0.209 0.209 0.198 0.132 0.143 0.121 0.143 0.143 0.143 0.143 0.154 0.154 0.165 0.165 0.143 0.1265 0.143 0.143 0.143 0.143 0.143 0.143 0.143 0.143 0.143 0.143 0.154 0.143 0.143 0.154 0.165 0.165
-9999 -9999 -9999 -9999 -9999 -9999 -9999 -9999 -9999 -9999 -9999 -9999 -9999 -9999 -9999 -9999 -9999 -9999 0.154 0.165 0.176 0.198 0.187 0.187 0.187 0.187 0.187 0.187 0.187 0.187 0.187 0.209 0.209 0.209 0.209 0.209 0.209 0.209 0.209 0.209 0.209 0.209 0.209 0.187 0.209 0.22 0.22 0.231 0.209 0.121 0.187 0.165 0.165 0.143 0.143 0.121 0.143 0.143 0.121 0.121 0.132 0.143 0.143 0.143 0.143 0.143 0.143 0.143 0.165 0.143 0.143 0.154 0.143 0.154 0.165 0.165 -9999
-9999 -9999 -9999 -9999 -9999 -9999 -9999 -9999 -9999 -9999 -9999 -9999 -9999 -9999 -9999 -9999 -9999 -9999 0.176 0.165 0.165 0.198 0.187 0.187 0.187 0.187 0.187 0.187 0.187 0.187 -9999 -9999 0.209 0.209 0.209 0.209 0.209 0.209 0.209 0.209 0.209 0.209 0.22 0.231 0.22 0.231 0.231 0.231 0.231 0.209 0.187 0.154 0.154 0.165 0.154 0.121 0.121 0.121 0.121 0.121 -9999 0.143 0.143 0.143 0.143 0.143 0.143 0.121 0.143 0.143 0.143 0.143 0.154 0.165 -9999 -9999 -9999
-9999 -9999 -9999 -9999 -9999 -9999 -9999 -9999 -9999 -9999 -9999 -9999 -9999 -9999 -9999 -9999 -9999 -9999 0.143 0.165 0.209 0.187 0.187 0.187 0.187 0.187 0.187 0.187 0.187 -9999 -9999 0.209 0.209 0.209 0.209 0.209 0.209 0.209 0.209 0.209 0.209 0.231 0.231 0.231 0.231 0.231 0.231 0.231 0.242 0.231 0.209 0.187 0.154 0.143 0.121 0.121 -9999 0.121 -9999 -9999 -9999 0.143 0.143 0.143 0.143 0.143 0.121 0.143 0.143 0.187 0.165 0.165 0.165 0.165 -9999 -9999 -9999
-9999 -9999 -9999 -9999 -9999 -9999 -9999 -9999 -9999 -9999 -9999 -9999 -9999 -9999 -9999 -9999 -9999 0.154 0.187 0.187 0.187 0.165 0.165 0.1705 0.187 0.187 0.187 0.187 -9999 -9999 -9999 0.209 0.209 0.209 0.209 0.209 0.209 0.209 0.209 0.209 0.231 0.231 0.231 -9999 0.231 0.231 0.231 0.231 0.242 0.253 0.209 0.198 0.187 0.187 0.121 -9999 -9999 -9999 -9999 -9999 -9999 0.143 0.143 0.143 0.143 -9999 -9999 -9999 -9999 -9999 -9999 -9999 -9999 -9999 -9999 -9999 -9999
