data/derived/r_tau_scmc.asc
NCOLS 186 
NROWS 74 
XLLCORNER 443300.206538099 
YLLCORNER 4085841.77455235 
CELLSIZE 500 
NODATA_value -9999 
[rows 32 to 63 of 74, columns 0 to 72 of 186]
-9999 -9999 -9999 -9999 -9999 -9999 -9999 -9999 -9999 -9999 -9999 -0.352 -0.297 -0.264 -0.385 -0.385 -0.286 -0.231 -0.209 -9999 -0.3025 -0.264 -0.143 -0.176 -0.198 -0.11 0.066 -0.154 -0.121 0.033 0.033 -0.055 -0.088 -0.077 -0.22 -0.033 -0.066 -0.077 -0.077 -0.275 -0.374 -0.385 -0.451 -0.451 -0.484 -0.341 -0.5 -0.505 -0.571 -0.363 -0.495 -0.264 -0.099 -0.33 -0.154 -0.22 -0.275 -0.385 -0.352 -0.1265 -0.44 -0.11 -0.176 -0.264 -0.451 -0.429 -0.473 -0.473 -0.495 -0.297 -0.275 -0.473 -0.374
-9999 -9999 -9999 -9999 -9999 -9999 -9999 -9999 -9999 -9999 -9999 -0.385 -0.319 -0.231 -0.264 -0.319 -0.308 -0.187 -0.154 -9999 -0.099 -0.253 0.022 0.11 -0.044 0.132 -0.044 -0.209 -0.121 -0.077 -0.099 -0.132 -0.264 -0.198 -0.154 -0.264 -0.143 -0.11 -0.099 -0.143 -0.22 -0.407 -0.418 -0.341 -0.429 -0.374 -0.418 -0.429 -0.571 -0.374 -0.429 -0.44 -0.187 -0.11 -0.264 -0.22 -0.363 -0.341 -0.407 -0.3355 -0.484 -0.176 -0.132 -0.363 -0.495 -0.484 -0.473 -0.495 -0.374 -0.484 -0.396 -0.242 -0.22
-9999 -9999 -9999 -9999 -9999 -9999 -9999 -9999 -9999 -9999 -9999 -9999 -9999 -9999 -0.286 -0.473 -0.319 -0.286 -0.231 -9999 -9999 -0.1265 0.132 0.011 -0.011 0.0385 -0.0165 -0.121 -0.1485 -0.1155 -0.088 0.0055 -0.231 -0.297 -0.2365 0 -0.22 -0.209 -0.088 -0.154 -0.264 -0.418 -0.418 -0.352 -0.44 -0.363 -0.418 -0.5765 -0.505 -0.341 -0.286 -0.363 -0.176 -0.099 0.033 -0.011 -0.132 -0.33 -0.308 -0.242 -0.385 -0.44 -0.231 -0.319 -0.374 -0.341 -0.418 -0.33 -0.44 -0.407 -0.22 -0.374 -0.154
-9999 -9999 -9999 -9999 -9999 -9999 -9999 -9999 -9999 -9999 -9999 -9999 -9999 -9999 -0.22 -0.143 -0.154 -0.154 -0.033 -9999 -9999 -9999 -0.2255 -0.154 -0.033 -0.033 -0.077 -0.099 0.033 0.22 0.055 -0.055 -0.0605 -0.242 -0.0403333333333333 -0.099 -0.275 -0.319 -0.3135 -0.286 -0.3355 -0.4505 -0.511 -0.3355 -0.396 -0.396 -0.4015 -0.385 -0.337333333333333 -0.385 -0.33 -0.385 -0.209 -0.308 -0.209 -0.044 -0.11 -0.077 -0.275 -0.352 -0.3245 -0.275 -0.231 -0.418 -0.44 -0.363 -0.385 -0.308 -0.121 -0.264 -0.011 -0.121 -0.11
-9999 -9999 -9999 -9999 -9999 -9999 -9999 -9999 -9999 -9999 -9999 -9999 -9999 -9999 -0.22 -0.011 -0.154 -0.154 -0.154 -0.121 -9999 -0.055 -0.066 0.011 0.011 -0.187 0.187 -0.33 -0.088 -0.011 -0.176 0.077 -0.33 -0.143 -0.352 -0.3135 -0.319 -0.363 -0.341 -0.505 -0.571 -0.593 -0.484 -0.571 -0.418 -0.407 -0.297 -0.33 -0.2805 -0.2365 -0.297 -0.275 -0.352 -0.308 -0.3795 0 0.0495 -0.022 -0.2255 -0.374 -0.3025 -0.396 -0.264 -0.341 -0.4015 -0.4015 -0.275 -0.297 -0.176 -0.11 -0.132 -0.033 -0.1925
-9999 -9999 -9999 -9999 -9999 -9999 -9999 -9999 -9999 -9999 -9999 -9999 -9999 -9999 -9999 0.011 -0.099 -0.165 -0.143 -0.055 -0.066 -0.143 0.099 -0.077 -0.132 -0.099 -0.022 -0.121 -0.044 -0.044 -0.099 -0.253 -0.429 -0.319 -0.352 -0.44 -0.3795 -0.516 -0.615 -0.407 -0.484 -0.538 -0.505 -0.297 -0.527 -0.33 -0.396 -0.33 -0.275 -0.4125 -0.462 -0.22 -0.165 -0.385 -0.275 -0.209 -0.209 -0.33 -0.286 -0.297 -0.44 -0.505 -0.3795 -0.549 -0.396 -0.33 -0.286 -0.363 -0.396 -0.066 -0.209 -0.264 -0.264
-9999 -9999 -9999 -9999 -9999 -9999 -9999 -9999 -9999 -9999 -9999 -9999 -9999 -9999 -9999 0.077 -0.077 -0.132 -0.099 -0.055 -0.11 -0.033 -0.055 -0.1815 -0.132 -0.187 -0.176 -0.088 -0.253 -0.242 -0.33 -0.22 -0.352 -0.473 -0.582 -0.418 -0.44 -0.286 -0.484 -0.385 -0.385 -0.396 -0.308 -0.242 -0.407 -0.418 -0.341 -0.33 -0.396 -0.5055 -0.319 -0.319 0.033 -0.187 -0.352 -0.231 -0.396 -0.352 -0.176 -0.176 -0.429 -0.352 -0.4125 -0.593 -0.462 -0.209 -0.297 -0.44 -0.374 -0.253 -0.242 -0.308 -0.264
-9999 -9999 -9999 -9999 -9999 -9999 -9999 -9999 -9999 -9999 -9999 -9999 -9999 -9999 -9999 -0.154 -0.132 -0.165 -0.275 -0.231 -0.154 0.011 -0.165 -0.209 -0.011 -0.044 0.066 -0.242 -0.22 -0.527 -0.505 -0.242 -0.341 -0.286 -0.352 -0.495 -0.5 -0.352 -0.44 -0.275 -0.275 -0.385 -0.374 -0.297 -0.33 -0.429 -0.286 -0.264 -0.286 -0.4725 -0.352 -0.286 -0.022 -0.121 -0.176 -0.077 -0.176 -0.154 -0.319 -0.242 -0.22 -0.352 -0.4615 -0.538 -0.264 -0.385 -0.418 -0.396 -0.462 -0.462 -0.429 -0.374 -0.374
-9999 -9999 -0.253 -9999 -9999 -9999 -9999 -9999 -9999 -9999 -9999 -9999 -9999 -9999 -9999 -0.165 -0.165 -0.055 -0.187 -0.385 -0.275 -0.099 0.165 -0.055 -0.121 -0.121 -0.154 -0.154 -0.154 -0.165 -0.121 -0.242 -0.22 -0.286 -0.33 -0.451 -0.363 -0.2585 -0.374 -0.297 -0.33 -0.22 -0.33 -0.44 -0.352 -0.308 -0.33 -0.253 -0.264 -0.198 -0.231 -0.165 -0.253 -0.033 -0.033 -0.044 -0.055 -0.176 -0.242 -0.176 -0.22 -0.363 -0.33 -0.478 -0.516 -0.396 0.022 -0.253 -0.385 -0.242 -0.308 -0.231 -0.33
-9999 -9999 -9999 -9999 -9999 -0.143 -0.154 -9999 -9999 -9999 -9999 -9999 -0.209 -0.165 -0.187 -0.132 -0.033 -0.187 -0.22 -0.176 -0.33 -0.341 -0.099 -0.011 -0.066 0.187 -0.264 -0.132 -0.242 -0.22 -0.242 -0.374 -0.451 -0.44 -0.44 -0.363 -0.374 -0.4125 -0.505 -0.363 -0.374 -0.264 -0.319 -0.462 -0.352 -0.363 -0.308 -0.341 -0.286 -0.066 -0.242 -0.385 -0.297 -0.143 -0.22 -0.242 -0.231 -0.484 -0.33 -0.33 -0.275 -0.341 -0.242 -0.4345 -0.44 -0.363 -0.11 -0.176 -0.231 -0.209 -0.374 -0.297 -0.253
-9999 -9999 -9999 -0.176 -9999 -9999 -9999 -0.187 -9999 -9999 -9999 -0.319 -0.3025 -0.231 -0.099 0.055 0.055 0.198 0.033 -0.066 0.066 -0.011 -0.176 -0.44 -0.33 -0.22 -0.143 -0.22 -0.242 -0.231 -0.385 -0.505 -0.484 -0.429 -0.407 -0.286 -0.286 -0.308 -0.56 -0.495 -0.44 -0.396 -0.473 -0.429 -0.44 -0.297 -0.319 -0.143 -0.198 -0.231 -0.396 -0.319 -0.363 -0.22 -0.297 -0.209 -0.319 -0.231 -0.209 -0.231 -0.088 -0.33 -0.209 -0.429 -0.363 -0.44 -0.363 -0.297 -0.33 -0.484 -0.297 -0.253 -0.352
-9999 -0.154 -0.143 -0.143 -0.099 -0.154 -0.077 0.033 -0.396 -0.407 -0.407 -0.275 -0.3245 -0.198 -0.385 -0.143 0 -0.121 0.209 0.088 0.099 0.088 -0.11 0.022 -0.066 -0.3905 -0.033 -0.132 -0.33 -0.088 -0.187 -0.308 -0.374 -0.363 -0.275 -0.33 -0.308 -0.33 -0.5545 -0.571 -0.484 -0.451 -0.495 -0.385 -0.44 -0.187 -0.22 -0.198 -0.352 -0.33 -0.352 -0.3025 -0.297 -0.176 -0.22 -0.198 -0.484 -0.088 -0.22 -0.264 -0.33 -0.209 -0.33 -0.429 -0.3245 -0.33 -0.22 -0.088 -0.429 -0.527 -0.264 -0.308 -0.297
-0.113666666666667 -0.0605 -0.154 -0.154 -0.165 -0.143 -0.077 -0.264 -0.297 -0.308 -0.484 -0.33 -0.2915 -0.242 -0.286 -0.22 -0.143 0.077 0.176 0.055 0.099 0.143 -0.044 -0.022 0.121 -0.0165 -0.099 -0.209 -0.242 -0.286 -0.264 -0.527 -0.374 -0.484 -0.451 -0.341 -0.242 -0.319 -0.5545 -0.44 -0.418 -0.385 -0.341 -0.308 -0.253 -0.308 -0.242 -0.286 -0.297 -0.319 -0.352 -0.286 -0.363 -0.319 -0.033 -0.176 -0.242 -0.099 -0.088 -0.22 -0.154 -0.176 -0.253 -0.374 -0.308 -0.242 -0.308 -0.462 -0.374 -0.297 -0.231 -0.132 -0.308
-9999 -0.286 -0.22 -0.176 -0.187 -0.0935 -0.2035 -0.11 -0.187 -0.0605 -0.1265 -0.011 0.011 0.05225 0 0.077 0.22 0.242 0.088 0.033 0.044 -0.132 0.044 0.121 0.033 -0.077 -0.0495 -0.11 -0.143 -0.011 -0.242 -0.593 -0.242 -0.484 -0.418 -0.33 -0.374 -0.374 -0.418 -0.3795 -0.451 -0.363 -0.418 -0.286 -0.33 -0.22 -0.242 -0.286 -0.308 -0.242 -0.22 -0.286 -0.33 -0.143 -0.22 -0.231 -0.033 -0.143 -0.044 0.088 0.011 -0.011 -0.044 -0.33 -0.011 -0.176 -0.319 -0.297 -0.352 -0.407 -0.385 -0.198 -0.22
-9999 -9999 -0.198 -0.011 -0.253 -0.297 -0.451 -0.374 -0.209 -0.099 -0.044 -0.077 0.121 0.275 0.113666666666667 0.088 0.11 0.0825 0.022 0.0275 -0.066 -0.1155 -0.121 -0.033 -0.121 0.044 -0.033 -0.22 -0.231 -0.286 -0.363 -0.242 -0.484 -0.56 -0.516 -0.374 -0.484 -0.44 -0.374 -0.396 -0.473 -0.319 -0.231 -0.209 -0.308 -0.374 -0.22 -0.165 -0.22 -0.33 -0.319 -0.319 -0.2805 -0.077 -0.319 -0.154 -0.33 -0.176 -0.088 0.066 0.099 -0.022 -0.396 -0.264 -0.22 -0.176 -0.121 -0.176 -0.242 -0.297 -0.363 -0.308 -0.275
-9999 -9999 -9999 -0.198 -0.165 -0.297 -0.341 -0.396 -0.242 -0.242 -0.242 -0.187 -0.099 -0.066 0.1815 0.011 0.165 0.176 0.165 0.055 0.011 0.033 -0.121 -0.022 0.011 -0.066 -0.022 -0.1265 -0.1705 -0.11 -0.3245 -0.5165 -0.4015 -0.456 -0.3795 -0.385 -0.396 -0.4455 -0.319 -0.3685 -0.29425 -0.231 -0.2365 -0.275 -0.242 -0.286 -0.198 -0.264 -0.154 -0.297 -0.308 -0.231 -0.308 -0.1595 -0.231 -0.132 -0.176 -0.022 -0.088 0.099 0.11 -0.154 -0.11 -0.275 -0.198 -0.154 -0.132 -0.154 -0.11 -0.209 -0.275 -0.286 -0.319
-9999 -9999 -9999 -9999 -9999 -0.198 -0.231 -0.319 -0.352 -0.209 -0.209 -0.22 -0.253 -0.11 0.187 0.055 0.176 0.143 0.077 -0.165 -0.099 -0.088 -0.099 -0.121 -0.033 0.033 -0.099 -0.2585 -0.22 -0.286 -0.341 -0.396 -0.286 -0.33 -0.418 -0.308 -0.242 -0.297 -0.33 -0.374 -0.198 -0.165 -0.209 -0.121 -0.363 -0.3245 -0.363 -0.4125 -0.297 -0.242 -0.2255 -0.2145 -0.286 -0.19525 -0.286 -0.209 -0.1705 -0.033 -0.1485 -0.044 -0.022 -0.0935 -0.132 -0.2585 -0.2255 0.0275 -0.29425 -0.264 -0.055 0.033 -0.363 -0.352 -0.308
-9999 -9999 -9999 -9999 -9999 -9999 -0.231 -0.33 -0.33 -0.253 -9999 -0.187 -0.286 -0.253 -0.121 0.0825 0.231 0.11 0.055 -0.363 -0.242 0.055 -0.055 0.077 -0.044 -0.352 -0.264 -0.198 -0.231 -0.231 -0.352 -0.33 -0.297 -0.352 -0.264 -0.297 -0.286 -0.275 -0.275 -0.44 -0.527 -0.2805 -0.22 -0.363 -0.418 -0.297 -0.33 -0.44 -0.451 -0.407 -0.242 -0.176 -0.242 -0.275 -0.0605 -0.077 -0.198 0 -0.022 -0.066 -0.066 -0.22 -0.242 -0.088 -0.297 -0.209 -0.231 -0.209 -0.1265 -0.2475 -0.264 -0.341 -0.2585
-9999 -9999 -9999 -9999 -9999 -0.121 -9999 -9999 -9999 -9999 -9999 -9999 -9999 -0.132 -0.165 -0.1265 0.143 -0.011 -0.132 -0.209 -0.099 -0.099 -0.209 -0.341 -0.363 -0.374 -0.286 -0.242 -0.286 -0.242 -0.33 -0.33 -0.242 -0.286 -0.374 -0.429 -0.396 -0.385 -0.242 -0.242 -0.407 -0.264 -0.198 -0.341 -0.396 -0.187 -0.374 -0.341 -0.462 -0.396 -0.308 -0.429 -0.22 -0.341 -0.2475 -0.198 -0.286 -0.242 -0.209 -0.143 -0.275 -0.22 -0.088 -0.132 -0.286 -0.429 -0.319 -0.1375 -0.154 -0.11 -0.264 -0.198 -0.33
-9999 -9999 -9999 -9999 -9999 -0.121 -0.176 -9999 -9999 -9999 -9999 -9999 -9999 -9999 -0.297 -0.231 -0.1595 0.044 -0.143 -0.143 -0.143 0.121 -0.077 -0.209 -0.198 -0.286 -0.121 -0.044 -0.11 -0.1155 -0.308 -0.275 -0.22 -0.209 -0.418 -0.473 -0.429 -0.33 -0.242 -0.319 -0.143 -0.165 -0.2035 -0.308 -0.187 -0.308 -0.253 -0.385 -0.319 -0.22 -0.385 -0.253 -0.187 -0.22 -0.308 -0.33 -0.319 -0.22 -0.132 -0.154 -0.363 -0.462 -0.242 -0.132 -0.352 -0.165 -0.286 -0.143 -0.1045 -0.22 -0.22 -0.242 -0.077
-9999 -9999 -9999 -0.055 -0.154 -0.033 -9999 -9999 -9999 -9999 -9999 -9999 -9999 -9999 -0.154 -0.242 -0.3135 -0.132 -0.165 0.121 0.121 0.011 -0.099 -0.132 -0.242 -0.264 0.033 0.022 -0.088 -0.44 -0.286 -0.286 -0.209 -0.264 -0.209 -0.363 -0.286 -0.176 -0.264 -0.22 -0.198 -0.253 -0.2805 -0.253 -0.319 -0.363 -0.429 -0.56 -0.593 -0.209 -0.231 -0.22 -0.319 -0.385 -0.418 -0.2915 -0.154 -0.11 -0.022 -0.088 -0.055 -0.154 0 -0.429 -0.33 -0.099 -0.132 -0.066 -0.099 -0.198 -0.165 -0.308 -0.187
-9999 -9999 -9999 -9999 -0.154 -0.253 -9999 -9999 -9999 -9999 -9999 -9999 -9999 -9999 -9999 -9999 -0.143 -0.1705 0.165 0.165 0.044 -0.187 -0.231 0.022 -0.154 -0.319 -0.143 -0.176 -0.319 -0.341 -0.341 -0.297 -0.352 -0.176 -0.44 -0.462 -0.22 -0.176 -0.176 -0.176 -0.198 -0.286 -0.286 -0.264 -0.242 -0.341 -0.451 -0.527 -0.473 -0.374 -0.341 -0.363 -0.341 -0.297 -0.297 -0.489 -0.165 -0.176 -0.077 -0.154 -0.198 -0.198 -0.187 -0.231 -0.187 -0.044 0.033 0.121 -0.0825 -0.275 -0.264 -0.385 -0.22
-9999 -9999 -9999 -9999 -0.253 -0.154 -9999 -9999 -9999 -9999 -9999 -9999 -9999 -9999 -9999 -9999 -0.242 -0.0275 0.297 -0.132 -0.132 -0.374 -0.209 -0.132 -0.066 -0.154 -0.143 -0.154 -0.154 -0.066 -0.187 -0.275 -0.308 -0.209 -0.275 -0.242 -0.231 -0.264 -0.198 -0.22 -0.242 -0.132 -0.088 -0.187 -0.242 -0.22 -0.22 -0.341 -0.319 -0.396 -0.308 -0.286 -0.516 -0.462 -0.308 -0.363 -0.2475 -0.264 -0.077 -0.088 -0.088 -0.132 -0.154 -0.077 -0.242 0.022 0.077 0.165 0.022 0 -0.33 -0.264 -0.176
-9999 -9999 -9999 -9999 -9999 -0.209 -9999 -9999 -9999 -9999 -9999 -9999 -9999 -9999 -9999 -9999 -0.209 0.044 0.297 0.088 -0.121 -0.253 -0.165 -0.154 -0.143 -0.187 -0.231 -0.319 -0.066 -0.209 -0.1925 -0.286 -0.374 -0.231 -0.341 -0.319 -0.253 -0.088 -0.132 -0.132 -0.088 -0.374 -0.132 -0.165 -0.077 -0.209 -0.363 -0.264 -0.154 -0.297 -0.275 -0.231 -0.308 -0.352 -0.176 -0.407 -0.275 -0.286 -0.176 -0.154 -0.264 -0.352 -0.088 -0.121 -0.099 0.088 0.066 0.253 -0.011 -0.1485 -0.264 -0.088 -0.363
-9999 -9999 -9999 -9999 -9999 -9999 -9999 -9999 -9999 -9999 -9999 -9999 -9999 -9999 -9999 -9999 -0.165 -0.176 0 -0.055 -0.132 -0.088 -0.165 -0.099 -0.11 -0.319 -0.253 -0.132 0.033 -0.187 -0.286 -0.2585 -0.264 -0.209 -0.385 -0.132 -0.198 -0.176 -0.088 -0.088 -0.099 -0.154 -0.22 -0.231 -0.2145 -0.231 -0.154 -0.132 -0.209 -0.154 -0.286 -0.264 -0.231 -0.198 -0.264 -0.473 -0.319 -0.2365 -0.242 -0.264 -0.209 -0.077 -0.242 -0.198 0.011 -0.011 0.044 -0.011 -0.066 -0.308 -0.3025 -0.132 -0.374
-9999 -9999 -9999 -9999 -9999 -9999 -9999 -9999 -9999 -9999 -9999 -9999 -9999 -9999 -9999 -9999 -9999 -0.121 -0.176 -0.022 0.11 0.088 0.099 0.099 0.022 -0.099 -0.22 -0.231 -0.033 -0.11 -0.165 -0.253 -0.187 -0.286 -0.286 -0.352 -0.341 -0.231 -0.154 -0.209 -0.231 -0.143 -0.264 -0.319 -0.2805 -0.275 -0.264 -0.22 -0.253 -0.22 -0.154 -0.066 -0.143 -0.187 -0.462 -0.242 -0.286 -0.1595 -0.099 -0.264 -0.253 -0.264 -0.176 0 -0.121 -0.088 -0.099 -0.077 -0.308 -0.275 -0.3135 -0.209 -0.242
-9999 -9999 -9999 -9999 -9999 -9999 -9999 -9999 -9999 -9999 -9999 -9999 -9999 -9999 -9999 -9999 -9999 -9999 -0.231 -0.231 -0.077 0.011 -0.011 -0.1485 -0.066 -0.363 -0.341 0.088 0.176 -0.132 -0.286 -0.352 -0.33 -0.374 -0.242 -0.176 -0.275 -0.209 -0.253 -0.495 -0.33 -0.374 -0.275 -0.297 -0.352 -0.341 -0.253 -0.264 -0.363 -0.319 -0.275 -0.044 -0.121 -0.22 -0.374 -0.44 -0.319 -0.176 -0.088 -0.132 -0.121 -0.143 -0.198 -0.165 -0.132 -0.165 -0.341 -0.143 -0.242 -0.363 -0.319 -0.363 -0.154
-9999 -9999 -9999 -9999 -9999 -9999 -9999 -9999 -9999 -9999 -9999 -9999 -9999 -9999 -9999 -9999 -9999 -9999 -9999 -0.132 -0.033 0.11 -0.055 0.022 -0.033 -0.176 -0.2475 -0.0275 -0.0055 -0.1265 -0.3135 -0.3685 -0.31075 -0.1705 -0.187 -0.1815 -0.231 -0.3135 -0.374 -0.407 -0.407 -0.451 -0.418 -0.264 -0.363 -0.4125 -0.505 -0.396 -0.308 -0.088 0.055 -0.198 0.022 -0.176 -0.286 -0.275 -0.319 -0.088 -0.1045 -0.352 -0.341 -0.242 -0.132 -0.132 -0.077 -0.407 -0.308 -0.319 -0.319 -0.198 -0.154 -0.319 -0.275
-9999 -9999 -9999 -9999 -9999 -9999 -9999 -9999 -9999 -9999 -9999 -9999 -9999 -9999 -9999 -9999 -9999 -9999 -9999 -0.055 -0.044 -0.055 0.066 -0.055 -0.253 -0.264 -0.385 0.044 -0.099 -0.099 -0.22 -0.253 -0.209 -0.121 -0.143 -0.066 -0.264 -0.231 -0.352 -0.363 -0.484 -0.4725 -0.44 -0.3135 -0.3025 -0.286 -0.264 -0.1485 -0.011 -0.1925 -0.0825 -0.11 -0.0055 0.044 -0.286 -0.2585 -0.1595 -0.22 -0.249333333333333 -0.392333333333333 -0.253 -0.198 -0.198 -0.077 -0.242 -0.242 -0.429 -0.242 -0.264 -0.242 -0.286 -0.3575 -0.484
-9999 -9999 -9999 -9999 -9999 -9999 -9999 -9999 -9999 -9999 -9999 -9999 -9999 -9999 -9999 -9999 -9999 -9999 -9999 -0.297 -0.231 0.011 -0.011 -0.055 -0.231 -0.385 -0.418 -0.198 -0.154 -0.154 -0.33 -0.209 -0.22 -0.198 -0.33 -0.198 -0.33 -0.319 -0.341 -0.352 -0.407 -0.516 -0.495 -0.275 -0.33 -0.286 -0.1595 -0.011 0.055 0.176 -0.022 -0.187 -0.143 0.022 0 -0.044 -0.154 -0.418 -0.374 -0.319 -0.066 -0.286 -0.121 -0.1595 -0.2145 -0.253 -0.297 -0.33 -0.275 -0.242 -0.3355 -0.286 -0.29425
-9999 -9999 -9999 -9999 -9999 -9999 -9999 -9999 -9999 -9999 -9999 -9999 -9999 -9999 -9999 -9999 -9999 -9999 -9999 -0.297 -0.165 -0.077 -0.099 -0.363 -0.374 -0.253 -0.429 -0.231 -0.308 -0.154 -0.341 -0.22 -0.198 -0.242 -0.4015 -0.44 -0.363 -0.571 -0.308 -0.462 -0.538 -0.615 -0.297 -0.253 -0.22 -0.407 -0.231 -0.055 -0.033 -0.022 0.033 -0.11 -0.011 -0.253 0 -0.209 -0.308 -0.22 -0.319 -0.352 -0.297 -0.396 -0.242 -0.187 -0.242 -0.231 -0.341 -0.154 -0.418 -0.407 -0.429 -0.374 -0.187
-9999 -9999 -9999 -9999 -9999 -9999 -9999 -9999 -9999 -9999 -9999 -9999 -9999 -9999 -9999 -9999 -9999 -9999 -9999 -0.297 -0.165 -0.154 -0.143 -0.143 -0.11 -0.253 -0.209 -0.44 -0.473 -0.209 -0.242 -0.319 -0.154 -0.132 -0.1925 -0.352 -0.505 -0.407 -0.33 -0.242 -0.209 -0.121 -0.297 -0.066 -0.11 -0.275 -0.154 -0.055 0.011 -0.022 -0.154 -0.11 -0.264 -0.242 -0.132 -0.352 -0.209 -0.286 -0.099 -0.121 -0.253 -0.264 -0.165 -0.11 -0.099 -0.077 -0.187 -0.264 -0.286 -0.319 -0.286 -0.264 -0.165
